coreA 1 395 1590 7.13294
coreA 2 395 1590 6.09808
coreA 3 378 1587 3.01376
coreA 4 379 1575 5.82832
coreA 5 367 1561 5.27466
coreA 6 370 1523 2.5661
coreA 7 356 1465 5.53758
coreA 8 354 1315 5.07952
coreA 9 343 1144 2.88442
coreA 10 335 947 5.463
coreA 11 320 785 4.61165
coreA 12 313 663 3.19524
coreA 13 313 652 12.5843
coreA 14 302 648 1.311
coreA 15 292 645 5.22393
coreA 16 289 636 4.55361
coreA 17 278 630 3.03358
coreA 18 274 621 2.75421
coreA 19 267 606 4.2284
coreA 20 261 600 5.15998
coreA 21 255 585 4.56361
coreA 22 253 575 5.1343
coreA 23 249 568 4.4361
coreB 1 287 1334 1.91238
coreB 2 680 247 29.2579
coreB 3 683 186 5.28035
coreB 4 644 141 5.20105
coreB 5 612 119 5.18651
coreB 6 564 96 5.12399
coreB 7 565 72 5.15086
coreB 8 534 66 5.08899
coreB 9 529 62 5.05191
coreB 10 479 56 5.15243
coreB 11 478 52 19.0064
coreB 12 432 49 5.12069
coreB 13 413 46 3.38999
coreB 14 408 44 5.05681
coreB 15 446 42 5.07934
coreB 16 426 39 7.06538
coreB 17 409 36 5.03121
coreB 18 334 35 5.07614
coreB 19 366 32 3.2381
coreB 20 371 29 4.9782
coreB 21 304 27 5.02236
coreB 22 311 27 3.40478
coreB 23 306 24 3.09534
total 32.3369
