coreA 1 17 18 0.0219009
coreA 2 15 15 0.0548952
coreA 3 15 15 0.047673
coreA 4 14 15 0.053962
coreA 5 13 15 0.051878
coreA 6 13 14 0.052964
coreA 7 11 13 0.0452771
coreA 8 11 12 0.0514231
coreB 1 56 116 0.087111
coreB 2 93 37 0.0591609
coreB 3 61 19 0.0528271
coreB 4 40 16 0.0514531
coreB 5 30 12 0.04708
coreB 6 24 11 0.0476429
coreB 7 17 11 0.0455258
coreB 8 16 10 0.0443721
total 0.168017
coreA 1 17 18 0.02247
coreA 2 15 15 0.110295
coreA 3 15 15 0.0566969
coreA 4 14 15 0.0573959
coreA 5 13 15 0.0571439
coreA 6 13 14 0.0556569
coreA 7 11 13 0.105766
coreA 8 11 12 0.0567689
coreB 1 56 116 0.0370641
coreB 2 93 37 0.059787
coreB 3 61 19 0.052458
coreB 4 40 16 0.0485961
coreB 5 30 12 0.0454168
coreB 6 24 11 0.043987
coreB 7 17 11 0.0405779
coreB 8 16 10 0.041229
total 0.15123
coreA 1 17 18 0.0226388
coreA 2 15 15 0.108012
coreA 3 15 15 0.0568521
coreA 4 14 15 0.0581832
coreA 5 13 15 0.0570278
coreA 6 13 14 0.0564752
coreA 7 11 13 0.0564198
coreA 8 11 12 0.0566142
coreB 1 56 116 0.0373549
coreB 2 93 37 0.062036
coreB 3 61 19 0.048986
coreB 4 40 16 0.0663519
coreB 5 30 12 0.0352111
coreB 6 24 11 0.032213
coreB 7 17 11 0.0333419
coreB 8 16 10 0.049046
total 0.164378
coreA 1 17 18 0.022368
coreA 2 15 15 0.058037
coreA 3 15 15 0.0565209
coreA 4 14 15 0.0574241
coreA 5 13 15 0.0572429
coreA 6 13 14 0.0557671
coreA 7 11 13 0.0564852
coreA 8 11 12 0.05707
coreB 1 56 116 0.037122
coreB 2 93 37 0.0601249
coreB 3 61 19 0.051842
coreB 4 40 16 0.0496151
coreB 5 30 12 0.0467389
coreB 6 24 11 0.0408318
coreB 7 17 11 0.04111
coreB 8 16 10 0.040895
total 0.149836
coreA 1 17 18 0.0220349
coreA 2 15 15 0.103002
coreA 3 15 15 0.093611
coreA 4 14 15 0.101098
coreA 5 13 15 0.0562029
coreA 6 13 14 0.0555642
coreA 7 11 13 0.109133
coreA 8 11 12 0.10534
coreB 1 56 116 0.0372131
coreB 2 93 37 0.0577171
coreB 3 61 19 0.0520351
coreB 4 40 16 0.048588
coreB 5 30 12 0.0456312
coreB 6 24 11 0.0455551
coreB 7 17 11 0.0447352
coreB 8 16 10 0.037092
total 0.150275
coreA 1 17 18 0.02211
coreA 2 15 15 0.064882
coreA 3 15 15 0.103327
coreA 4 14 15 0.056479
coreA 5 13 15 0.0562379
coreA 6 13 14 0.0558059
coreA 7 11 13 0.0932851
coreA 8 11 12 0.117559
coreB 1 56 116 0.0414541
coreB 2 93 37 0.065552
coreB 3 61 19 0.0606539
coreB 4 40 16 0.0456982
coreB 5 30 12 0.0430281
coreB 6 24 11 0.044425
coreB 7 17 11 0.036386
coreB 8 16 10 0.0366669
total 0.158712
coreA 1 17 18 0.0223658
coreA 2 15 15 0.0882342
coreA 3 15 15 0.0580008
coreA 4 14 15 0.0567729
coreA 5 13 15 0.129029
coreA 6 13 14 0.0559392
coreA 7 11 13 0.12349
coreA 8 11 12 0.056639
coreB 1 56 116 0.039078
coreB 2 93 37 0.0656092
coreB 3 61 19 0.071523
coreB 4 40 16 0.0667269
coreB 5 30 12 0.0631521
coreB 6 24 11 0.0288429
coreB 7 17 11 0.0262759
coreB 8 16 10 0.0580511
total 0.171757
coreA 1 17 18 0.0228109
coreA 2 15 15 0.053359
coreA 3 15 15 0.0554581
coreA 4 14 15 0.0572681
coreA 5 13 15 0.054106
coreA 6 13 14 0.0556509
coreA 7 11 13 0.053709
coreA 8 11 12 0.049979
coreB 1 56 116 0.091387
coreB 2 93 37 0.0601449
coreB 3 61 19 0.0569251
coreB 4 40 16 0.052603
coreB 5 30 12 0.0515501
coreB 6 24 11 0.044646
coreB 7 17 11 0.0467532
coreB 8 16 10 0.0474231
total 0.172952
coreA 1 17 18 0.0227609
coreA 2 15 15 0.114262
coreA 3 15 15 0.0600159
coreA 4 14 15 0.0568559
coreA 5 13 15 0.056649
coreA 6 13 14 0.0562799
coreA 7 11 13 0.116098
coreA 8 11 12 0.0567291
coreB 1 56 116 0.038413
coreB 2 93 37 0.0606749
coreB 3 61 19 0.0408411
coreB 4 40 16 0.032428
coreB 5 30 12 0.029047
coreB 6 24 11 0.0591631
coreB 7 17 11 0.051944
coreB 8 16 10 0.0559151
total 0.158972
coreA 1 17 18 0.0235269
coreA 2 15 15 0.0594141
coreA 3 15 15 0.104465
coreA 4 14 15 0.0953948
coreA 5 13 15 0.114444
coreA 6 13 14 0.0560009
coreA 7 11 13 0.0568049
coreA 8 11 12 0.0569699
coreB 1 56 116 0.0384021
coreB 2 93 37 0.0607381
coreB 3 61 19 0.0446389
coreB 4 40 16 0.0380268
coreB 5 30 12 0.033473
coreB 6 24 11 0.0327539
coreB 7 17 11 0.0566368
coreB 8 16 10 0.0572739
total 0.158067
