coreA 1 17 18 0.018436
coreA 2 15 15 0.0736959
coreA 3 15 15 0.046015
coreA 4 14 15 0.0758021
coreA 5 13 15 0.0741401
coreA 6 13 14 0.0692301
coreA 7 11 13 0.033751
coreA 8 11 12 0.043283
coreB 1 56 116 0.0490019
coreB 2 93 37 0.0436211
coreB 3 61 19 0.0359879
coreB 4 40 16 0.0324819
coreB 5 30 12 0.0280461
coreB 6 24 11 0.0416749
coreB 7 17 11 0.025378
coreB 8 16 10 0.0250239
total 0.112147
coreA 1 17 18 0.016505
coreA 2 15 15 0.065274
coreA 3 15 15 0.065681
coreA 4 14 15 0.046849
coreA 5 13 15 0.0636468
coreA 6 13 14 0.0624652
coreA 7 11 13 0.067342
coreA 8 11 12 0.0382888
coreB 1 56 116 0.0399261
coreB 2 93 37 0.044693
coreB 3 61 19 0.0396841
coreB 4 40 16 0.0342591
coreB 5 30 12 0.028877
coreB 6 24 11 0.0292931
coreB 7 17 11 0.0266869
coreB 8 16 10 0.0324371
total 0.099663
coreA 1 17 18 0.0170109
coreA 2 15 15 0.042635
coreA 3 15 15 0.0357771
coreA 4 14 15 0.038084
coreA 5 13 15 0.0638239
coreA 6 13 14 0.0339301
coreA 7 11 13 0.0662692
coreA 8 11 12 0.0646191
coreB 1 56 116 0.0459251
coreB 2 93 37 0.0478311
coreB 3 61 19 0.03754
coreB 4 40 16 0.0325258
coreB 5 30 12 0.0328939
coreB 6 24 11 0.0351598
coreB 7 17 11 0.02529
coreB 8 16 10 0.02721
total 0.109011
coreA 1 17 18 0.01949
coreA 2 15 15 0.0470531
coreA 3 15 15 0.0705469
coreA 4 14 15 0.053931
coreA 5 13 15 0.06394
coreA 6 13 14 0.0448382
coreA 7 11 13 0.0421488
coreA 8 11 12 0.046525
coreB 1 56 116 0.040941
coreB 2 93 37 0.0542381
coreB 3 61 19 0.0432429
coreB 4 40 16 0.0396359
coreB 5 30 12 0.034328
coreB 6 24 11 0.036947
coreB 7 17 11 0.0314951
coreB 8 16 10 0.0304
total 0.110526
coreA 1 17 18 0.0191219
coreA 2 15 15 0.0332439
coreA 3 15 15 0.0352051
coreA 4 14 15 0.033283
coreA 5 13 15 0.032953
coreA 6 13 14 0.032203
coreA 7 11 13 0.030967
coreA 8 11 12 0.0317841
coreB 1 56 116 0.0613141
coreB 2 93 37 0.0406442
coreB 3 61 19 0.037648
coreB 4 40 16 0.031863
coreB 5 30 12 0.0291469
coreB 6 24 11 0.027272
coreB 7 17 11 0.0295238
coreB 8 16 10 0.027781
total 0.119504
coreA 1 17 18 0.0172129
coreA 2 15 15 0.0745871
coreA 3 15 15 0.048919
coreA 4 14 15 0.0471859
coreA 5 13 15 0.059037
coreA 6 13 14 0.0641701
coreA 7 11 13 0.042732
coreA 8 11 12 0.0678909
coreB 1 56 116 0.0413299
coreB 2 93 37 0.0471919
coreB 3 61 19 0.0417972
coreB 4 40 16 0.0363741
coreB 5 30 12 0.032269
coreB 6 24 11 0.030015
coreB 7 17 11 0.0288131
coreB 8 16 10 0.02987
total 0.10767
coreA 1 17 18 0.0172999
coreA 2 15 15 0.0409901
coreA 3 15 15 0.065716
coreA 4 14 15 0.0643332
coreA 5 13 15 0.0643849
coreA 6 13 14 0.0643601
coreA 7 11 13 0.063972
coreA 8 11 12 0.034586
coreB 1 56 116 0.0420651
coreB 2 93 37 0.047519
coreB 3 61 19 0.0405989
coreB 4 40 16 0.0346589
coreB 5 30 12 0.0313718
coreB 6 24 11 0.0308578
coreB 7 17 11 0.029763
coreB 8 16 10 0.0313079
total 0.105415
coreA 1 17 18 0.0173252
coreA 2 15 15 0.0688879
coreA 3 15 15 0.0752268
coreA 4 14 15 0.040339
coreA 5 13 15 0.0410919
coreA 6 13 14 0.062135
coreA 7 11 13 0.057251
coreA 8 11 12 0.0409098
coreB 1 56 116 0.0426512
coreB 2 93 37 0.0590861
coreB 3 61 19 0.034987
coreB 4 40 16 0.045553
coreB 5 30 12 0.031709
coreB 6 24 11 0.026459
coreB 7 17 11 0.0268328
coreB 8 16 10 0.0217631
total 0.116991
coreA 1 17 18 0.017436
coreA 2 15 15 0.0442362
coreA 3 15 15 0.0701959
coreA 4 14 15 0.0470099
coreA 5 13 15 0.0609829
coreA 6 13 14 0.0685959
coreA 7 11 13 0.0421429
coreA 8 11 12 0.0651948
coreB 1 56 116 0.043679
coreB 2 93 37 0.042625
coreB 3 61 19 0.039556
coreB 4 40 16 0.035089
coreB 5 30 12 0.0303159
coreB 6 24 11 0.026722
coreB 7 17 11 0.0281608
coreB 8 16 10 0.0298581
total 0.103619
coreA 1 17 18 0.0180552
coreA 2 15 15 0.0574951
coreA 3 15 15 0.076375
coreA 4 14 15 0.0882139
coreA 5 13 15 0.0916119
coreA 6 13 14 0.0766659
coreA 7 11 13 0.073941
coreA 8 11 12 0.0421309
coreB 1 56 116 0.0424628
coreB 2 93 37 0.0624058
coreB 3 61 19 0.05162
coreB 4 40 16 0.0374482
coreB 5 30 12 0.035886
coreB 6 24 11 0.037689
coreB 7 17 11 0.0595698
coreB 8 16 10 0.0568109
total 0.125238
