coreA 1 17 18 0.049844
coreA 2 15 15 0.0487761
coreA 3 15 15 0.047663
coreA 4 14 15 0.046519
coreA 5 13 15 0.046664
coreA 6 13 14 0.0468071
coreA 7 11 13 0.0464251
coreA 8 11 12 0.0457752
coreB 1 56 116 0.0502131
coreB 2 93 37 0.051909
coreB 3 61 19 0.049855
coreB 4 40 16 0.0480912
coreB 5 30 12 0.0464411
coreB 6 24 11 0.046335
coreB 7 17 11 0.045506
coreB 8 16 10 0.0456429
total 0.821946
coreA 1 17 18 0.0471961
coreA 2 15 15 0.047493
coreA 3 15 15 0.064122
coreA 4 14 15 0.0473251
coreA 5 13 15 0.0473101
coreA 6 13 14 0.046999
coreA 7 11 13 0.0462749
coreA 8 11 12 0.046025
coreB 1 56 116 0.0504429
coreB 2 93 37 0.0517781
coreB 3 61 19 0.0498738
coreB 4 40 16 0.0481999
coreB 5 30 12 0.0463262
coreB 6 24 11 0.0466111
coreB 7 17 11 0.0470111
coreB 8 16 10 0.0467072
total 0.837059
coreA 1 17 18 0.048779
coreA 2 15 15 0.048805
coreA 3 15 15 0.0488701
coreA 4 14 15 0.0470202
coreA 5 13 15 0.0468111
coreA 6 13 14 0.0469749
coreA 7 11 13 0.046838
coreA 8 11 12 0.0468872
coreB 1 56 116 0.0544209
coreB 2 93 37 0.0519538
coreB 3 61 19 0.050122
coreB 4 40 16 0.0484591
coreB 5 30 12 0.046802
coreB 6 24 11 0.046349
coreB 7 17 11 0.0457048
coreB 8 16 10 0.046068
total 0.829244
coreA 1 17 18 0.0480819
coreA 2 15 15 0.047606
coreA 3 15 15 0.0478251
coreA 4 14 15 0.047025
coreA 5 13 15 0.0467649
coreA 6 13 14 0.0467
coreA 7 11 13 0.0462751
coreA 8 11 12 0.0460091
coreB 1 56 116 0.0502491
coreB 2 93 37 0.051991
coreB 3 61 19 0.050281
coreB 4 40 16 0.0502279
coreB 5 30 12 0.0467038
coreB 6 24 11 0.0463998
coreB 7 17 11 0.046155
coreB 8 16 10 0.045671
total 0.821519
coreA 1 17 18 0.0475688
coreA 2 15 15 0.0479128
coreA 3 15 15 0.0476849
coreA 4 14 15 0.046561
coreA 5 13 15 0.0466821
coreA 6 13 14 0.0466139
coreA 7 11 13 0.0463479
coreA 8 11 12 0.046026
coreB 1 56 116 0.050668
coreB 2 93 37 0.0521879
coreB 3 61 19 0.050463
coreB 4 40 16 0.049058
coreB 5 30 12 0.0466132
coreB 6 24 11 0.0463481
coreB 7 17 11 0.0459619
coreB 8 16 10 0.0462849
total 0.820754
coreA 1 17 18 0.0476491
coreA 2 15 15 0.0484521
coreA 3 15 15 0.047703
coreA 4 14 15 0.0465331
coreA 5 13 15 0.046423
coreA 6 13 14 0.046757
coreA 7 11 13 0.0464671
coreA 8 11 12 0.046422
coreB 1 56 116 0.0516789
coreB 2 93 37 0.0536411
coreB 3 61 19 0.0507472
coreB 4 40 16 0.048414
coreB 5 30 12 0.0464389
coreB 6 24 11 0.0460742
coreB 7 17 11 0.045752
coreB 8 16 10 0.0457652
total 0.822414
coreA 1 17 18 0.048424
coreA 2 15 15 0.048161
coreA 3 15 15 0.0539408
coreA 4 14 15 0.046628
coreA 5 13 15 0.0464401
coreA 6 13 14 0.0471821
coreA 7 11 13 0.0468259
coreA 8 11 12 0.0463901
coreB 1 56 116 0.0504241
coreB 2 93 37 0.0523629
coreB 3 61 19 0.050869
coreB 4 40 16 0.048574
coreB 5 30 12 0.0464978
coreB 6 24 11 0.046834
coreB 7 17 11 0.0461121
coreB 8 16 10 0.0459971
total 0.829359
coreA 1 17 18 0.0475481
coreA 2 15 15 0.047884
coreA 3 15 15 0.0475869
coreA 4 14 15 0.0468171
coreA 5 13 15 0.0468812
coreA 6 13 14 0.0471039
coreA 7 11 13 0.0508349
coreA 8 11 12 0.0462689
coreB 1 56 116 0.0515749
coreB 2 93 37 0.052695
coreB 3 61 19 0.0505819
coreB 4 40 16 0.0487211
coreB 5 30 12 0.0464962
coreB 6 24 11 0.046149
coreB 7 17 11 0.0462289
coreB 8 16 10 0.0458071
total 0.826835
coreA 1 17 18 0.047394
coreA 2 15 15 0.0476329
coreA 3 15 15 0.047477
coreA 4 14 15 0.046828
coreA 5 13 15 0.0469291
coreA 6 13 14 0.0467811
coreA 7 11 13 0.0462539
coreA 8 11 12 0.0460649
coreB 1 56 116 0.050549
coreB 2 93 37 0.0558271
coreB 3 61 19 0.050343
coreB 4 40 16 0.0484061
coreB 5 30 12 0.0470371
coreB 6 24 11 0.046463
coreB 7 17 11 0.045552
coreB 8 16 10 0.045656
total 0.822731
coreA 1 17 18 0.0489612
coreA 2 15 15 0.0483761
coreA 3 15 15 0.0477581
coreA 4 14 15 0.0467391
coreA 5 13 15 0.046495
coreA 6 13 14 0.0468018
coreA 7 11 13 0.046334
coreA 8 11 12 0.0459599
coreB 1 56 116 0.050226
coreB 2 93 37 0.0523241
coreB 3 61 19 0.050766
coreB 4 40 16 0.048264
coreB 5 30 12 0.04708
coreB 6 24 11 0.04656
coreB 7 17 11 0.0456202
coreB 8 16 10 0.045517
total 0.821426
