coreA 1 17 18 0.057924
coreA 2 15 15 0.056824
coreA 3 15 15 0.0556328
coreA 4 14 15 0.0556591
coreA 5 13 15 0.0556099
coreA 6 13 14 0.0554349
coreA 7 11 13 0.056211
coreA 8 11 12 0.0503931
coreB 1 56 116 0.0546401
coreB 2 93 37 0.0558028
coreB 3 61 19 0.054224
coreB 4 40 16 0.0529182
coreB 5 30 12 0.053791
coreB 6 24 11 0.0549791
coreB 7 17 11 0.0530798
coreB 8 16 10 0.052649
total 0.483099
coreA 1 17 18 0.0622818
coreA 2 15 15 0.059747
coreA 3 15 15 0.0575228
coreA 4 14 15 0.0570731
coreA 5 13 15 0.056577
coreA 6 13 14 0.055898
coreA 7 11 13 0.0565391
coreA 8 11 12 0.0490561
coreB 1 56 116 0.057476
coreB 2 93 37 0.0590599
coreB 3 61 19 0.0558548
coreB 4 40 16 0.053375
coreB 5 30 12 0.0541141
coreB 6 24 11 0.0532451
coreB 7 17 11 0.053071
coreB 8 16 10 0.052726
total 0.496566
coreA 1 17 18 0.0613461
coreA 2 15 15 0.059411
coreA 3 15 15 0.057297
coreA 4 14 15 0.056462
coreA 5 13 15 0.05604
coreA 6 13 14 0.0554681
coreA 7 11 13 0.0562301
coreA 8 11 12 0.049998
coreB 1 56 116 0.0578401
coreB 2 93 37 0.059206
coreB 3 61 19 0.056016
coreB 4 40 16 0.054029
coreB 5 30 12 0.053983
coreB 6 24 11 0.0530748
coreB 7 17 11 0.053026
coreB 8 16 10 0.0528231
total 0.494702
coreA 1 17 18 0.060499
coreA 2 15 15 0.059258
coreA 3 15 15 0.0572021
coreA 4 14 15 0.0563731
coreA 5 13 15 0.0559471
coreA 6 13 14 0.0554042
coreA 7 11 13 0.0565269
coreA 8 11 12 0.0504191
coreB 1 56 116 0.0563791
coreB 2 93 37 0.059648
coreB 3 61 19 0.056509
coreB 4 40 16 0.0532382
coreB 5 30 12 0.053937
coreB 6 24 11 0.053128
coreB 7 17 11 0.0529151
coreB 8 16 10 0.0528409
total 0.491493
coreA 1 17 18 0.061651
coreA 2 15 15 0.059648
coreA 3 15 15 0.057651
coreA 4 14 15 0.056849
coreA 5 13 15 0.057241
coreA 6 13 14 0.0561719
coreA 7 11 13 0.056694
coreA 8 11 12 0.047682
coreB 1 56 116 0.0571039
coreB 2 93 37 0.059237
coreB 3 61 19 0.0557311
coreB 4 40 16 0.053292
coreB 5 30 12 0.054064
coreB 6 24 11 0.0531869
coreB 7 17 11 0.0529139
coreB 8 16 10 0.0527959
total 0.493853
coreA 1 17 18 0.061435
coreA 2 15 15 0.0593731
coreA 3 15 15 0.0575101
coreA 4 14 15 0.0564711
coreA 5 13 15 0.056138
coreA 6 13 14 0.0557189
coreA 7 11 13 0.0563321
coreA 8 11 12 0.0490432
coreB 1 56 116 0.05707
coreB 2 93 37 0.0593569
coreB 3 61 19 0.055728
coreB 4 40 16 0.0533049
coreB 5 30 12 0.0539589
coreB 6 24 11 0.0531781
coreB 7 17 11 0.0528209
coreB 8 16 10 0.0526428
total 0.491714
coreA 1 17 18 0.0625188
coreA 2 15 15 0.059448
coreA 3 15 15 0.057421
coreA 4 14 15 0.056623
coreA 5 13 15 0.0560851
coreA 6 13 14 0.0554512
coreA 7 11 13 0.0563149
coreA 8 11 12 0.049099
coreB 1 56 116 0.058151
coreB 2 93 37 0.0590181
coreB 3 61 19 0.0557749
coreB 4 40 16 0.0532861
coreB 5 30 12 0.0539119
coreB 6 24 11 0.0532279
coreB 7 17 11 0.0528052
coreB 8 16 10 0.0527232
total 0.494237
coreA 1 17 18 0.061698
coreA 2 15 15 0.0597219
coreA 3 15 15 0.0575161
coreA 4 14 15 0.0564408
coreA 5 13 15 0.0559499
coreA 6 13 14 0.0554979
coreA 7 11 13 0.0563822
coreA 8 11 12 0.048882
coreB 1 56 116 0.0570321
coreB 2 93 37 0.05915
coreB 3 61 19 0.055439
coreB 4 40 16 0.0532
coreB 5 30 12 0.0538909
coreB 6 24 11 0.0532732
coreB 7 17 11 0.0529039
coreB 8 16 10 0.05287
total 0.491434
coreA 1 17 18 0.0624249
coreA 2 15 15 0.060523
coreA 3 15 15 0.058629
coreA 4 14 15 0.0575192
coreA 5 13 15 0.057267
coreA 6 13 14 0.0564051
coreA 7 11 13 0.0569198
coreA 8 11 12 0.046149
coreB 1 56 116 0.057261
coreB 2 93 37 0.059021
coreB 3 61 19 0.055634
coreB 4 40 16 0.053405
coreB 5 30 12 0.054014
coreB 6 24 11 0.0531909
coreB 7 17 11 0.0528922
coreB 8 16 10 0.0527461
total 0.495967
coreA 1 17 18 0.0613229
coreA 2 15 15 0.059494
coreA 3 15 15 0.057359
coreA 4 14 15 0.05668
coreA 5 13 15 0.0560241
coreA 6 13 14 0.0561142
coreA 7 11 13 0.0567851
coreA 8 11 12 0.0487599
coreB 1 56 116 0.0569301
coreB 2 93 37 0.0590651
coreB 3 61 19 0.0555241
coreB 4 40 16 0.0533059
coreB 5 30 12 0.0539882
coreB 6 24 11 0.053925
coreB 7 17 11 0.052834
coreB 8 16 10 0.0527239
total 0.492275
