coreA 1 17 18 0.0170269
coreA 2 15 15 0.0323889
coreA 3 15 15 0.0451841
coreA 4 14 15 0.052366
coreA 5 13 15 0.038522
coreA 6 13 14 0.034739
coreA 7 11 13 0.0553682
coreA 8 11 12 0.0365651
coreB 1 56 116 0.0374889
coreB 2 93 37 0.042078
coreB 3 61 19 0.0387571
coreB 4 40 16 0.0262461
coreB 5 30 12 0.0189822
coreB 6 24 11 0.027087
coreB 7 17 11 0.0224872
coreB 8 16 10 0.019762
total 0.0976501
coreA 1 17 18 0.0178761
coreA 2 15 15 0.0237861
coreA 3 15 15 0.0242379
coreA 4 14 15 0.0210528
coreA 5 13 15 0.0230501
coreA 6 13 14 0.02192
coreA 7 11 13 0.022382
coreA 8 11 12 0.0220141
coreB 1 56 116 0.0614378
coreB 2 93 37 0.040246
coreB 3 61 19 0.03408
coreB 4 40 16 0.025383
coreB 5 30 12 0.021812
coreB 6 24 11 0.0215609
coreB 7 17 11 0.023427
coreB 8 16 10 0.0228179
total 0.11968
coreA 1 17 18 0.017719
coreA 2 15 15 0.026906
coreA 3 15 15 0.0229161
coreA 4 14 15 0.022402
coreA 5 13 15 0.0211511
coreA 6 13 14 0.0208981
coreA 7 11 13 0.0206449
coreA 8 11 12 0.0210099
coreB 1 56 116 0.039866
coreB 2 93 37 0.0374141
coreB 3 61 19 0.0292442
coreB 4 40 16 0.0225451
coreB 5 30 12 0.0208321
coreB 6 24 11 0.0186491
coreB 7 17 11 0.0197132
coreB 8 16 10 0.0186021
total 0.095598
coreA 1 17 18 0.01809
coreA 2 15 15 0.024183
coreA 3 15 15 0.025712
coreA 4 14 15 0.0215781
coreA 5 13 15 0.022701
coreA 6 13 14 0.0219979
coreA 7 11 13 0.020906
coreA 8 11 12 0.020685
coreB 1 56 116 0.040611
coreB 2 93 37 0.03704
coreB 3 61 19 0.029737
coreB 4 40 16 0.023104
coreB 5 30 12 0.0209761
coreB 6 24 11 0.020489
coreB 7 17 11 0.0196662
coreB 8 16 10 0.0224102
total 0.0956881
coreA 1 17 18 0.0183489
coreA 2 15 15 0.0214839
coreA 3 15 15 0.0243869
coreA 4 14 15 0.024117
coreA 5 13 15 0.0203691
coreA 6 13 14 0.0213511
coreA 7 11 13 0.0221891
coreA 8 11 12 0.0210071
coreB 1 56 116 0.0400889
coreB 2 93 37 0.0378652
coreB 3 61 19 0.0311711
coreB 4 40 16 0.0250401
coreB 5 30 12 0.0209692
coreB 6 24 11 0.0242481
coreB 7 17 11 0.0214159
coreB 8 16 10 0.0208392
total 0.096374
coreA 1 17 18 0.0189862
coreA 2 15 15 0.0302951
coreA 3 15 15 0.0272329
coreA 4 14 15 0.0245209
coreA 5 13 15 0.0201631
coreA 6 13 14 0.0206861
coreA 7 11 13 0.022788
coreA 8 11 12 0.0497689
coreB 1 56 116 0.0397959
coreB 2 93 37 0.0365541
coreB 3 61 19 0.0285749
coreB 4 40 16 0.0230441
coreB 5 30 12 0.022903
coreB 6 24 11 0.020226
coreB 7 17 11 0.0189359
coreB 8 16 10 0.0185571
total 0.094934
coreA 1 17 18 0.0181279
coreA 2 15 15 0.0291011
coreA 3 15 15 0.0239811
coreA 4 14 15 0.0274019
coreA 5 13 15 0.0311439
coreA 6 13 14 0.0212252
coreA 7 11 13 0.0206339
coreA 8 11 12 0.0248909
coreB 1 56 116 0.0414832
coreB 2 93 37 0.0365112
coreB 3 61 19 0.0287659
coreB 4 40 16 0.023277
coreB 5 30 12 0.0203171
coreB 6 24 11 0.0194221
coreB 7 17 11 0.0186729
coreB 8 16 10 0.0229049
total 0.096745
coreA 1 17 18 0.0185649
coreA 2 15 15 0.0259919
coreA 3 15 15 0.023267
coreA 4 14 15 0.0231771
coreA 5 13 15 0.0208819
coreA 6 13 14 0.0227351
coreA 7 11 13 0.0208259
coreA 8 11 12 0.019912
coreB 1 56 116 0.0413802
coreB 2 93 37 0.036294
coreB 3 61 19 0.029412
coreB 4 40 16 0.024657
coreB 5 30 12 0.022125
coreB 6 24 11 0.020092
coreB 7 17 11 0.01934
coreB 8 16 10 0.0182769
total 0.0961468
coreA 1 17 18 0.0191109
coreA 2 15 15 0.0243621
coreA 3 15 15 0.023525
coreA 4 14 15 0.0208089
coreA 5 13 15 0.023273
coreA 6 13 14 0.0215569
coreA 7 11 13 0.018961
coreA 8 11 12 0.018918
coreB 1 56 116 0.0594361
coreB 2 93 37 0.035249
coreB 3 61 19 0.0284021
coreB 4 40 16 0.0221
coreB 5 30 12 0.0208609
coreB 6 24 11 0.0196619
coreB 7 17 11 0.0187891
coreB 8 16 10 0.023401
total 0.113498
coreA 1 17 18 0.0180728
coreA 2 15 15 0.026432
coreA 3 15 15 0.0223792
coreA 4 14 15 0.0229492
coreA 5 13 15 0.0221932
coreA 6 13 14 0.0239089
coreA 7 11 13 0.0249
coreA 8 11 12 0.0236402
coreB 1 56 116 0.042701
coreB 2 93 37 0.059552
coreB 3 61 19 0.034019
coreB 4 40 16 0.0238869
coreB 5 30 12 0.021646
coreB 6 24 11 0.0210371
coreB 7 17 11 0.021076
coreB 8 16 10 0.0182581
total 0.12319
