coreA 1 17 18 0.015763
coreA 2 15 15 0.0388629
coreA 3 15 15 0.048949
coreA 4 14 15 0.0325069
coreA 5 13 15 0.0331142
coreA 6 13 14 0.051362
coreA 7 11 13 0.024642
coreA 8 11 12 0.0320981
coreB 1 56 116 0.0358009
coreB 2 93 37 0.0372601
coreB 3 61 19 0.0309601
coreB 4 40 16 0.027528
coreB 5 30 12 0.022027
coreB 6 24 11 0.0227621
coreB 7 17 11 0.0215302
coreB 8 16 10 0.019207
total 0.0880461
coreA 1 17 18 0.0148492
coreA 2 15 15 0.0329521
coreA 3 15 15 0.0323389
coreA 4 14 15 0.0235338
coreA 5 13 15 0.0250061
coreA 6 13 14 0.0263431
coreA 7 11 13 0.0446939
coreA 8 11 12 0.0314178
coreB 1 56 116 0.0370328
coreB 2 93 37 0.0376279
coreB 3 61 19 0.0291421
coreB 4 40 16 0.0230601
coreB 5 30 12 0.0241389
coreB 6 24 11 0.020982
coreB 7 17 11 0.0197978
coreB 8 16 10 0.0210021
total 0.0885091
coreA 1 17 18 0.0168481
coreA 2 15 15 0.0474992
coreA 3 15 15 0.031702
coreA 4 14 15 0.0500228
coreA 5 13 15 0.0445929
coreA 6 13 14 0.0261769
coreA 7 11 13 0.025584
coreA 8 11 12 0.0222499
coreB 1 56 116 0.0384228
coreB 2 93 37 0.034147
coreB 3 61 19 0.0274329
coreB 4 40 16 0.0271201
coreB 5 30 12 0.025557
coreB 6 24 11 0.025497
coreB 7 17 11 0.0217462
coreB 8 16 10 0.017072
total 0.0866859
coreA 1 17 18 0.015914
coreA 2 15 15 0.047497
coreA 3 15 15 0.044651
coreA 4 14 15 0.0251369
coreA 5 13 15 0.0253921
coreA 6 13 14 0.0437379
coreA 7 11 13 0.029165
coreA 8 11 12 0.045645
coreB 1 56 116 0.0367329
coreB 2 93 37 0.0355999
coreB 3 61 19 0.028645
coreB 4 40 16 0.0243142
coreB 5 30 12 0.0206091
coreB 6 24 11 0.020504
coreB 7 17 11 0.020669
coreB 8 16 10 0.019166
total 0.086756
coreA 1 17 18 0.0158219
coreA 2 15 15 0.0308549
coreA 3 15 15 0.0243921
coreA 4 14 15 0.0286531
coreA 5 13 15 0.0434451
coreA 6 13 14 0.0220649
coreA 7 11 13 0.0252399
coreA 8 11 12 0.0292752
coreB 1 56 116 0.0363631
coreB 2 93 37 0.0344081
coreB 3 61 19 0.029392
coreB 4 40 16 0.0232589
coreB 5 30 12 0.0232298
coreB 6 24 11 0.021615
coreB 7 17 11 0.0217879
coreB 8 16 10 0.0204511
total 0.0849369
coreA 1 17 18 0.015203
coreA 2 15 15 0.0475628
coreA 3 15 15 0.044251
coreA 4 14 15 0.0447209
coreA 5 13 15 0.0234361
coreA 6 13 14 0.0237911
coreA 7 11 13 0.0220909
coreA 8 11 12 0.0233579
coreB 1 56 116 0.038341
coreB 2 93 37 0.0335431
coreB 3 61 19 0.0283709
coreB 4 40 16 0.0220308
coreB 5 30 12 0.0220449
coreB 6 24 11 0.0197079
coreB 7 17 11 0.0185311
coreB 8 16 10 0.0183401
total 0.086318
coreA 1 17 18 0.0151911
coreA 2 15 15 0.0543702
coreA 3 15 15 0.0283961
coreA 4 14 15 0.023025
coreA 5 13 15 0.023138
coreA 6 13 14 0.0234122
coreA 7 11 13 0.0218079
coreA 8 11 12 0.0226312
coreB 1 56 116 0.040297
coreB 2 93 37 0.037631
coreB 3 61 19 0.026947
coreB 4 40 16 0.0247998
coreB 5 30 12 0.0221839
coreB 6 24 11 0.0200028
coreB 7 17 11 0.0202301
coreB 8 16 10 0.0186849
total 0.092397
coreA 1 17 18 0.0146229
coreA 2 15 15 0.0476549
coreA 3 15 15 0.0301809
coreA 4 14 15 0.0299971
coreA 5 13 15 0.046098
coreA 6 13 14 0.030515
coreA 7 11 13 0.0452611
coreA 8 11 12 0.027591
coreB 1 56 116 0.035172
coreB 2 93 37 0.0344009
coreB 3 61 19 0.028918
coreB 4 40 16 0.025317
coreB 5 30 12 0.023428
coreB 6 24 11 0.0211711
coreB 7 17 11 0.0209651
coreB 8 16 10 0.0183651
total 0.0841222
coreA 1 17 18 0.014724
coreA 2 15 15 0.0480149
coreA 3 15 15 0.0466309
coreA 4 14 15 0.0523429
coreA 5 13 15 0.0524089
coreA 6 13 14 0.02496
coreA 7 11 13 0.0235851
coreA 8 11 12 0.047461
coreB 1 56 116 0.035589
coreB 2 93 37 0.035392
coreB 3 61 19 0.0282402
coreB 4 40 16 0.0252259
coreB 5 30 12 0.0212531
coreB 6 24 11 0.018328
coreB 7 17 11 0.0233049
coreB 8 16 10 0.0185809
total 0.0850921
coreA 1 17 18 0.015012
coreA 2 15 15 0.0447729
coreA 3 15 15 0.023854
coreA 4 14 15 0.0453179
coreA 5 13 15 0.0292721
coreA 6 13 14 0.023567
coreA 7 11 13 0.045059
coreA 8 11 12 0.023788
coreB 1 56 116 0.038063
coreB 2 93 37 0.0392439
coreB 3 61 19 0.0276451
coreB 4 40 16 0.023169
coreB 5 30 12 0.025223
coreB 6 24 11 0.0261569
coreB 7 17 11 0.0191619
coreB 8 16 10 0.0201859
total 0.0916929
