coreA 1 17 18 0.0315111
coreA 2 15 15 0.057132
coreA 3 15 15 0.0559299
coreA 4 14 15 0.055759
coreA 5 13 15 0.0373058
coreA 6 13 14 0.0557849
coreA 7 11 13 0.0563011
coreA 8 11 12 0.0569329
coreB 1 56 116 0.043057
coreB 2 93 37 0.0561452
coreB 3 61 19 0.0544429
coreB 4 40 16 0.055661
coreB 5 30 12 0.031261
coreB 6 24 11 0.053473
coreB 7 17 11 0.0527461
coreB 8 16 10 0.0528879
total 0.259814
coreA 1 17 18 0.0314729
coreA 2 15 15 0.0613768
coreA 3 15 15 0.144517
coreA 4 14 15 0.056989
coreA 5 13 15 0.0565741
coreA 6 13 14 0.0558059
coreA 7 11 13 0.0561278
coreA 8 11 12 0.088887
coreB 1 56 116 0.0412331
coreB 2 93 37 0.057476
coreB 3 61 19 0.055335
coreB 4 40 16 0.0567021
coreB 5 30 12 0.034425
coreB 6 24 11 0.053654
coreB 7 17 11 0.0534821
coreB 8 16 10 0.0536611
total 0.26239
coreA 1 17 18 0.033736
coreA 2 15 15 0.0597799
coreA 3 15 15 0.057328
coreA 4 14 15 0.056911
coreA 5 13 15 0.0568769
coreA 6 13 14 0.0559399
coreA 7 11 13 0.0566349
coreA 8 11 12 0.101952
coreB 1 56 116 0.044651
coreB 2 93 37 0.0576799
coreB 3 61 19 0.055655
coreB 4 40 16 0.0541911
coreB 5 30 12 0.0254698
coreB 6 24 11 0.0538671
coreB 7 17 11 0.0516391
coreB 8 16 10 0.0536149
total 0.275525
coreA 1 17 18 0.0335281
coreA 2 15 15 0.0594611
coreA 3 15 15 0.057164
coreA 4 14 15 0.056284
coreA 5 13 15 0.109633
coreA 6 13 14 0.0566909
coreA 7 11 13 0.05636
coreA 8 11 12 0.057348
coreB 1 56 116 0.047704
coreB 2 93 37 0.0585721
coreB 3 61 19 0.0553899
coreB 4 40 16 0.0604
coreB 5 30 12 0.083796
coreB 6 24 11 0.056895
coreB 7 17 11 0.0532291
coreB 8 16 10 0.0529599
total 0.283929
coreA 1 17 18 0.034287
coreA 2 15 15 0.059324
coreA 3 15 15 0.057081
coreA 4 14 15 0.0584431
coreA 5 13 15 0.056736
coreA 6 13 14 0.0571618
coreA 7 11 13 0.057281
coreA 8 11 12 0.0569639
coreB 1 56 116 0.0477362
coreB 2 93 37 0.0586691
coreB 3 61 19 0.055285
coreB 4 40 16 0.0528381
coreB 5 30 12 0.02458
coreB 6 24 11 0.054008
coreB 7 17 11 0.0453382
coreB 8 16 10 0.0531032
total 0.276461
coreA 1 17 18 0.034662
coreA 2 15 15 0.0585589
coreA 3 15 15 0.057008
coreA 4 14 15 0.057318
coreA 5 13 15 0.0567751
coreA 6 13 14 0.0561919
coreA 7 11 13 0.0565102
coreA 8 11 12 0.09566
coreB 1 56 116 0.047478
coreB 2 93 37 0.0579681
coreB 3 61 19 0.054832
coreB 4 40 16 0.053942
coreB 5 30 12 0.054492
coreB 6 24 11 0.053839
coreB 7 17 11 0.0335729
coreB 8 16 10 0.059562
total 0.270923
coreA 1 17 18 0.034476
coreA 2 15 15 0.058929
coreA 3 15 15 0.0568161
coreA 4 14 15 0.0578151
coreA 5 13 15 0.0566289
coreA 6 13 14 0.0565841
coreA 7 11 13 0.0566721
coreA 8 11 12 0.0564401
coreB 1 56 116 0.0471098
coreB 2 93 37 0.0581279
coreB 3 61 19 0.054765
coreB 4 40 16 0.053256
coreB 5 30 12 0.036253
coreB 6 24 11 0.0537531
coreB 7 17 11 0.033381
coreB 8 16 10 0.056994
total 0.267077
coreA 1 17 18 0.0335162
coreA 2 15 15 0.0591161
coreA 3 15 15 0.157011
coreA 4 14 15 0.0567808
coreA 5 13 15 0.0561941
coreA 6 13 14 0.0565391
coreA 7 11 13 0.0568252
coreA 8 11 12 0.056329
coreB 1 56 116 0.046833
coreB 2 93 37 0.0583301
coreB 3 61 19 0.055156
coreB 4 40 16 0.059586
coreB 5 30 12 0.026258
coreB 6 24 11 0.054142
coreB 7 17 11 0.047395
coreB 8 16 10 0.0530329
total 0.277359
coreA 1 17 18 0.033201
coreA 2 15 15 0.0590189
coreA 3 15 15 0.145098
coreA 4 14 15 0.0571671
coreA 5 13 15 0.0561721
coreA 6 13 14 0.056813
coreA 7 11 13 0.056901
coreA 8 11 12 0.0570769
coreB 1 56 116 0.103826
coreB 2 93 37 0.0585809
coreB 3 61 19 0.056654
coreB 4 40 16 0.0532608
coreB 5 30 12 0.038871
coreB 6 24 11 0.0540099
coreB 7 17 11 0.034889
coreB 8 16 10 0.0530689
total 0.266985
coreA 1 17 18 0.033906
coreA 2 15 15 0.0593541
coreA 3 15 15 0.057241
coreA 4 14 15 0.0565591
coreA 5 13 15 0.0590041
coreA 6 13 14 0.056668
coreA 7 11 13 0.147091
coreA 8 11 12 0.056833
coreB 1 56 116 0.046901
coreB 2 93 37 0.0587089
coreB 3 61 19 0.0558832
coreB 4 40 16 0.0535219
coreB 5 30 12 0.039912
coreB 6 24 11 0.0535901
coreB 7 17 11 0.052865
coreB 8 16 10 0.0530651
total 0.265488
