coreA 1 332 2502 0.534247
coreA 2 321 2037 0.950951
coreA 3 317 1851 0.865294
coreA 4 300 1752 0.87498
coreA 5 303 1686 0.86355
coreA 6 302 1605 0.861907
coreA 7 289 1550 0.860555
coreA 8 290 1502 0.857659
coreA 9 280 1464 0.876724
coreA 10 286 1419 0.861843
coreA 11 280 1387 0.847758
coreA 12 273 1357 0.848878
coreA 13 273 1327 0.849012
coreA 14 274 1308 0.846832
coreA 15 270 1292 0.871219
coreA 16 275 1270 0.844562
coreA 17 265 1248 0.858141
coreA 18 264 1230 0.84936
coreA 19 268 1213 0.847623
coreA 20 259 1197 0.850291
coreA 21 263 1184 0.846125
coreA 22 260 1162 0.87728
coreA 23 259 1150 0.837519
coreA 24 249 1139 0.836835
coreA 25 254 1120 0.872155
coreA 26 251 1100 0.849692
coreA 27 254 1083 0.857917
coreA 28 241 1063 0.844396
coreA 29 245 1047 0.843413
coreA 30 247 1030 0.842445
coreA 31 246 1014 0.839827
coreA 32 245 1009 0.874059
coreA 33 242 999 0.83915
coreA 34 249 989 0.833448
coreA 35 235 982 0.834485
coreA 36 239 967 0.837072
coreA 37 237 950 0.837641
coreA 38 237 944 0.833768
coreA 39 241 931 0.833417
coreA 40 231 924 0.832625
coreA 41 236 916 0.834062
coreB 1 681 13601 0.888106
coreB 2 752 1466 0.872162
coreB 3 709 824 0.827716
coreB 4 642 551 0.821062
coreB 5 616 424 0.801312
coreB 6 561 350 0.790951
coreB 7 542 297 0.78593
coreB 8 526 260 0.779599
coreB 9 492 236 0.801136
coreB 10 490 210 0.772154
coreB 11 466 191 0.76627
coreB 12 431 173 0.765733
coreB 13 423 157 0.760779
coreB 14 385 145 0.760935
coreB 15 388 135 0.757312
coreB 16 356 126 0.75866
coreB 17 347 119 0.789582
coreB 18 332 112 0.785713
coreB 19 327 106 0.7854
coreB 20 316 100 0.783643
coreB 21 304 95 0.799296
coreB 22 290 90 0.781407
coreB 23 295 86 0.805958
coreB 24 277 81 0.382264
coreB 25 269 78 0.784445
coreB 26 258 75 0.773602
coreB 27 261 71 0.773605
coreB 28 243 68 0.771484
coreB 29 241 66 0.769996
coreB 30 224 62 0.77128
coreB 31 212 60 0.77737
coreB 32 220 58 0.778112
coreB 33 211 55 1.04831
coreB 34 204 53 0.927154
coreB 35 215 51 0.779417
coreB 36 202 49 0.77471
coreB 37 214 47 0.773777
coreB 38 209 46 0.772736
coreB 39 191 45 0.772555
coreB 40 188 43 0.774624
coreB 41 199 43 0.779288
total 17.6017
coreA 1 332 2502 0.528431
coreA 2 321 2037 0.887881
coreA 3 317 1851 0.872168
coreA 4 300 1752 0.869867
coreA 5 303 1686 0.868742
coreA 6 302 1605 0.86824
coreA 7 289 1550 0.864094
coreA 8 290 1502 0.859077
coreA 9 280 1464 0.861865
coreA 10 286 1419 0.860778
coreA 11 280 1387 0.854773
coreA 12 273 1357 0.856245
coreA 13 273 1327 0.858379
coreA 14 274 1308 0.855764
coreA 15 270 1292 0.843742
coreA 16 275 1270 0.836637
coreA 17 265 1248 0.833582
coreA 18 264 1230 0.834207
coreA 19 268 1213 0.83008
coreA 20 259 1197 0.830096
coreA 21 263 1184 0.828712
coreA 22 260 1162 0.83051
coreA 23 259 1150 0.828283
coreA 24 249 1139 0.832165
coreA 25 254 1120 0.838726
coreA 26 251 1100 0.831872
coreA 27 254 1083 0.833446
coreA 28 241 1063 0.829088
coreA 29 245 1047 0.829437
coreA 30 247 1030 0.831593
coreA 31 246 1014 0.83051
coreA 32 245 1009 0.82925
coreA 33 242 999 0.832282
coreA 34 249 989 0.829108
coreA 35 235 982 0.838386
coreA 36 239 967 0.833317
coreA 37 237 950 0.832891
coreA 38 237 944 0.841958
coreA 39 241 931 0.821195
coreA 40 231 924 0.833414
coreA 41 236 916 0.833889
coreB 1 681 13601 0.91956
coreB 2 752 1466 0.879651
coreB 3 709 824 0.832771
coreB 4 642 551 0.817214
coreB 5 616 424 0.806335
coreB 6 561 350 0.795147
coreB 7 542 297 0.786869
coreB 8 526 260 0.781131
coreB 9 492 236 0.77677
coreB 10 490 210 0.775918
coreB 11 466 191 0.770797
coreB 12 431 173 0.768131
coreB 13 423 157 0.763917
coreB 14 385 145 0.76118
coreB 15 388 135 0.762855
coreB 16 356 126 0.756158
coreB 17 347 119 0.786136
coreB 18 332 112 0.78276
coreB 19 327 106 0.781035
coreB 20 316 100 0.779688
coreB 21 304 95 1.16602
coreB 22 290 90 0.694426
coreB 23 295 86 0.674661
coreB 24 277 81 0.640621
coreB 25 269 78 0.782693
coreB 26 258 75 0.777171
coreB 27 261 71 0.777433
coreB 28 243 68 0.775888
coreB 29 241 66 0.772559
coreB 30 224 62 0.773508
coreB 31 212 60 0.76691
coreB 32 220 58 0.771462
coreB 33 211 55 0.769288
coreB 34 204 53 0.766813
coreB 35 215 51 0.778766
coreB 36 202 49 0.774767
coreB 37 214 47 0.777263
coreB 38 209 46 0.777332
coreB 39 191 45 0.774597
coreB 40 188 43 1.35521
coreB 41 199 43 0.772311
total 17.4057
coreA 1 332 2502 0.529027
coreA 2 321 2037 0.88003
coreA 3 317 1851 0.887905
coreA 4 300 1752 0.871182
coreA 5 303 1686 0.868383
coreA 6 302 1605 0.865685
coreA 7 289 1550 0.862038
coreA 8 290 1502 0.86091
coreA 9 280 1464 0.861265
coreA 10 286 1419 0.859272
coreA 11 280 1387 0.852686
coreA 12 273 1357 0.852736
coreA 13 273 1327 0.850327
coreA 14 274 1308 0.849482
coreA 15 270 1292 0.850022
coreA 16 275 1270 0.845476
coreA 17 265 1248 0.835453
coreA 18 264 1230 0.833892
coreA 19 268 1213 0.832644
coreA 20 259 1197 0.832006
coreA 21 263 1184 0.832793
coreA 22 260 1162 0.831406
coreA 23 259 1150 0.828327
coreA 24 249 1139 0.832337
coreA 25 254 1120 0.835207
coreA 26 251 1100 0.84343
coreA 27 254 1083 0.835844
coreA 28 241 1063 0.833402
coreA 29 245 1047 0.83248
coreA 30 247 1030 0.83389
coreA 31 246 1014 0.834558
coreA 32 245 1009 0.830641
coreA 33 242 999 0.832059
coreA 34 249 989 0.829124
coreA 35 235 982 0.842593
coreA 36 239 967 0.841639
coreA 37 237 950 0.842329
coreA 38 237 944 0.841735
coreA 39 241 931 0.839181
coreA 40 231 924 0.839579
coreA 41 236 916 0.842962
coreB 1 681 13601 0.904717
coreB 2 752 1466 0.890154
coreB 3 709 824 0.834251
coreB 4 642 551 0.819112
coreB 5 616 424 0.804949
coreB 6 561 350 0.795681
coreB 7 542 297 0.782275
coreB 8 526 260 0.780652
coreB 9 492 236 0.771725
coreB 10 490 210 0.768601
coreB 11 466 191 0.763268
coreB 12 431 173 0.763806
coreB 13 423 157 0.767056
coreB 14 385 145 0.759636
coreB 15 388 135 0.760523
coreB 16 356 126 0.754745
coreB 17 347 119 0.785092
coreB 18 332 112 0.781557
coreB 19 327 106 0.782553
coreB 20 316 100 0.777857
coreB 21 304 95 0.787389
coreB 22 290 90 0.789506
coreB 23 295 86 0.65723
coreB 24 277 81 0.557397
coreB 25 269 78 0.778395
coreB 26 258 75 0.776776
coreB 27 261 71 0.775554
coreB 28 243 68 0.774598
coreB 29 241 66 0.769626
coreB 30 224 62 0.770726
coreB 31 212 60 0.772043
coreB 32 220 58 0.771246
coreB 33 211 55 0.769865
coreB 34 204 53 0.770642
coreB 35 215 51 0.779878
coreB 36 202 49 0.774887
coreB 37 214 47 0.773446
coreB 38 209 46 0.774991
coreB 39 191 45 0.779181
coreB 40 188 43 0.774492
coreB 41 199 43 0.759199
total 17.3455
coreA 1 332 2502 0.512765
coreA 2 321 2037 0.878331
coreA 3 317 1851 0.86994
coreA 4 300 1752 0.858732
coreA 5 303 1686 0.857278
coreA 6 302 1605 0.855138
coreA 7 289 1550 0.853456
coreA 8 290 1502 0.851956
coreA 9 280 1464 0.856114
coreA 10 286 1419 0.856265
coreA 11 280 1387 0.860363
coreA 12 273 1357 0.847103
coreA 13 273 1327 0.852499
coreA 14 274 1308 0.849448
coreA 15 270 1292 0.839256
coreA 16 275 1270 0.852461
coreA 17 265 1248 0.859072
coreA 18 264 1230 0.850647
coreA 19 268 1213 0.82732
coreA 20 259 1197 0.839587
coreA 21 263 1184 0.845484
coreA 22 260 1162 0.843975
coreA 23 259 1150 0.843385
coreA 24 249 1139 1.21553
coreA 25 254 1120 0.842569
coreA 26 251 1100 0.833941
coreA 27 254 1083 0.844778
coreA 28 241 1063 0.842456
coreA 29 245 1047 0.840765
coreA 30 247 1030 0.838913
coreA 31 246 1014 0.835148
coreA 32 245 1009 0.835812
coreA 33 242 999 0.840955
coreA 34 249 989 0.840312
coreA 35 235 982 0.847422
coreA 36 239 967 0.844356
coreA 37 237 950 0.842121
coreA 38 237 944 0.841516
coreA 39 241 931 0.841113
coreA 40 231 924 0.841368
coreA 41 236 916 0.841667
coreB 1 681 13601 0.882407
coreB 2 752 1466 0.864638
coreB 3 709 824 0.822518
coreB 4 642 551 0.812604
coreB 5 616 424 0.801694
coreB 6 561 350 0.789793
coreB 7 542 297 0.783789
coreB 8 526 260 0.773455
coreB 9 492 236 0.769752
coreB 10 490 210 0.76689
coreB 11 466 191 0.778396
coreB 12 431 173 0.763573
coreB 13 423 157 0.762138
coreB 14 385 145 0.764488
coreB 15 388 135 0.761772
coreB 16 356 126 0.74964
coreB 17 347 119 0.781618
coreB 18 332 112 0.781211
coreB 19 327 106 0.779112
coreB 20 316 100 0.772107
coreB 21 304 95 0.783959
coreB 22 290 90 0.779069
coreB 23 295 86 0.778246
coreB 24 277 81 0.769006
coreB 25 269 78 0.782724
coreB 26 258 75 0.788297
coreB 27 261 71 0.776272
coreB 28 243 68 0.772334
coreB 29 241 66 0.774588
coreB 30 224 62 0.775848
coreB 31 212 60 0.773818
coreB 32 220 58 0.775344
coreB 33 211 55 0.775993
coreB 34 204 53 0.775859
coreB 35 215 51 0.77487
coreB 36 202 49 0.769525
coreB 37 214 47 0.770193
coreB 38 209 46 1.21607
coreB 39 191 45 0.703503
coreB 40 188 43 0.601988
coreB 41 199 43 0.615496
total 17.4041
coreA 1 332 2502 0.511128
coreA 2 321 2037 0.878925
coreA 3 317 1851 0.86074
coreA 4 300 1752 0.854975
coreA 5 303 1686 0.855424
coreA 6 302 1605 0.854805
coreA 7 289 1550 0.855577
coreA 8 290 1502 0.851315
coreA 9 280 1464 0.853254
coreA 10 286 1419 0.853226
coreA 11 280 1387 0.842803
coreA 12 273 1357 0.846608
coreA 13 273 1327 0.843342
coreA 14 274 1308 0.841905
coreA 15 270 1292 0.83671
coreA 16 275 1270 0.832078
coreA 17 265 1248 0.845052
coreA 18 264 1230 0.843287
coreA 19 268 1213 0.83975
coreA 20 259 1197 0.840245
coreA 21 263 1184 0.835631
coreA 22 260 1162 0.838392
coreA 23 259 1150 0.836721
coreA 24 249 1139 0.838757
coreA 25 254 1120 0.842725
coreA 26 251 1100 0.841914
coreA 27 254 1083 0.837791
coreA 28 241 1063 0.837135
coreA 29 245 1047 0.837192
coreA 30 247 1030 0.838535
coreA 31 246 1014 0.837634
coreA 32 245 1009 0.837688
coreA 33 242 999 0.836751
coreA 34 249 989 0.834018
coreA 35 235 982 0.83795
coreA 36 239 967 0.836326
coreA 37 237 950 0.837141
coreA 38 237 944 5.6553
coreA 39 241 931 0.839478
coreA 40 231 924 0.836567
coreA 41 236 916 0.840781
coreB 1 681 13601 0.889886
coreB 2 752 1466 0.876585
coreB 3 709 824 0.828015
coreB 4 642 551 0.817962
coreB 5 616 424 0.804157
coreB 6 561 350 0.791763
coreB 7 542 297 0.787753
coreB 8 526 260 0.779593
coreB 9 492 236 0.773444
coreB 10 490 210 0.769499
coreB 11 466 191 0.766264
coreB 12 431 173 0.769308
coreB 13 423 157 0.7623
coreB 14 385 145 0.759636
coreB 15 388 135 0.766691
coreB 16 356 126 0.764859
coreB 17 347 119 0.795792
coreB 18 332 112 0.78978
coreB 19 327 106 0.794387
coreB 20 316 100 1.53883
coreB 21 304 95 0.789257
coreB 22 290 90 0.784836
coreB 23 295 86 0.781556
coreB 24 277 81 0.783373
coreB 25 269 78 0.782842
coreB 26 258 75 0.777608
coreB 27 261 71 0.778886
coreB 28 243 68 0.775305
coreB 29 241 66 0.775587
coreB 30 224 62 0.769436
coreB 31 212 60 0.774836
coreB 32 220 58 0.769322
coreB 33 211 55 0.621914
coreB 34 204 53 0.620471
coreB 35 215 51 0.773159
coreB 36 202 49 0.775144
coreB 37 214 47 0.770504
coreB 38 209 46 0.820293
coreB 39 191 45 0.768081
coreB 40 188 43 0.771541
coreB 41 199 43 1.38833
total 17.4068
