coreA 1 332 2502 0.280255
coreA 2 321 2037 0.957258
coreA 3 317 1851 0.929528
coreA 4 300 1752 0.914526
coreA 5 303 1686 0.943962
coreA 6 302 1605 2.98439
coreA 7 289 1550 1.92566
coreA 8 290 1502 0.916973
coreA 9 280 1464 0.902849
coreA 10 286 1419 1.48605
coreA 11 280 1387 0.892562
coreA 12 273 1357 0.879307
coreA 13 273 1327 1.44734
coreA 14 274 1308 2.97256
coreA 15 270 1292 0.880104
coreA 16 275 1270 1.87773
coreA 17 265 1248 0.888761
coreA 18 264 1230 0.881947
coreA 19 268 1213 1.4508
coreA 20 259 1197 1.87797
coreA 21 263 1184 0.874738
coreA 22 260 1162 0.872746
coreA 23 259 1150 1.01838
coreA 24 249 1139 2.37366
coreA 25 254 1120 0.870263
coreA 26 251 1100 0.870999
coreA 27 254 1083 3.1416
coreA 28 241 1063 0.865107
coreA 29 245 1047 0.864351
coreA 30 247 1030 0.878807
coreA 31 246 1014 0.866775
coreA 32 245 1009 0.962022
coreA 33 242 999 1.08026
coreA 34 249 989 1.44572
coreA 35 235 982 2.79879
coreA 36 239 967 0.870669
coreA 37 237 950 0.871753
coreA 38 237 944 1.43569
coreA 39 241 931 0.867359
coreA 40 231 924 2.16015
coreA 41 236 916 2.1298
coreB 1 681 13601 0.727917
coreB 2 752 1466 1.25064
coreB 3 709 824 1.66767
coreB 4 642 551 1.14314
coreB 5 616 424 1.52782
coreB 6 561 350 1.51567
coreB 7 542 297 1.58881
coreB 8 526 260 1.92954
coreB 9 492 236 1.50346
coreB 10 490 210 1.05957
coreB 11 466 191 1.49035
coreB 12 431 173 1.43957
coreB 13 423 157 0.972793
coreB 14 385 145 1.05576
coreB 15 388 135 0.999849
coreB 16 356 126 0.916238
coreB 17 347 119 0.917542
coreB 18 332 112 1.76505
coreB 19 327 106 1.70911
coreB 20 316 100 2.05491
coreB 21 304 95 0.903545
coreB 22 290 90 0.912651
coreB 23 295 86 0.823655
coreB 24 277 81 0.886533
coreB 25 269 78 0.93452
coreB 26 258 75 0.804256
coreB 27 261 71 0.768311
coreB 28 243 68 0.865704
coreB 29 241 66 0.762419
coreB 30 224 62 1.23464
coreB 31 212 60 0.770598
coreB 32 220 58 0.774759
coreB 33 211 55 0.798874
coreB 34 204 53 0.730603
coreB 35 215 51 1.43043
coreB 36 202 49 1.81695
coreB 37 214 47 2.07827
coreB 38 209 46 0.7937
coreB 39 191 45 1.70983
coreB 40 188 43 0.755385
coreB 41 199 43 1.81341
total 3.62963
coreA 1 332 2502 0.275754
coreA 2 321 2037 2.36135
coreA 3 317 1851 2.69951
coreA 4 300 1752 2.28874
coreA 5 303 1686 0.90454
coreA 6 302 1605 0.893276
coreA 7 289 1550 1.70675
coreA 8 290 1502 2.28613
coreA 9 280 1464 1.71826
coreA 10 286 1419 2.84505
coreA 11 280 1387 0.886803
coreA 12 273 1357 0.863333
coreA 13 273 1327 1.59627
coreA 14 274 1308 0.860222
coreA 15 270 1292 0.868288
coreA 16 275 1270 2.29594
coreA 17 265 1248 0.862888
coreA 18 264 1230 2.79392
coreA 19 268 1213 1.96791
coreA 20 259 1197 1.96858
coreA 21 263 1184 0.864157
coreA 22 260 1162 0.867267
coreA 23 259 1150 0.861693
coreA 24 249 1139 1.96057
coreA 25 254 1120 0.863025
coreA 26 251 1100 0.860609
coreA 27 254 1083 0.861192
coreA 28 241 1063 0.859978
coreA 29 245 1047 2.06939
coreA 30 247 1030 1.97209
coreA 31 246 1014 0.858738
coreA 32 245 1009 0.854289
coreA 33 242 999 0.855956
coreA 34 249 989 1.96659
coreA 35 235 982 0.863098
coreA 36 239 967 1.08593
coreA 37 237 950 0.868985
coreA 38 237 944 1.919
coreA 39 241 931 2.6703
coreA 40 231 924 2.01364
coreA 41 236 916 2.00555
coreB 1 681 13601 0.723407
coreB 2 752 1466 2.10719
coreB 3 709 824 1.17774
coreB 4 642 551 1.67236
coreB 5 616 424 1.15739
coreB 6 561 350 1.08341
coreB 7 542 297 1.06239
coreB 8 526 260 1.03847
coreB 9 492 236 0.98658
coreB 10 490 210 0.970077
coreB 11 466 191 0.938765
coreB 12 431 173 1.51634
coreB 13 423 157 0.87799
coreB 14 385 145 0.855316
coreB 15 388 135 0.93154
coreB 16 356 126 0.771849
coreB 17 347 119 0.819113
coreB 18 332 112 0.963129
coreB 19 327 106 0.818797
coreB 20 316 100 0.822392
coreB 21 304 95 2.06455
coreB 22 290 90 1.92235
coreB 23 295 86 0.828411
coreB 24 277 81 0.779366
coreB 25 269 78 1.59415
coreB 26 258 75 0.799229
coreB 27 261 71 1.50416
coreB 28 243 68 1.38705
coreB 29 241 66 0.749873
coreB 30 224 62 1.47456
coreB 31 212 60 1.40308
coreB 32 220 58 0.754306
coreB 33 211 55 0.772561
coreB 34 204 53 1.38377
coreB 35 215 51 1.43051
coreB 36 202 49 1.35286
coreB 37 214 47 0.740701
coreB 38 209 46 1.7984
coreB 39 191 45 0.740964
coreB 40 188 43 1.42219
coreB 41 199 43 1.4496
total 3.58698
coreA 1 332 2502 0.274069
coreA 2 321 2037 2.92815
coreA 3 317 1851 1.7359
coreA 4 300 1752 2.1049
coreA 5 303 1686 2.06508
coreA 6 302 1605 0.883289
coreA 7 289 1550 2.04597
coreA 8 290 1502 2.63404
coreA 9 280 1464 0.869412
coreA 10 286 1419 0.86339
coreA 11 280 1387 0.860719
coreA 12 273 1357 0.86265
coreA 13 273 1327 2.18181
coreA 14 274 1308 0.979101
coreA 15 270 1292 1.69834
coreA 16 275 1270 0.858388
coreA 17 265 1248 0.857497
coreA 18 264 1230 0.854665
coreA 19 268 1213 2.03516
coreA 20 259 1197 1.67855
coreA 21 263 1184 0.847694
coreA 22 260 1162 0.859983
coreA 23 259 1150 0.855918
coreA 24 249 1139 2.02676
coreA 25 254 1120 2.54012
coreA 26 251 1100 0.850019
coreA 27 254 1083 2.56168
coreA 28 241 1063 0.850308
coreA 29 245 1047 0.848795
coreA 30 247 1030 0.849215
coreA 31 246 1014 2.76074
coreA 32 245 1009 0.847785
coreA 33 242 999 0.847823
coreA 34 249 989 1.01174
coreA 35 235 982 0.851179
coreA 36 239 967 0.850122
coreA 37 237 950 0.852627
coreA 38 237 944 1.94155
coreA 39 241 931 0.84633
coreA 40 231 924 1.63174
coreA 41 236 916 1.9535
coreB 1 681 13601 0.712048
coreB 2 752 1466 1.06541
coreB 3 709 824 1.13144
coreB 4 642 551 1.08317
coreB 5 616 424 1.75067
coreB 6 561 350 1.09058
coreB 7 542 297 1.03595
coreB 8 526 260 1.70539
coreB 9 492 236 0.976791
coreB 10 490 210 0.964422
coreB 11 466 191 0.912316
coreB 12 431 173 1.26856
coreB 13 423 157 0.925505
coreB 14 385 145 0.969536
coreB 15 388 135 0.985304
coreB 16 356 126 0.896135
coreB 17 347 119 1.28462
coreB 18 332 112 0.886982
coreB 19 327 106 1.25139
coreB 20 316 100 0.850485
coreB 21 304 95 0.905089
coreB 22 290 90 0.811817
coreB 23 295 86 0.823377
coreB 24 277 81 0.829455
coreB 25 269 78 0.851655
coreB 26 258 75 1.22095
coreB 27 261 71 0.857423
coreB 28 243 68 0.824422
coreB 29 241 66 0.807952
coreB 30 224 62 1.23197
coreB 31 212 60 0.903885
coreB 32 220 58 0.801181
coreB 33 211 55 0.834175
coreB 34 204 53 0.786014
coreB 35 215 51 1.2105
coreB 36 202 49 1.59331
coreB 37 214 47 1.60193
coreB 38 209 46 1.46605
coreB 39 191 45 1.90411
coreB 40 188 43 1.60626
coreB 41 199 43 1.59374
total 3.44942
coreA 1 332 2502 0.273816
coreA 2 321 2037 0.896302
coreA 3 317 1851 1.31455
coreA 4 300 1752 0.899911
coreA 5 303 1686 0.921181
coreA 6 302 1605 0.881492
coreA 7 289 1550 0.881332
coreA 8 290 1502 0.872843
coreA 9 280 1464 0.894365
coreA 10 286 1419 0.865693
coreA 11 280 1387 1.26974
coreA 12 273 1357 0.861802
coreA 13 273 1327 0.869545
coreA 14 274 1308 1.3019
coreA 15 270 1292 1.25927
coreA 16 275 1270 1.28166
coreA 17 265 1248 1.27221
coreA 18 264 1230 1.48011
coreA 19 268 1213 0.869268
coreA 20 259 1197 0.845038
coreA 21 263 1184 0.860118
coreA 22 260 1162 0.847661
coreA 23 259 1150 1.28025
coreA 24 249 1139 0.846636
coreA 25 254 1120 0.84546
coreA 26 251 1100 0.866459
coreA 27 254 1083 0.885726
coreA 28 241 1063 0.869069
coreA 29 245 1047 0.864492
coreA 30 247 1030 0.859504
coreA 31 246 1014 0.870654
coreA 32 245 1009 0.429764
coreA 33 242 999 0.867855
coreA 34 249 989 0.414228
coreA 35 235 982 0.90621
coreA 36 239 967 0.431717
coreA 37 237 950 0.62755
coreA 38 237 944 0.409954
coreA 39 241 931 0.412619
coreA 40 231 924 0.416024
coreA 41 236 916 0.418606
coreB 1 681 13601 1.98913
coreB 2 752 1466 1.00463
coreB 3 709 824 0.893635
coreB 4 642 551 1.22101
coreB 5 616 424 0.844232
coreB 6 561 350 0.846903
coreB 7 542 297 0.84706
coreB 8 526 260 1.18934
coreB 9 492 236 0.792607
coreB 10 490 210 1.18981
coreB 11 466 191 1.44288
coreB 12 431 173 1.18835
coreB 13 423 157 0.674124
coreB 14 385 145 0.662616
coreB 15 388 135 0.77235
coreB 16 356 126 0.771011
coreB 17 347 119 0.814537
coreB 18 332 112 0.80346
coreB 19 327 106 0.864707
coreB 20 316 100 0.821479
coreB 21 304 95 0.800794
coreB 22 290 90 0.800375
coreB 23 295 86 0.791059
coreB 24 277 81 0.428276
coreB 25 269 78 0.816879
coreB 26 258 75 0.813639
coreB 27 261 71 0.81562
coreB 28 243 68 0.786289
coreB 29 241 66 0.806566
coreB 30 224 62 1.20473
coreB 31 212 60 0.788408
coreB 32 220 58 0.408004
coreB 33 211 55 0.802282
coreB 34 204 53 0.383567
coreB 35 215 51 0.783217
coreB 36 202 49 0.405247
coreB 37 214 47 0.383559
coreB 38 209 46 0.388127
coreB 39 191 45 0.809922
coreB 40 188 43 0.402784
coreB 41 199 43 0.407237
total 3.59275
coreA 1 332 2502 0.270412
coreA 2 321 2037 2.88225
coreA 3 317 1851 2.55055
coreA 4 300 1752 2.22921
coreA 5 303 1686 2.87692
coreA 6 302 1605 2.5885
coreA 7 289 1550 0.866565
coreA 8 290 1502 0.872038
coreA 9 280 1464 0.85853
coreA 10 286 1419 2.02325
coreA 11 280 1387 2.59505
coreA 12 273 1357 0.864357
coreA 13 273 1327 0.916383
coreA 14 274 1308 2.00175
coreA 15 270 1292 0.853566
coreA 16 275 1270 1.54283
coreA 17 265 1248 1.63296
coreA 18 264 1230 0.852989
coreA 19 268 1213 1.77641
coreA 20 259 1197 0.84657
coreA 21 263 1184 0.850002
coreA 22 260 1162 0.846922
coreA 23 259 1150 0.845076
coreA 24 249 1139 1.79423
coreA 25 254 1120 0.841195
coreA 26 251 1100 0.840361
coreA 27 254 1083 0.850334
coreA 28 241 1063 0.848226
coreA 29 245 1047 1.65267
coreA 30 247 1030 0.843083
coreA 31 246 1014 0.84257
coreA 32 245 1009 1.9908
coreA 33 242 999 2.0211
coreA 34 249 989 2.01093
coreA 35 235 982 0.843496
coreA 36 239 967 2.65661
coreA 37 237 950 2.07037
coreA 38 237 944 1.99361
coreA 39 241 931 0.83822
coreA 40 231 924 2.20705
coreA 41 236 916 1.64769
coreB 1 681 13601 0.688883
coreB 2 752 1466 1.28412
coreB 3 709 824 1.05924
coreB 4 642 551 1.47011
coreB 5 616 424 1.44368
coreB 6 561 350 2.10728
coreB 7 542 297 1.77509
coreB 8 526 260 1.71346
coreB 9 492 236 0.948826
coreB 10 490 210 0.900102
coreB 11 466 191 0.806845
coreB 12 431 173 1.33997
coreB 13 423 157 0.801374
coreB 14 385 145 1.23298
coreB 15 388 135 0.831706
coreB 16 356 126 0.810874
coreB 17 347 119 1.65997
coreB 18 332 112 0.804992
coreB 19 327 106 0.771141
coreB 20 316 100 1.19504
coreB 21 304 95 0.759073
coreB 22 290 90 0.731259
coreB 23 295 86 0.706523
coreB 24 277 81 0.725843
coreB 25 269 78 0.75817
coreB 26 258 75 1.27363
coreB 27 261 71 0.699823
coreB 28 243 68 0.721271
coreB 29 241 66 0.705512
coreB 30 224 62 1.13456
coreB 31 212 60 0.702924
coreB 32 220 58 1.14885
coreB 33 211 55 0.691785
coreB 34 204 53 1.15096
coreB 35 215 51 1.57434
coreB 36 202 49 1.73177
coreB 37 214 47 1.21191
coreB 38 209 46 1.6452
coreB 39 191 45 1.61571
coreB 40 188 43 0.693339
coreB 41 199 43 1.58463
total 3.46046
