coreA 1 332 2502 0.384574
coreA 2 321 2037 0.9409
coreA 3 317 1851 0.862835
coreA 4 300 1752 0.864976
coreA 5 303 1686 0.852733
coreA 6 302 1605 0.90384
coreA 7 289 1550 0.850116
coreA 8 290 1502 0.843741
coreA 9 280 1464 0.894433
coreA 10 286 1419 0.844838
coreA 11 280 1387 0.838319
coreA 12 273 1357 0.87494
coreA 13 273 1327 0.867619
coreA 14 274 1308 0.866408
coreA 15 270 1292 0.865668
coreA 16 275 1270 0.842301
coreA 17 265 1248 0.845832
coreA 18 264 1230 0.836165
coreA 19 268 1213 0.831921
coreA 20 259 1197 0.841068
coreA 21 263 1184 0.829657
coreA 22 260 1162 0.827903
coreA 23 259 1150 0.8269
coreA 24 249 1139 0.842322
coreA 25 254 1120 0.855184
coreA 26 251 1100 0.834273
coreA 27 254 1083 0.848094
coreA 28 241 1063 0.836001
coreA 29 245 1047 0.83275
coreA 30 247 1030 0.845853
coreA 31 246 1014 0.834692
coreA 32 245 1009 5.05928
coreA 33 242 999 0.847446
coreA 34 249 989 3.47877
coreA 35 235 982 0.861372
coreA 36 239 967 0.841522
coreA 37 237 950 0.851288
coreA 38 237 944 0.846577
coreA 39 241 931 0.841782
coreA 40 231 924 4.1477
coreA 41 236 916 0.833781
coreB 1 681 13601 0.759966
coreB 2 752 1466 0.93779
coreB 3 709 824 0.84318
coreB 4 642 551 0.83978
coreB 5 616 424 0.816447
coreB 6 561 350 0.800963
coreB 7 542 297 0.804827
coreB 8 526 260 0.793232
coreB 9 492 236 0.784792
coreB 10 490 210 0.770808
coreB 11 466 191 0.770078
coreB 12 431 173 0.713844
coreB 13 423 157 0.697846
coreB 14 385 145 0.703608
coreB 15 388 135 0.760851
coreB 16 356 126 0.76151
coreB 17 347 119 0.785956
coreB 18 332 112 0.672319
coreB 19 327 106 0.655464
coreB 20 316 100 0.659764
coreB 21 304 95 0.791067
coreB 22 290 90 1.38172
coreB 23 295 86 1.50991
coreB 24 277 81 0.800199
coreB 25 269 78 0.789757
coreB 26 258 75 0.785317
coreB 27 261 71 0.779307
coreB 28 243 68 0.775842
coreB 29 241 66 0.777096
coreB 30 224 62 0.773594
coreB 31 212 60 0.790485
coreB 32 220 58 0.778175
coreB 33 211 55 0.777615
coreB 34 204 53 0.765583
coreB 35 215 51 0.787829
coreB 36 202 49 0.774004
coreB 37 214 47 0.766543
coreB 38 209 46 1.90835
coreB 39 191 45 0.764976
coreB 40 188 43 1.45178
coreB 41 199 43 1.42558
total 9.1798
coreA 1 332 2502 0.375148
coreA 2 321 2037 0.892949
coreA 3 317 1851 0.855602
coreA 4 300 1752 0.866706
coreA 5 303 1686 0.862385
coreA 6 302 1605 0.867084
coreA 7 289 1550 0.853032
coreA 8 290 1502 0.842915
coreA 9 280 1464 0.859368
coreA 10 286 1419 0.844775
coreA 11 280 1387 0.844606
coreA 12 273 1357 0.842211
coreA 13 273 1327 0.83983
coreA 14 274 1308 3.9174
coreA 15 270 1292 0.84434
coreA 16 275 1270 0.838631
coreA 17 265 1248 0.835265
coreA 18 264 1230 0.83629
coreA 19 268 1213 0.83332
coreA 20 259 1197 0.839466
coreA 21 263 1184 0.827741
coreA 22 260 1162 0.831077
coreA 23 259 1150 0.820533
coreA 24 249 1139 4.50388
coreA 25 254 1120 0.83714
coreA 26 251 1100 0.832606
coreA 27 254 1083 0.831635
coreA 28 241 1063 0.835607
coreA 29 245 1047 0.83417
coreA 30 247 1030 0.835834
coreA 31 246 1014 0.83297
coreA 32 245 1009 4.50318
coreA 33 242 999 0.829641
coreA 34 249 989 4.23809
coreA 35 235 982 0.84796
coreA 36 239 967 0.839962
coreA 37 237 950 0.841
coreA 38 237 944 0.835458
coreA 39 241 931 0.832795
coreA 40 231 924 0.829715
coreA 41 236 916 0.841925
coreB 1 681 13601 0.764638
coreB 2 752 1466 0.896357
coreB 3 709 824 0.832102
coreB 4 642 551 0.835415
coreB 5 616 424 0.809995
coreB 6 561 350 0.803062
coreB 7 542 297 0.790626
coreB 8 526 260 2.82916
coreB 9 492 236 0.776255
coreB 10 490 210 0.764277
coreB 11 466 191 0.77128
coreB 12 431 173 0.767585
coreB 13 423 157 0.758316
coreB 14 385 145 2.04973
coreB 15 388 135 0.761146
coreB 16 356 126 0.753654
coreB 17 347 119 0.790659
coreB 18 332 112 0.776595
coreB 19 327 106 0.624893
coreB 20 316 100 0.776293
coreB 21 304 95 0.776818
coreB 22 290 90 1.13081
coreB 23 295 86 0.618224
coreB 24 277 81 1.20201
coreB 25 269 78 0.77988
coreB 26 258 75 0.774029
coreB 27 261 71 0.776437
coreB 28 243 68 0.589776
coreB 29 241 66 0.545134
coreB 30 224 62 0.554673
coreB 31 212 60 0.767042
coreB 32 220 58 1.15598
coreB 33 211 55 0.763908
coreB 34 204 53 1.1216
coreB 35 215 51 0.768122
coreB 36 202 49 0.764484
coreB 37 214 47 0.754839
coreB 38 209 46 2.22891
coreB 39 191 45 0.763396
coreB 40 188 43 0.76512
coreB 41 199 43 2.59008
total 9.32254
coreA 1 332 2502 0.378931
coreA 2 321 2037 0.874709
coreA 3 317 1851 0.869432
coreA 4 300 1752 0.855789
coreA 5 303 1686 0.859724
coreA 6 302 1605 0.863933
coreA 7 289 1550 0.862275
coreA 8 290 1502 0.859686
coreA 9 280 1464 0.853895
coreA 10 286 1419 0.844668
coreA 11 280 1387 0.830819
coreA 12 273 1357 0.827532
coreA 13 273 1327 0.825572
coreA 14 274 1308 0.844804
coreA 15 270 1292 0.843749
coreA 16 275 1270 0.836242
coreA 17 265 1248 0.827711
coreA 18 264 1230 0.827391
coreA 19 268 1213 0.831818
coreA 20 259 1197 0.829912
coreA 21 263 1184 0.845224
coreA 22 260 1162 0.829542
coreA 23 259 1150 0.846678
coreA 24 249 1139 2.036
coreA 25 254 1120 0.834879
coreA 26 251 1100 0.828623
coreA 27 254 1083 0.828523
coreA 28 241 1063 0.827884
coreA 29 245 1047 0.831648
coreA 30 247 1030 4.83726
coreA 31 246 1014 0.8425
coreA 32 245 1009 0.830926
coreA 33 242 999 0.831945
coreA 34 249 989 0.838595
coreA 35 235 982 0.837102
coreA 36 239 967 0.824263
coreA 37 237 950 0.825532
coreA 38 237 944 0.830035
coreA 39 241 931 0.831373
coreA 40 231 924 0.826105
coreA 41 236 916 0.842695
coreB 1 681 13601 0.771326
coreB 2 752 1466 0.880865
coreB 3 709 824 0.839331
coreB 4 642 551 0.825383
coreB 5 616 424 0.811831
coreB 6 561 350 0.802011
coreB 7 542 297 0.798049
coreB 8 526 260 0.783819
coreB 9 492 236 0.780819
coreB 10 490 210 0.78
coreB 11 466 191 0.793127
coreB 12 431 173 0.793107
coreB 13 423 157 0.783383
coreB 14 385 145 0.770344
coreB 15 388 135 0.76906
coreB 16 356 126 0.766386
coreB 17 347 119 0.79481
coreB 18 332 112 0.79507
coreB 19 327 106 0.790423
coreB 20 316 100 0.790806
coreB 21 304 95 0.791492
coreB 22 290 90 0.79333
coreB 23 295 86 0.60988
coreB 24 277 81 0.445153
coreB 25 269 78 0.786965
coreB 26 258 75 0.786426
coreB 27 261 71 0.785573
coreB 28 243 68 0.782289
coreB 29 241 66 0.784946
coreB 30 224 62 0.783787
coreB 31 212 60 0.773934
coreB 32 220 58 0.775037
coreB 33 211 55 0.775887
coreB 34 204 53 1.7091
coreB 35 215 51 0.787835
coreB 36 202 49 0.776743
coreB 37 214 47 0.7709
coreB 38 209 46 1.58875
coreB 39 191 45 0.769626
coreB 40 188 43 0.859122
coreB 41 199 43 0.768323
total 9.02134
coreA 1 332 2502 0.375425
coreA 2 321 2037 0.875811
coreA 3 317 1851 0.859385
coreA 4 300 1752 0.867135
coreA 5 303 1686 0.852456
coreA 6 302 1605 0.85267
coreA 7 289 1550 0.847683
coreA 8 290 1502 0.850746
coreA 9 280 1464 0.868401
coreA 10 286 1419 0.847543
coreA 11 280 1387 0.839579
coreA 12 273 1357 0.834591
coreA 13 273 1327 0.830791
coreA 14 274 1308 0.835095
coreA 15 270 1292 0.850744
coreA 16 275 1270 0.844646
coreA 17 265 1248 0.842693
coreA 18 264 1230 0.83614
coreA 19 268 1213 0.833262
coreA 20 259 1197 0.824122
coreA 21 263 1184 0.830988
coreA 22 260 1162 0.827608
coreA 23 259 1150 0.815489
coreA 24 249 1139 0.833934
coreA 25 254 1120 0.838707
coreA 26 251 1100 0.825224
coreA 27 254 1083 0.83796
coreA 28 241 1063 0.844061
coreA 29 245 1047 0.844474
coreA 30 247 1030 0.830551
coreA 31 246 1014 0.833515
coreA 32 245 1009 0.825941
coreA 33 242 999 0.826003
coreA 34 249 989 0.82773
coreA 35 235 982 0.839669
coreA 36 239 967 0.83965
coreA 37 237 950 0.832027
coreA 38 237 944 0.832364
coreA 39 241 931 0.83323
coreA 40 231 924 0.835127
coreA 41 236 916 0.833244
coreB 1 681 13601 0.768783
coreB 2 752 1466 0.868624
coreB 3 709 824 0.825175
coreB 4 642 551 0.818211
coreB 5 616 424 0.805836
coreB 6 561 350 0.793523
coreB 7 542 297 0.788331
coreB 8 526 260 0.777142
coreB 9 492 236 0.773359
coreB 10 490 210 0.84334
coreB 11 466 191 0.752511
coreB 12 431 173 0.709357
coreB 13 423 157 0.649186
coreB 14 385 145 0.74929
coreB 15 388 135 0.775473
coreB 16 356 126 0.76744
coreB 17 347 119 0.795858
coreB 18 332 112 0.782686
coreB 19 327 106 0.776828
coreB 20 316 100 0.775712
coreB 21 304 95 0.782268
coreB 22 290 90 0.773643
coreB 23 295 86 0.778037
coreB 24 277 81 0.769329
coreB 25 269 78 0.786809
coreB 26 258 75 0.78304
coreB 27 261 71 0.780013
coreB 28 243 68 0.777207
coreB 29 241 66 0.657869
coreB 30 224 62 0.6545
coreB 31 212 60 0.769739
coreB 32 220 58 0.764253
coreB 33 211 55 0.763924
coreB 34 204 53 0.760885
coreB 35 215 51 0.768216
coreB 36 202 49 0.763077
coreB 37 214 47 0.761222
coreB 38 209 46 1.05887
coreB 39 191 45 0.770666
coreB 40 188 43 1.03872
coreB 41 199 43 0.758346
total 8.99449
coreA 1 332 2502 0.372441
coreA 2 321 2037 0.885085
coreA 3 317 1851 0.860216
coreA 4 300 1752 0.866626
coreA 5 303 1686 0.850308
coreA 6 302 1605 0.849673
coreA 7 289 1550 0.851997
coreA 8 290 1502 0.849164
coreA 9 280 1464 0.85685
coreA 10 286 1419 0.839455
coreA 11 280 1387 0.831588
coreA 12 273 1357 0.831572
coreA 13 273 1327 0.830443
coreA 14 274 1308 4.40588
coreA 15 270 1292 0.832009
coreA 16 275 1270 0.836431
coreA 17 265 1248 0.83778
coreA 18 264 1230 0.834896
coreA 19 268 1213 0.83203
coreA 20 259 1197 4.36515
coreA 21 263 1184 0.817975
coreA 22 260 1162 0.838205
coreA 23 259 1150 0.815614
coreA 24 249 1139 4.39214
coreA 25 254 1120 0.829783
coreA 26 251 1100 0.826811
coreA 27 254 1083 0.832512
coreA 28 241 1063 0.83475
coreA 29 245 1047 0.832158
coreA 30 247 1030 4.41278
coreA 31 246 1014 0.835314
coreA 32 245 1009 0.833994
coreA 33 242 999 0.846507
coreA 34 249 989 0.84899
coreA 35 235 982 0.83753
coreA 36 239 967 0.836949
coreA 37 237 950 0.833835
coreA 38 237 944 0.841701
coreA 39 241 931 0.829917
coreA 40 231 924 0.832252
coreA 41 236 916 0.826924
coreB 1 681 13601 0.755241
coreB 2 752 1466 0.865082
coreB 3 709 824 0.824656
coreB 4 642 551 0.818645
coreB 5 616 424 0.809091
coreB 6 561 350 0.799818
coreB 7 542 297 0.786494
coreB 8 526 260 3.9393
coreB 9 492 236 0.775667
coreB 10 490 210 2.89648
coreB 11 466 191 0.758192
coreB 12 431 173 0.7632
coreB 13 423 157 0.763665
coreB 14 385 145 3.12265
coreB 15 388 135 0.762294
coreB 16 356 126 0.762859
coreB 17 347 119 0.792026
coreB 18 332 112 0.848463
coreB 19 327 106 0.653916
coreB 20 316 100 0.873038
coreB 21 304 95 0.79169
coreB 22 290 90 0.786676
coreB 23 295 86 0.824881
coreB 24 277 81 0.595701
coreB 25 269 78 0.770239
coreB 26 258 75 0.772565
coreB 27 261 71 0.776174
coreB 28 243 68 0.782399
coreB 29 241 66 0.781166
coreB 30 224 62 1.27816
coreB 31 212 60 0.773931
coreB 32 220 58 0.769252
coreB 33 211 55 1.28702
coreB 34 204 53 1.21484
coreB 35 215 51 0.764371
coreB 36 202 49 0.759536
coreB 37 214 47 0.788867
coreB 38 209 46 0.774513
coreB 39 191 45 0.765933
coreB 40 188 43 1.93716
coreB 41 199 43 0.761805
total 9.2032
