coreA 1 332 2502 0.935765
coreA 2 321 2037 0.877653
coreA 3 317 1851 0.876997
coreA 4 300 1752 0.860519
coreA 5 303 1686 0.865752
coreA 6 302 1605 0.854572
coreA 7 289 1550 0.862344
coreA 8 290 1502 0.860473
coreA 9 280 1464 0.881552
coreA 10 286 1419 0.850605
coreA 11 280 1387 0.84136
coreA 12 273 1357 0.841954
coreA 13 273 1327 0.841959
coreA 14 274 1308 0.837559
coreA 15 270 1292 0.850057
coreA 16 275 1270 0.836923
coreA 17 265 1248 0.838525
coreA 18 264 1230 0.836904
coreA 19 268 1213 0.836673
coreA 20 259 1197 0.835104
coreA 21 263 1184 0.836002
coreA 22 260 1162 0.83877
coreA 23 259 1150 0.833767
coreA 24 249 1139 0.836361
coreA 25 254 1120 0.835033
coreA 26 251 1100 0.833156
coreA 27 254 1083 0.871902
coreA 28 241 1063 0.83092
coreA 29 245 1047 0.825719
coreA 30 247 1030 0.826673
coreA 31 246 1014 0.828088
coreA 32 245 1009 0.826121
coreA 33 242 999 0.829222
coreA 34 249 989 0.826611
coreA 35 235 982 0.829183
coreA 36 239 967 0.830395
coreA 37 237 950 0.8297
coreA 38 237 944 0.830284
coreA 39 241 931 0.830623
coreA 40 231 924 0.589452
coreA 41 236 916 0.842852
coreB 1 681 13601 1.01799
coreB 2 752 1466 0.87331
coreB 3 709 824 0.830846
coreB 4 642 551 0.816642
coreB 5 616 424 0.802776
coreB 6 561 350 0.788883
coreB 7 542 297 0.7872
coreB 8 526 260 0.778093
coreB 9 492 236 0.795808
coreB 10 490 210 0.771003
coreB 11 466 191 0.76393
coreB 12 431 173 0.764417
coreB 13 423 157 0.760504
coreB 14 385 145 0.757092
coreB 15 388 135 0.75778
coreB 16 356 126 0.770117
coreB 17 347 119 0.789773
coreB 18 332 112 0.783136
coreB 19 327 106 0.785229
coreB 20 316 100 0.779048
coreB 21 304 95 0.779405
coreB 22 290 90 0.778681
coreB 23 295 86 0.778717
coreB 24 277 81 0.775137
coreB 25 269 78 0.775805
coreB 26 258 75 0.777203
coreB 27 261 71 0.774081
coreB 28 243 68 0.773186
coreB 29 241 66 0.788198
coreB 30 224 62 0.778252
coreB 31 212 60 0.773786
coreB 32 220 58 0.774306
coreB 33 211 55 0.777794
coreB 34 204 53 0.771936
coreB 35 215 51 0.769508
coreB 36 202 49 0.766317
coreB 37 214 47 0.770383
coreB 38 209 46 0.768275
coreB 39 191 45 0.768082
coreB 40 188 43 0.770816
coreB 41 199 43 0.771354
total 34.1261
coreA 1 332 2502 0.886768
coreA 2 321 2037 0.872633
coreA 3 317 1851 0.863909
coreA 4 300 1752 0.859297
coreA 5 303 1686 0.857723
coreA 6 302 1605 0.852258
coreA 7 289 1550 0.855112
coreA 8 290 1502 0.8502
coreA 9 280 1464 0.856424
coreA 10 286 1419 0.853127
coreA 11 280 1387 0.841464
coreA 12 273 1357 0.859733
coreA 13 273 1327 0.840233
coreA 14 274 1308 0.83603
coreA 15 270 1292 0.83372
coreA 16 275 1270 0.830761
coreA 17 265 1248 0.835148
coreA 18 264 1230 0.83138
coreA 19 268 1213 0.833024
coreA 20 259 1197 0.83115
coreA 21 263 1184 0.833279
coreA 22 260 1162 0.832309
coreA 23 259 1150 0.833644
coreA 24 249 1139 0.828385
coreA 25 254 1120 0.828858
coreA 26 251 1100 0.827863
coreA 27 254 1083 0.834118
coreA 28 241 1063 0.828005
coreA 29 245 1047 0.827208
coreA 30 247 1030 0.827736
coreA 31 246 1014 0.830602
coreA 32 245 1009 0.828834
coreA 33 242 999 0.833617
coreA 34 249 989 0.82895
coreA 35 235 982 0.831814
coreA 36 239 967 0.836201
coreA 37 237 950 0.830182
coreA 38 237 944 0.828696
coreA 39 241 931 0.830145
coreA 40 231 924 0.620966
coreA 41 236 916 0.841471
coreB 1 681 13601 0.944582
coreB 2 752 1466 0.875246
coreB 3 709 824 0.828952
coreB 4 642 551 0.82157
coreB 5 616 424 0.807577
coreB 6 561 350 0.798843
coreB 7 542 297 0.789606
coreB 8 526 260 0.784931
coreB 9 492 236 0.778142
coreB 10 490 210 0.772083
coreB 11 466 191 0.763941
coreB 12 431 173 0.782997
coreB 13 423 157 0.767749
coreB 14 385 145 0.761295
coreB 15 388 135 0.761686
coreB 16 356 126 0.756757
coreB 17 347 119 0.788026
coreB 18 332 112 0.784848
coreB 19 327 106 0.783211
coreB 20 316 100 0.779392
coreB 21 304 95 0.78235
coreB 22 290 90 0.779051
coreB 23 295 86 0.776948
coreB 24 277 81 0.773963
coreB 25 269 78 0.774795
coreB 26 258 75 0.773439
coreB 27 261 71 0.774272
coreB 28 243 68 0.772919
coreB 29 241 66 0.771669
coreB 30 224 62 0.771698
coreB 31 212 60 0.771516
coreB 32 220 58 0.768393
coreB 33 211 55 0.769993
coreB 34 204 53 0.769048
coreB 35 215 51 0.768106
coreB 36 202 49 0.768195
coreB 37 214 47 0.766698
coreB 38 209 46 0.765962
coreB 39 191 45 0.768381
coreB 40 188 43 0.766707
coreB 41 199 43 0.765717
total 33.947
coreA 1 332 2502 0.882226
coreA 2 321 2037 0.870452
coreA 3 317 1851 0.85803
coreA 4 300 1752 0.853488
coreA 5 303 1686 0.853984
coreA 6 302 1605 0.847255
coreA 7 289 1550 0.847316
coreA 8 290 1502 0.845898
coreA 9 280 1464 0.846923
coreA 10 286 1419 0.846054
coreA 11 280 1387 0.836115
coreA 12 273 1357 0.831128
coreA 13 273 1327 0.830781
coreA 14 274 1308 0.831388
coreA 15 270 1292 0.833077
coreA 16 275 1270 0.829884
coreA 17 265 1248 0.82971
coreA 18 264 1230 0.830532
coreA 19 268 1213 0.833456
coreA 20 259 1197 0.833751
coreA 21 263 1184 0.83062
coreA 22 260 1162 0.833417
coreA 23 259 1150 0.831216
coreA 24 249 1139 0.828309
coreA 25 254 1120 0.82921
coreA 26 251 1100 0.826995
coreA 27 254 1083 0.830885
coreA 28 241 1063 0.828489
coreA 29 245 1047 0.826519
coreA 30 247 1030 0.828276
coreA 31 246 1014 0.828528
coreA 32 245 1009 0.833489
coreA 33 242 999 0.833862
coreA 34 249 989 0.831298
coreA 35 235 982 0.837239
coreA 36 239 967 0.833405
coreA 37 237 950 0.831898
coreA 38 237 944 0.832223
coreA 39 241 931 0.832628
coreA 40 231 924 0.638341
coreA 41 236 916 0.840428
coreB 1 681 13601 0.941328
coreB 2 752 1466 0.872724
coreB 3 709 824 0.823676
coreB 4 642 551 0.813519
coreB 5 616 424 0.801483
coreB 6 561 350 0.792451
coreB 7 542 297 0.783891
coreB 8 526 260 0.779857
coreB 9 492 236 0.772531
coreB 10 490 210 0.772204
coreB 11 466 191 0.769808
coreB 12 431 173 0.763924
coreB 13 423 157 0.759721
coreB 14 385 145 0.757765
coreB 15 388 135 0.758823
coreB 16 356 126 0.759687
coreB 17 347 119 0.788213
coreB 18 332 112 0.784213
coreB 19 327 106 0.784342
coreB 20 316 100 0.781393
coreB 21 304 95 0.78077
coreB 22 290 90 0.779584
coreB 23 295 86 0.779389
coreB 24 277 81 0.779213
coreB 25 269 78 0.77955
coreB 26 258 75 0.776511
coreB 27 261 71 0.775204
coreB 28 243 68 0.773263
coreB 29 241 66 0.770139
coreB 30 224 62 0.770562
coreB 31 212 60 0.766719
coreB 32 220 58 0.768838
coreB 33 211 55 0.767782
coreB 34 204 53 0.775756
coreB 35 215 51 0.764821
coreB 36 202 49 0.766415
coreB 37 214 47 0.766725
coreB 38 209 46 0.764409
coreB 39 191 45 0.766213
coreB 40 188 43 0.763443
coreB 41 199 43 0.768194
total 33.8513
coreA 1 332 2502 0.885402
coreA 2 321 2037 0.871181
coreA 3 317 1851 0.857307
coreA 4 300 1752 0.853568
coreA 5 303 1686 0.854112
coreA 6 302 1605 0.851084
coreA 7 289 1550 0.847089
coreA 8 290 1502 0.845989
coreA 9 280 1464 0.851591
coreA 10 286 1419 0.851995
coreA 11 280 1387 0.843225
coreA 12 273 1357 0.841953
coreA 13 273 1327 0.835718
coreA 14 274 1308 0.838847
coreA 15 270 1292 0.8324
coreA 16 275 1270 0.828655
coreA 17 265 1248 0.834137
coreA 18 264 1230 0.833852
coreA 19 268 1213 0.83134
coreA 20 259 1197 0.8318
coreA 21 263 1184 0.83116
coreA 22 260 1162 0.833255
coreA 23 259 1150 0.829629
coreA 24 249 1139 0.833358
coreA 25 254 1120 0.832447
coreA 26 251 1100 0.829216
coreA 27 254 1083 0.835207
coreA 28 241 1063 0.838277
coreA 29 245 1047 0.828611
coreA 30 247 1030 0.832073
coreA 31 246 1014 0.832442
coreA 32 245 1009 0.830323
coreA 33 242 999 0.833971
coreA 34 249 989 0.831736
coreA 35 235 982 0.835645
coreA 36 239 967 0.831896
coreA 37 237 950 0.830478
coreA 38 237 944 0.831352
coreA 39 241 931 0.833117
coreA 40 231 924 0.56142
coreA 41 236 916 0.840453
coreB 1 681 13601 0.934397
coreB 2 752 1466 0.86793
coreB 3 709 824 0.821262
coreB 4 642 551 0.812573
coreB 5 616 424 0.797404
coreB 6 561 350 0.786263
coreB 7 542 297 0.779715
coreB 8 526 260 0.772245
coreB 9 492 236 0.769345
coreB 10 490 210 0.767146
coreB 11 466 191 0.761995
coreB 12 431 173 0.762498
coreB 13 423 157 0.760282
coreB 14 385 145 0.755671
coreB 15 388 135 0.756265
coreB 16 356 126 0.753738
coreB 17 347 119 0.780902
coreB 18 332 112 0.779308
coreB 19 327 106 0.780094
coreB 20 316 100 0.777399
coreB 21 304 95 0.778274
coreB 22 290 90 0.777028
coreB 23 295 86 0.775676
coreB 24 277 81 0.775345
coreB 25 269 78 0.773766
coreB 26 258 75 0.77242
coreB 27 261 71 0.77278
coreB 28 243 68 0.770255
coreB 29 241 66 0.770928
coreB 30 224 62 0.778698
coreB 31 212 60 0.771658
coreB 32 220 58 0.771261
coreB 33 211 55 0.770458
coreB 34 204 53 0.766012
coreB 35 215 51 0.765625
coreB 36 202 49 0.768131
coreB 37 214 47 0.767939
coreB 38 209 46 0.765824
coreB 39 191 45 0.769073
coreB 40 188 43 0.768398
coreB 41 199 43 0.76751
total 33.852
coreA 1 332 2502 0.882256
coreA 2 321 2037 0.869525
coreA 3 317 1851 0.862112
coreA 4 300 1752 0.854774
coreA 5 303 1686 0.856956
coreA 6 302 1605 0.850685
coreA 7 289 1550 0.850918
coreA 8 290 1502 0.850765
coreA 9 280 1464 0.852156
coreA 10 286 1419 0.848536
coreA 11 280 1387 0.837579
coreA 12 273 1357 0.836967
coreA 13 273 1327 0.843795
coreA 14 274 1308 0.837457
coreA 15 270 1292 0.833804
coreA 16 275 1270 0.834434
coreA 17 265 1248 0.83494
coreA 18 264 1230 0.835744
coreA 19 268 1213 0.835735
coreA 20 259 1197 0.836784
coreA 21 263 1184 0.834167
coreA 22 260 1162 0.832347
coreA 23 259 1150 0.838913
coreA 24 249 1139 0.83705
coreA 25 254 1120 0.833217
coreA 26 251 1100 0.832594
coreA 27 254 1083 0.833789
coreA 28 241 1063 0.831035
coreA 29 245 1047 0.83222
coreA 30 247 1030 0.833859
coreA 31 246 1014 0.834749
coreA 32 245 1009 0.834173
coreA 33 242 999 0.836644
coreA 34 249 989 0.833294
coreA 35 235 982 0.834596
coreA 36 239 967 0.833607
coreA 37 237 950 0.834487
coreA 38 237 944 0.834889
coreA 39 241 931 0.833973
coreA 40 231 924 0.592442
coreA 41 236 916 0.836582
coreB 1 681 13601 0.934645
coreB 2 752 1466 0.868146
coreB 3 709 824 0.823287
coreB 4 642 551 0.81125
coreB 5 616 424 0.804054
coreB 6 561 350 0.791951
coreB 7 542 297 0.786561
coreB 8 526 260 0.781963
coreB 9 492 236 0.778493
coreB 10 490 210 0.773171
coreB 11 466 191 0.768665
coreB 12 431 173 0.765403
coreB 13 423 157 0.761099
coreB 14 385 145 0.761167
coreB 15 388 135 0.760296
coreB 16 356 126 0.75643
coreB 17 347 119 0.788002
coreB 18 332 112 0.783959
coreB 19 327 106 0.788056
coreB 20 316 100 0.78228
coreB 21 304 95 0.78015
coreB 22 290 90 0.78002
coreB 23 295 86 0.779524
coreB 24 277 81 0.778759
coreB 25 269 78 0.780996
coreB 26 258 75 0.778374
coreB 27 261 71 0.778328
coreB 28 243 68 0.775578
coreB 29 241 66 0.77467
coreB 30 224 62 0.770561
coreB 31 212 60 0.772997
coreB 32 220 58 0.771793
coreB 33 211 55 0.772427
coreB 34 204 53 0.768129
coreB 35 215 51 0.769623
coreB 36 202 49 0.767382
coreB 37 214 47 0.766152
coreB 38 209 46 0.765207
coreB 39 191 45 0.768264
coreB 40 188 43 0.768876
coreB 41 199 43 0.767379
total 33.9381
