coreA 1 332 2502 0.892892
coreA 2 321 2037 0.797546
coreA 3 317 1851 0.790558
coreA 4 300 1752 0.7821
coreA 5 303 1686 0.772776
coreA 6 302 1605 0.793519
coreA 7 289 1550 0.761865
coreA 8 290 1502 0.757732
coreA 9 280 1464 0.758601
coreA 10 286 1419 0.758077
coreA 11 280 1387 0.761243
coreA 12 273 1357 0.760547
coreA 13 273 1327 0.759169
coreA 14 274 1308 0.755062
coreA 15 270 1292 0.755306
coreA 16 275 1270 0.757914
coreA 17 265 1248 0.767202
coreA 18 264 1230 0.746196
coreA 19 268 1213 0.750949
coreA 20 259 1197 0.756026
coreA 21 263 1184 0.76809
coreA 22 260 1162 0.766161
coreA 23 259 1150 0.767831
coreA 24 249 1139 0.768243
coreA 25 254 1120 0.763809
coreA 26 251 1100 0.771643
coreA 27 254 1083 0.769786
coreA 28 241 1063 0.771454
coreA 29 245 1047 0.768226
coreA 30 247 1030 0.767371
coreA 31 246 1014 0.764637
coreA 32 245 1009 0.767514
coreA 33 242 999 0.764101
coreA 34 249 989 0.766356
coreA 35 235 982 0.776911
coreA 36 239 967 0.765952
coreA 37 237 950 0.768065
coreA 38 237 944 0.763558
coreA 39 241 931 0.763542
coreA 40 231 924 0.76367
coreA 41 236 916 0.766678
coreB 1 681 13601 0.990952
coreB 2 752 1466 0.867073
coreB 3 709 824 0.83705
coreB 4 642 551 0.807707
coreB 5 616 424 0.786069
coreB 6 561 350 0.772721
coreB 7 542 297 0.79335
coreB 8 526 260 0.780723
coreB 9 492 236 0.775452
coreB 10 490 210 0.770362
coreB 11 466 191 0.764591
coreB 12 431 173 0.762099
coreB 13 423 157 0.756246
coreB 14 385 145 0.758517
coreB 15 388 135 0.747859
coreB 16 356 126 0.746732
coreB 17 347 119 0.745173
coreB 18 332 112 0.740209
coreB 19 327 106 0.737954
coreB 20 316 100 0.734926
coreB 21 304 95 0.731476
coreB 22 290 90 0.732309
coreB 23 295 86 0.730928
coreB 24 277 81 0.738544
coreB 25 269 78 0.727356
coreB 26 258 75 0.725295
coreB 27 261 71 0.72258
coreB 28 243 68 0.717764
coreB 29 241 66 0.717663
coreB 30 224 62 0.719532
coreB 31 212 60 0.720507
coreB 32 220 58 0.714438
coreB 33 211 55 0.713697
coreB 34 204 53 0.712751
coreB 35 215 51 0.714192
coreB 36 202 49 0.715544
coreB 37 214 47 0.712711
coreB 38 209 46 0.71004
coreB 39 191 45 0.708032
coreB 40 188 43 0.710088
coreB 41 199 43 0.709354
total 63.2489
coreA 1 332 2502 0.798832
coreA 2 321 2037 0.768674
coreA 3 317 1851 0.766149
coreA 4 300 1752 0.761004
coreA 5 303 1686 0.764619
coreA 6 302 1605 0.768646
coreA 7 289 1550 0.767889
coreA 8 290 1502 0.765251
coreA 9 280 1464 0.753478
coreA 10 286 1419 0.753793
coreA 11 280 1387 0.751174
coreA 12 273 1357 0.751521
coreA 13 273 1327 0.748617
coreA 14 274 1308 0.748178
coreA 15 270 1292 0.747595
coreA 16 275 1270 0.75054
coreA 17 265 1248 0.749101
coreA 18 264 1230 0.745486
coreA 19 268 1213 0.74901
coreA 20 259 1197 0.746768
coreA 21 263 1184 0.763462
coreA 22 260 1162 0.761786
coreA 23 259 1150 0.761504
coreA 24 249 1139 0.760682
coreA 25 254 1120 0.760771
coreA 26 251 1100 0.760421
coreA 27 254 1083 0.734904
coreA 28 241 1063 0.757293
coreA 29 245 1047 0.761838
coreA 30 247 1030 0.761227
coreA 31 246 1014 0.759661
coreA 32 245 1009 0.765472
coreA 33 242 999 0.758624
coreA 34 249 989 0.758747
coreA 35 235 982 0.759423
coreA 36 239 967 0.758744
coreA 37 237 950 0.759043
coreA 38 237 944 0.758516
coreA 39 241 931 0.7612
coreA 40 231 924 0.759796
coreA 41 236 916 0.763288
coreB 1 681 13601 0.944147
coreB 2 752 1466 0.859294
coreB 3 709 824 0.830516
coreB 4 642 551 0.806105
coreB 5 616 424 0.783878
coreB 6 561 350 0.768801
coreB 7 542 297 0.791904
coreB 8 526 260 0.785524
coreB 9 492 236 0.78244
coreB 10 490 210 0.769095
coreB 11 466 191 0.762114
coreB 12 431 173 0.756354
coreB 13 423 157 0.75188
coreB 14 385 145 0.753488
coreB 15 388 135 0.746379
coreB 16 356 126 0.745031
coreB 17 347 119 0.742653
coreB 18 332 112 0.746345
coreB 19 327 106 0.738139
coreB 20 316 100 0.740716
coreB 21 304 95 0.737156
coreB 22 290 90 0.734562
coreB 23 295 86 0.732264
coreB 24 277 81 0.731301
coreB 25 269 78 0.728667
coreB 26 258 75 0.723128
coreB 27 261 71 0.722871
coreB 28 243 68 0.720168
coreB 29 241 66 0.722255
coreB 30 224 62 0.721717
coreB 31 212 60 0.716827
coreB 32 220 58 0.724921
coreB 33 211 55 0.714968
coreB 34 204 53 0.71265
coreB 35 215 51 0.714277
coreB 36 202 49 0.71547
coreB 37 214 47 0.718043
coreB 38 209 46 0.713003
coreB 39 191 45 0.710831
coreB 40 188 43 0.712019
coreB 41 199 43 0.70776
total 62.7294
coreA 1 332 2502 0.803465
coreA 2 321 2037 0.775921
coreA 3 317 1851 0.764659
coreA 4 300 1752 0.762843
coreA 5 303 1686 0.765933
coreA 6 302 1605 0.756997
coreA 7 289 1550 0.753022
coreA 8 290 1502 0.756239
coreA 9 280 1464 0.755988
coreA 10 286 1419 0.755596
coreA 11 280 1387 0.750836
coreA 12 273 1357 0.753813
coreA 13 273 1327 0.752834
coreA 14 274 1308 0.752795
coreA 15 270 1292 0.760919
coreA 16 275 1270 0.752654
coreA 17 265 1248 0.751152
coreA 18 264 1230 0.750304
coreA 19 268 1213 0.743362
coreA 20 259 1197 0.747636
coreA 21 263 1184 0.764237
coreA 22 260 1162 0.763289
coreA 23 259 1150 0.758802
coreA 24 249 1139 0.761849
coreA 25 254 1120 0.761248
coreA 26 251 1100 0.760872
coreA 27 254 1083 0.763217
coreA 28 241 1063 0.763915
coreA 29 245 1047 0.76427
coreA 30 247 1030 0.772015
coreA 31 246 1014 0.761271
coreA 32 245 1009 0.759832
coreA 33 242 999 0.663345
coreA 34 249 989 0.73973
coreA 35 235 982 0.758919
coreA 36 239 967 0.758304
coreA 37 237 950 0.76092
coreA 38 237 944 0.76167
coreA 39 241 931 0.761248
coreA 40 231 924 0.7597
coreA 41 236 916 0.763373
coreB 1 681 13601 0.943221
coreB 2 752 1466 0.86336
coreB 3 709 824 0.840399
coreB 4 642 551 0.805162
coreB 5 616 424 0.786591
coreB 6 561 350 0.772974
coreB 7 542 297 0.7935
coreB 8 526 260 0.784846
coreB 9 492 236 0.778026
coreB 10 490 210 0.76969
coreB 11 466 191 0.763887
coreB 12 431 173 0.763654
coreB 13 423 157 0.768879
coreB 14 385 145 0.761477
coreB 15 388 135 0.748932
coreB 16 356 126 0.745385
coreB 17 347 119 0.741319
coreB 18 332 112 0.735861
coreB 19 327 106 0.734066
coreB 20 316 100 0.737983
coreB 21 304 95 0.730574
coreB 22 290 90 0.730511
coreB 23 295 86 0.730931
coreB 24 277 81 0.729506
coreB 25 269 78 0.728292
coreB 26 258 75 0.724109
coreB 27 261 71 0.724858
coreB 28 243 68 0.725634
coreB 29 241 66 0.720772
coreB 30 224 62 0.717639
coreB 31 212 60 0.716897
coreB 32 220 58 0.717556
coreB 33 211 55 0.714804
coreB 34 204 53 0.713554
coreB 35 215 51 0.71668
coreB 36 202 49 0.71902
coreB 37 214 47 0.71592
coreB 38 209 46 0.713534
coreB 39 191 45 0.709917
coreB 40 188 43 0.709411
coreB 41 199 43 0.708953
total 62.6967
coreA 1 332 2502 0.801385
coreA 2 321 2037 0.771895
coreA 3 317 1851 0.768437
coreA 4 300 1752 0.764414
coreA 5 303 1686 0.763799
coreA 6 302 1605 0.758249
coreA 7 289 1550 0.755808
coreA 8 290 1502 0.755728
coreA 9 280 1464 0.75699
coreA 10 286 1419 0.752425
coreA 11 280 1387 0.750967
coreA 12 273 1357 0.752514
coreA 13 273 1327 0.753122
coreA 14 274 1308 0.753009
coreA 15 270 1292 0.74922
coreA 16 275 1270 0.750834
coreA 17 265 1248 0.748553
coreA 18 264 1230 0.748209
coreA 19 268 1213 0.749037
coreA 20 259 1197 0.748328
coreA 21 263 1184 0.764062
coreA 22 260 1162 0.763789
coreA 23 259 1150 0.761687
coreA 24 249 1139 0.763295
coreA 25 254 1120 0.764334
coreA 26 251 1100 0.761285
coreA 27 254 1083 0.761163
coreA 28 241 1063 0.761173
coreA 29 245 1047 0.764577
coreA 30 247 1030 0.764058
coreA 31 246 1014 0.762545
coreA 32 245 1009 0.76055
coreA 33 242 999 0.760064
coreA 34 249 989 0.759237
coreA 35 235 982 0.762677
coreA 36 239 967 0.761274
coreA 37 237 950 0.761782
coreA 38 237 944 0.763745
coreA 39 241 931 0.762224
coreA 40 231 924 0.764878
coreA 41 236 916 0.762165
coreB 1 681 13601 0.938237
coreB 2 752 1466 0.858803
coreB 3 709 824 0.833297
coreB 4 642 551 0.799094
coreB 5 616 424 0.783444
coreB 6 561 350 0.770826
coreB 7 542 297 0.791299
coreB 8 526 260 0.781506
coreB 9 492 236 0.77326
coreB 10 490 210 0.766598
coreB 11 466 191 0.765742
coreB 12 431 173 0.760302
coreB 13 423 157 0.752231
coreB 14 385 145 0.748804
coreB 15 388 135 0.744802
coreB 16 356 126 0.750073
coreB 17 347 119 0.754257
coreB 18 332 112 0.746837
coreB 19 327 106 0.747676
coreB 20 316 100 0.735983
coreB 21 304 95 0.732109
coreB 22 290 90 0.728628
coreB 23 295 86 0.730878
coreB 24 277 81 0.728873
coreB 25 269 78 0.724852
coreB 26 258 75 0.722172
coreB 27 261 71 0.719586
coreB 28 243 68 0.72075
coreB 29 241 66 0.71869
coreB 30 224 62 0.722071
coreB 31 212 60 0.7165
coreB 32 220 58 0.715071
coreB 33 211 55 0.712439
coreB 34 204 53 0.709171
coreB 35 215 51 0.713185
coreB 36 202 49 0.709866
coreB 37 214 47 0.711684
coreB 38 209 46 0.7084
coreB 39 191 45 0.710586
coreB 40 188 43 0.708764
coreB 41 199 43 0.708992
total 62.7308
coreA 1 332 2502 0.797973
coreA 2 321 2037 0.767141
coreA 3 317 1851 0.76449
coreA 4 300 1752 0.771871
coreA 5 303 1686 0.765373
coreA 6 302 1605 0.756361
coreA 7 289 1550 0.759549
coreA 8 290 1502 0.755335
coreA 9 280 1464 0.7586
coreA 10 286 1419 0.752776
coreA 11 280 1387 0.749962
coreA 12 273 1357 0.748683
coreA 13 273 1327 0.74554
coreA 14 274 1308 0.750108
coreA 15 270 1292 0.759357
coreA 16 275 1270 0.748469
coreA 17 265 1248 0.744074
coreA 18 264 1230 0.7534
coreA 19 268 1213 0.751255
coreA 20 259 1197 0.749031
coreA 21 263 1184 0.762504
coreA 22 260 1162 0.763151
coreA 23 259 1150 0.762372
coreA 24 249 1139 0.761479
coreA 25 254 1120 0.758261
coreA 26 251 1100 0.761181
coreA 27 254 1083 0.762984
coreA 28 241 1063 0.761392
coreA 29 245 1047 0.759219
coreA 30 247 1030 0.762317
coreA 31 246 1014 0.760019
coreA 32 245 1009 0.759599
coreA 33 242 999 0.758491
coreA 34 249 989 0.761788
coreA 35 235 982 0.760601
coreA 36 239 967 0.759268
coreA 37 237 950 0.758033
coreA 38 237 944 0.75879
coreA 39 241 931 0.760832
coreA 40 231 924 0.763602
coreA 41 236 916 0.766149
coreB 1 681 13601 0.937686
coreB 2 752 1466 0.860077
coreB 3 709 824 0.832341
coreB 4 642 551 0.802129
coreB 5 616 424 0.787061
coreB 6 561 350 0.773952
coreB 7 542 297 0.78982
coreB 8 526 260 0.78252
coreB 9 492 236 0.776224
coreB 10 490 210 0.771187
coreB 11 466 191 0.762846
coreB 12 431 173 0.76009
coreB 13 423 157 0.75533
coreB 14 385 145 0.750117
coreB 15 388 135 0.745742
coreB 16 356 126 0.74668
coreB 17 347 119 0.74036
coreB 18 332 112 0.739002
coreB 19 327 106 0.736092
coreB 20 316 100 0.739286
coreB 21 304 95 0.739039
coreB 22 290 90 0.735761
coreB 23 295 86 0.733678
coreB 24 277 81 0.730042
coreB 25 269 78 0.727219
coreB 26 258 75 0.723818
coreB 27 261 71 0.72008
coreB 28 243 68 0.72142
coreB 29 241 66 0.722726
coreB 30 224 62 0.718039
coreB 31 212 60 0.717614
coreB 32 220 58 0.720049
coreB 33 211 55 0.716628
coreB 34 204 53 0.712974
coreB 35 215 51 0.715091
coreB 36 202 49 0.711774
coreB 37 214 47 0.711933
coreB 38 209 46 0.709831
coreB 39 191 45 0.707678
coreB 40 188 43 0.710663
coreB 41 199 43 0.70897
total 62.7206
