coreA 1 332 2502 0.314273
coreA 2 321 2037 0.936909
coreA 3 317 1851 0.912287
coreA 4 300 1752 0.903341
coreA 5 303 1686 0.893077
coreA 6 302 1605 0.898771
coreA 7 289 1550 0.872389
coreA 8 290 1502 1.68944
coreA 9 280 1464 0.88037
coreA 10 286 1419 0.871318
coreA 11 280 1387 0.869168
coreA 12 273 1357 0.864486
coreA 13 273 1327 0.869501
coreA 14 274 1308 3.74028
coreA 15 270 1292 0.861386
coreA 16 275 1270 0.863298
coreA 17 265 1248 0.844765
coreA 18 264 1230 0.871994
coreA 19 268 1213 0.854862
coreA 20 259 1197 3.40377
coreA 21 263 1184 0.863253
coreA 22 260 1162 0.857891
coreA 23 259 1150 2.86598
coreA 24 249 1139 0.854719
coreA 25 254 1120 0.864079
coreA 26 251 1100 0.864168
coreA 27 254 1083 2.7167
coreA 28 241 1063 0.84721
coreA 29 245 1047 1.7701
coreA 30 247 1030 0.85397
coreA 31 246 1014 0.867006
coreA 32 245 1009 0.910609
coreA 33 242 999 0.864044
coreA 34 249 989 2.67629
coreA 35 235 982 0.868478
coreA 36 239 967 0.861736
coreA 37 237 950 0.868759
coreA 38 237 944 3.5281
coreA 39 241 931 0.870337
coreA 40 231 924 0.866116
coreA 41 236 916 0.871141
coreB 1 681 13601 0.719968
coreB 2 752 1466 1.04185
coreB 3 709 824 0.863483
coreB 4 642 551 0.823415
coreB 5 616 424 0.837632
coreB 6 561 350 0.808966
coreB 7 542 297 1.45749
coreB 8 526 260 0.788678
coreB 9 492 236 0.787
coreB 10 490 210 0.776194
coreB 11 466 191 0.677252
coreB 12 431 173 0.813967
coreB 13 423 157 0.614606
coreB 14 385 145 0.647418
coreB 15 388 135 2.23197
coreB 16 356 126 0.768058
coreB 17 347 119 2.54945
coreB 18 332 112 0.789635
coreB 19 327 106 0.806595
coreB 20 316 100 2.73445
coreB 21 304 95 1.61111
coreB 22 290 90 2.49785
coreB 23 295 86 2.40515
coreB 24 277 81 1.63726
coreB 25 269 78 0.80853
coreB 26 258 75 0.778481
coreB 27 261 71 0.776654
coreB 28 243 68 0.810957
coreB 29 241 66 0.56547
coreB 30 224 62 0.949183
coreB 31 212 60 0.781799
coreB 32 220 58 0.698428
coreB 33 211 55 0.768815
coreB 34 204 53 0.814073
coreB 35 215 51 0.781675
coreB 36 202 49 0.768837
coreB 37 214 47 0.773596
coreB 38 209 46 0.732413
coreB 39 191 45 0.774669
coreB 40 188 43 0.727835
coreB 41 199 43 0.516753
total 5.14106
coreA 1 332 2502 0.311103
coreA 2 321 2037 0.889239
coreA 3 317 1851 0.872477
coreA 4 300 1752 0.863451
coreA 5 303 1686 0.871748
coreA 6 302 1605 0.87227
coreA 7 289 1550 1.72499
coreA 8 290 1502 3.86143
coreA 9 280 1464 0.86361
coreA 10 286 1419 3.6177
coreA 11 280 1387 3.31215
coreA 12 273 1357 0.849832
coreA 13 273 1327 3.65458
coreA 14 274 1308 0.857545
coreA 15 270 1292 0.851369
coreA 16 275 1270 0.847123
coreA 17 265 1248 0.856597
coreA 18 264 1230 0.855915
coreA 19 268 1213 1.33235
coreA 20 259 1197 1.26039
coreA 21 263 1184 0.844225
coreA 22 260 1162 0.844839
coreA 23 259 1150 1.69124
coreA 24 249 1139 2.90581
coreA 25 254 1120 0.839058
coreA 26 251 1100 0.842482
coreA 27 254 1083 0.84856
coreA 28 241 1063 0.83421
coreA 29 245 1047 0.843105
coreA 30 247 1030 0.85151
coreA 31 246 1014 0.840817
coreA 32 245 1009 3.8317
coreA 33 242 999 0.836132
coreA 34 249 989 1.63893
coreA 35 235 982 0.845914
coreA 36 239 967 3.2496
coreA 37 237 950 0.844855
coreA 38 237 944 4.08826
coreA 39 241 931 0.84222
coreA 40 231 924 3.23199
coreA 41 236 916 0.840532
coreB 1 681 13601 0.718403
coreB 2 752 1466 0.888552
coreB 3 709 824 0.837668
coreB 4 642 551 0.829319
coreB 5 616 424 1.18633
coreB 6 561 350 0.881275
coreB 7 542 297 0.970391
coreB 8 526 260 0.843882
coreB 9 492 236 0.782365
coreB 10 490 210 0.779494
coreB 11 466 191 0.793645
coreB 12 431 173 0.837476
coreB 13 423 157 0.452668
coreB 14 385 145 0.830387
coreB 15 388 135 0.771821
coreB 16 356 126 0.763779
coreB 17 347 119 0.790048
coreB 18 332 112 0.788304
coreB 19 327 106 0.787618
coreB 20 316 100 1.63089
coreB 21 304 95 0.785919
coreB 22 290 90 0.78022
coreB 23 295 86 1.23442
coreB 24 277 81 0.885554
coreB 25 269 78 0.794398
coreB 26 258 75 0.787194
coreB 27 261 71 0.784868
coreB 28 243 68 0.82991
coreB 29 241 66 0.421279
coreB 30 224 62 0.413522
coreB 31 212 60 0.784571
coreB 32 220 58 0.770436
coreB 33 211 55 0.781884
coreB 34 204 53 1.19248
coreB 35 215 51 0.776078
coreB 36 202 49 0.772633
coreB 37 214 47 1.2
coreB 38 209 46 1.95634
coreB 39 191 45 0.775154
coreB 40 188 43 0.768549
coreB 41 199 43 0.771387
total 5.41372
coreA 1 332 2502 0.307724
coreA 2 321 2037 4.46584
coreA 3 317 1851 0.870269
coreA 4 300 1752 0.884586
coreA 5 303 1686 0.863301
coreA 6 302 1605 0.874485
coreA 7 289 1550 0.845484
coreA 8 290 1502 0.90096
coreA 9 280 1464 0.862747
coreA 10 286 1419 0.846084
coreA 11 280 1387 0.85048
coreA 12 273 1357 0.850148
coreA 13 273 1327 0.842125
coreA 14 274 1308 0.843501
coreA 15 270 1292 0.840353
coreA 16 275 1270 0.832136
coreA 17 265 1248 0.842866
coreA 18 264 1230 0.840731
coreA 19 268 1213 0.836747
coreA 20 259 1197 0.837995
coreA 21 263 1184 0.835191
coreA 22 260 1162 0.829784
coreA 23 259 1150 3.10155
coreA 24 249 1139 2.75626
coreA 25 254 1120 0.830229
coreA 26 251 1100 0.828189
coreA 27 254 1083 3.10272
coreA 28 241 1063 0.840709
coreA 29 245 1047 0.828008
coreA 30 247 1030 0.851551
coreA 31 246 1014 0.837373
coreA 32 245 1009 0.828831
coreA 33 242 999 0.829809
coreA 34 249 989 0.852482
coreA 35 235 982 0.838072
coreA 36 239 967 0.843233
coreA 37 237 950 0.856006
coreA 38 237 944 3.06527
coreA 39 241 931 0.843641
coreA 40 231 924 0.856592
coreA 41 236 916 1.88572
coreB 1 681 13601 0.710762
coreB 2 752 1466 0.886515
coreB 3 709 824 1.62554
coreB 4 642 551 0.829443
coreB 5 616 424 1.41882
coreB 6 561 350 0.80176
coreB 7 542 297 2.33707
coreB 8 526 260 0.788518
coreB 9 492 236 0.778356
coreB 10 490 210 0.904571
coreB 11 466 191 0.658936
coreB 12 431 173 0.937136
coreB 13 423 157 0.623382
coreB 14 385 145 0.962584
coreB 15 388 135 0.758816
coreB 16 356 126 1.71436
coreB 17 347 119 0.963417
coreB 18 332 112 0.791235
coreB 19 327 106 0.898223
coreB 20 316 100 1.65209
coreB 21 304 95 0.734839
coreB 22 290 90 0.779967
coreB 23 295 86 0.784197
coreB 24 277 81 2.68905
coreB 25 269 78 0.787747
coreB 26 258 75 0.943082
coreB 27 261 71 0.543189
coreB 28 243 68 1.2159
coreB 29 241 66 1.16933
coreB 30 224 62 0.819023
coreB 31 212 60 0.893413
coreB 32 220 58 0.508921
coreB 33 211 55 0.557382
coreB 34 204 53 0.492929
coreB 35 215 51 0.784755
coreB 36 202 49 1.57712
coreB 37 214 47 0.888289
coreB 38 209 46 1.2419
coreB 39 191 45 1.34571
coreB 40 188 43 1.63263
coreB 41 199 43 1.58631
total 5.30625
coreA 1 332 2502 0.305024
coreA 2 321 2037 0.885611
coreA 3 317 1851 2.44392
coreA 4 300 1752 0.863465
coreA 5 303 1686 0.854198
coreA 6 302 1605 0.863094
coreA 7 289 1550 2.52661
coreA 8 290 1502 3.91904
coreA 9 280 1464 0.851407
coreA 10 286 1419 0.841895
coreA 11 280 1387 2.84877
coreA 12 273 1357 0.841177
coreA 13 273 1327 0.843185
coreA 14 274 1308 2.85167
coreA 15 270 1292 0.844158
coreA 16 275 1270 0.843185
coreA 17 265 1248 0.827466
coreA 18 264 1230 0.836036
coreA 19 268 1213 0.83266
coreA 20 259 1197 2.86114
coreA 21 263 1184 0.831171
coreA 22 260 1162 0.831633
coreA 23 259 1150 1.61138
coreA 24 249 1139 2.82529
coreA 25 254 1120 0.838353
coreA 26 251 1100 0.828583
coreA 27 254 1083 0.871315
coreA 28 241 1063 0.834181
coreA 29 245 1047 0.828758
coreA 30 247 1030 3.09624
coreA 31 246 1014 0.842432
coreA 32 245 1009 0.834242
coreA 33 242 999 0.845594
coreA 34 249 989 0.84334
coreA 35 235 982 0.835692
coreA 36 239 967 4.16319
coreA 37 237 950 0.834736
coreA 38 237 944 0.828532
coreA 39 241 931 0.837625
coreA 40 231 924 0.84049
coreA 41 236 916 2.43734
coreB 1 681 13601 0.70151
coreB 2 752 1466 0.879518
coreB 3 709 824 0.871749
coreB 4 642 551 1.00069
coreB 5 616 424 1.40229
coreB 6 561 350 0.986177
coreB 7 542 297 0.801159
coreB 8 526 260 1.75573
coreB 9 492 236 0.920488
coreB 10 490 210 0.651293
coreB 11 466 191 0.62489
coreB 12 431 173 0.648761
coreB 13 423 157 0.597706
coreB 14 385 145 0.602053
coreB 15 388 135 0.780892
coreB 16 356 126 1.82171
coreB 17 347 119 0.851486
coreB 18 332 112 1.35434
coreB 19 327 106 1.3018
coreB 20 316 100 1.31631
coreB 21 304 95 0.805626
coreB 22 290 90 1.23651
coreB 23 295 86 0.806922
coreB 24 277 81 1.16868
coreB 25 269 78 2.46371
coreB 26 258 75 0.786836
coreB 27 261 71 2.03811
coreB 28 243 68 0.787142
coreB 29 241 66 0.798212
coreB 30 224 62 0.780319
coreB 31 212 60 0.77995
coreB 32 220 58 1.23973
coreB 33 211 55 0.774914
coreB 34 204 53 0.779359
coreB 35 215 51 0.780953
coreB 36 202 49 0.774016
coreB 37 214 47 0.775774
coreB 38 209 46 2.12561
coreB 39 191 45 0.773252
coreB 40 188 43 0.776411
coreB 41 199 43 2.43983
total 5.47219
coreA 1 332 2502 0.307273
coreA 2 321 2037 0.884281
coreA 3 317 1851 3.32131
coreA 4 300 1752 0.875833
coreA 5 303 1686 0.84516
coreA 6 302 1605 0.860922
coreA 7 289 1550 0.851499
coreA 8 290 1502 0.856852
coreA 9 280 1464 0.85496
coreA 10 286 1419 0.849966
coreA 11 280 1387 0.845602
coreA 12 273 1357 0.841452
coreA 13 273 1327 3.27847
coreA 14 274 1308 0.844485
coreA 15 270 1292 0.841364
coreA 16 275 1270 0.829863
coreA 17 265 1248 2.45039
coreA 18 264 1230 0.841773
coreA 19 268 1213 0.835581
coreA 20 259 1197 0.826291
coreA 21 263 1184 0.833198
coreA 22 260 1162 4.12151
coreA 23 259 1150 0.832613
coreA 24 249 1139 0.836735
coreA 25 254 1120 0.840309
coreA 26 251 1100 0.831636
coreA 27 254 1083 0.856011
coreA 28 241 1063 0.823395
coreA 29 245 1047 2.84583
coreA 30 247 1030 0.84784
coreA 31 246 1014 0.822099
coreA 32 245 1009 3.0628
coreA 33 242 999 0.832109
coreA 34 249 989 2.2051
coreA 35 235 982 0.839203
coreA 36 239 967 0.82379
coreA 37 237 950 0.84475
coreA 38 237 944 2.06582
coreA 39 241 931 0.84136
coreA 40 231 924 3.66043
coreA 41 236 916 3.6539
coreB 1 681 13601 0.716249
coreB 2 752 1466 0.891583
coreB 3 709 824 0.84828
coreB 4 642 551 1.04711
coreB 5 616 424 1.78983
coreB 6 561 350 0.806629
coreB 7 542 297 0.98414
coreB 8 526 260 1.33935
coreB 9 492 236 0.781599
coreB 10 490 210 1.3622
coreB 11 466 191 1.28159
coreB 12 431 173 0.840642
coreB 13 423 157 0.809774
coreB 14 385 145 1.65147
coreB 15 388 135 2.12311
coreB 16 356 126 0.75761
coreB 17 347 119 2.45027
coreB 18 332 112 0.786488
coreB 19 327 106 1.25247
coreB 20 316 100 2.82564
coreB 21 304 95 0.794192
coreB 22 290 90 1.25778
coreB 23 295 86 0.781023
coreB 24 277 81 0.777628
coreB 25 269 78 0.7868
coreB 26 258 75 0.776846
coreB 27 261 71 1.24777
coreB 28 243 68 0.779222
coreB 29 241 66 0.763237
coreB 30 224 62 0.744939
coreB 31 212 60 0.774547
coreB 32 220 58 0.731258
coreB 33 211 55 0.675438
coreB 34 204 53 0.66665
coreB 35 215 51 0.775756
coreB 36 202 49 0.719372
coreB 37 214 47 0.662406
coreB 38 209 46 0.729942
coreB 39 191 45 0.772977
coreB 40 188 43 1.15581
coreB 41 199 43 0.667737
total 5.43369
