coreA 1 332 2502 0.345793
coreA 2 321 2037 1.48719
coreA 3 317 1851 2.75681
coreA 4 300 1752 2.6864
coreA 5 303 1686 2.86908
coreA 6 302 1605 2.65382
coreA 7 289 1550 1.7255
coreA 8 290 1502 3.03748
coreA 9 280 1464 1.54953
coreA 10 286 1419 3.06158
coreA 11 280 1387 1.93728
coreA 12 273 1357 1.58344
coreA 13 273 1327 1.78998
coreA 14 274 1308 3.03735
coreA 15 270 1292 3.00854
coreA 16 275 1270 2.93506
coreA 17 265 1248 1.72092
coreA 18 264 1230 2.56269
coreA 19 268 1213 2.91179
coreA 20 259 1197 3.02346
coreA 21 263 1184 1.54844
coreA 22 260 1162 1.54217
coreA 23 259 1150 1.64165
coreA 24 249 1139 1.24533
coreA 25 254 1120 2.61257
coreA 26 251 1100 2.97236
coreA 27 254 1083 3.0256
coreA 28 241 1063 2.90585
coreA 29 245 1047 1.58915
coreA 30 247 1030 3.00233
coreA 31 246 1014 2.64077
coreA 32 245 1009 1.22204
coreA 33 242 999 2.91735
coreA 34 249 989 1.59799
coreA 35 235 982 3.15213
coreA 36 239 967 1.61975
coreA 37 237 950 2.98336
coreA 38 237 944 3.00949
coreA 39 241 931 2.95944
coreA 40 231 924 2.95402
coreA 41 236 916 2.52274
coreB 1 681 13601 1.28846
coreB 2 752 1466 2.2184
coreB 3 709 824 1.7506
coreB 4 642 551 1.59639
coreB 5 616 424 1.61434
coreB 6 561 350 1.57161
coreB 7 542 297 1.47702
coreB 8 526 260 1.52606
coreB 9 492 236 1.45978
coreB 10 490 210 1.40284
coreB 11 466 191 1.37257
coreB 12 431 173 1.41775
coreB 13 423 157 1.47659
coreB 14 385 145 1.44498
coreB 15 388 135 1.41357
coreB 16 356 126 1.85185
coreB 17 347 119 1.40011
coreB 18 332 112 1.36585
coreB 19 327 106 1.37827
coreB 20 316 100 1.341
coreB 21 304 95 1.35035
coreB 22 290 90 1.34071
coreB 23 295 86 1.38843
coreB 24 277 81 1.28245
coreB 25 269 78 1.2266
coreB 26 258 75 1.36092
coreB 27 261 71 1.2991
coreB 28 243 68 2.04241
coreB 29 241 66 1.274
coreB 30 224 62 1.36556
coreB 31 212 60 1.39103
coreB 32 220 58 1.78606
coreB 33 211 55 1.2416
coreB 34 204 53 1.34329
coreB 35 215 51 1.28023
coreB 36 202 49 1.19863
coreB 37 214 47 1.75507
coreB 38 209 46 1.17968
coreB 39 191 45 1.21929
coreB 40 188 43 1.11059
coreB 41 199 43 1.14697
total 3.74829
coreA 1 332 2502 0.394022
coreA 2 321 2037 3.41826
coreA 3 317 1851 3.41849
coreA 4 300 1752 3.41962
coreA 5 303 1686 2.48108
coreA 6 302 1605 2.96501
coreA 7 289 1550 3.39311
coreA 8 290 1502 2.49018
coreA 9 280 1464 2.85881
coreA 10 286 1419 3.38315
coreA 11 280 1387 2.40256
coreA 12 273 1357 2.33902
coreA 13 273 1327 3.37849
coreA 14 274 1308 3.37071
coreA 15 270 1292 3.05363
coreA 16 275 1270 3.00366
coreA 17 265 1248 2.37571
coreA 18 264 1230 2.90293
coreA 19 268 1213 3.0088
coreA 20 259 1197 2.38422
coreA 21 263 1184 2.76419
coreA 22 260 1162 3.36515
coreA 23 259 1150 2.89106
coreA 24 249 1139 2.96765
coreA 25 254 1120 3.34948
coreA 26 251 1100 3.04548
coreA 27 254 1083 3.01495
coreA 28 241 1063 2.73637
coreA 29 245 1047 3.03285
coreA 30 247 1030 3.03788
coreA 31 246 1014 3.3208
coreA 32 245 1009 3.3014
coreA 33 242 999 2.72616
coreA 34 249 989 2.7343
coreA 35 235 982 2.27478
coreA 36 239 967 3.28884
coreA 37 237 950 2.11958
coreA 38 237 944 2.86737
coreA 39 241 931 3.33652
coreA 40 231 924 3.02536
coreA 41 236 916 3.03603
coreB 1 681 13601 1.51087
coreB 2 752 1466 2.28652
coreB 3 709 824 1.64601
coreB 4 642 551 1.58792
coreB 5 616 424 1.55765
coreB 6 561 350 1.97017
coreB 7 542 297 1.48552
coreB 8 526 260 1.48106
coreB 9 492 236 1.37759
coreB 10 490 210 1.37393
coreB 11 466 191 1.90227
coreB 12 431 173 1.3658
coreB 13 423 157 1.39431
coreB 14 385 145 1.31379
coreB 15 388 135 1.33718
coreB 16 356 126 1.32883
coreB 17 347 119 1.34543
coreB 18 332 112 1.34163
coreB 19 327 106 1.31015
coreB 20 316 100 1.65812
coreB 21 304 95 1.3401
coreB 22 290 90 1.23535
coreB 23 295 86 1.855
coreB 24 277 81 1.25451
coreB 25 269 78 1.20329
coreB 26 258 75 1.22746
coreB 27 261 71 1.27404
coreB 28 243 68 1.3257
coreB 29 241 66 1.23723
coreB 30 224 62 1.3392
coreB 31 212 60 1.27923
coreB 32 220 58 1.25489
coreB 33 211 55 1.15179
coreB 34 204 53 1.21751
coreB 35 215 51 1.94651
coreB 36 202 49 1.28272
coreB 37 214 47 1.27984
coreB 38 209 46 1.28785
coreB 39 191 45 1.25921
coreB 40 188 43 1.223
coreB 41 199 43 1.25767
total 4.03917
coreA 1 332 2502 0.388952
coreA 2 321 2037 3.00557
coreA 3 317 1851 2.96428
coreA 4 300 1752 2.96121
coreA 5 303 1686 2.91174
coreA 6 302 1605 2.8709
coreA 7 289 1550 3.025
coreA 8 290 1502 2.93306
coreA 9 280 1464 2.92438
coreA 10 286 1419 2.76444
coreA 11 280 1387 2.90269
coreA 12 273 1357 2.95494
coreA 13 273 1327 2.97292
coreA 14 274 1308 2.91912
coreA 15 270 1292 2.89003
coreA 16 275 1270 2.91145
coreA 17 265 1248 2.89566
coreA 18 264 1230 2.94274
coreA 19 268 1213 2.92202
coreA 20 259 1197 2.98586
coreA 21 263 1184 2.91322
coreA 22 260 1162 2.86725
coreA 23 259 1150 2.92399
coreA 24 249 1139 2.89732
coreA 25 254 1120 2.90735
coreA 26 251 1100 2.40582
coreA 27 254 1083 2.92569
coreA 28 241 1063 2.87347
coreA 29 245 1047 2.84956
coreA 30 247 1030 2.89484
coreA 31 246 1014 2.84966
coreA 32 245 1009 2.88007
coreA 33 242 999 2.87729
coreA 34 249 989 2.88882
coreA 35 235 982 2.83244
coreA 36 239 967 2.85205
coreA 37 237 950 2.8493
coreA 38 237 944 2.85565
coreA 39 241 931 1.58497
coreA 40 231 924 2.83453
coreA 41 236 916 2.94672
coreB 1 681 13601 1.19776
coreB 2 752 1466 1.28787
coreB 3 709 824 1.21928
coreB 4 642 551 1.13478
coreB 5 616 424 1.09039
coreB 6 561 350 1.13674
coreB 7 542 297 1.47821
coreB 8 526 260 1.06305
coreB 9 492 236 1.0704
coreB 10 490 210 1.07203
coreB 11 466 191 1.08534
coreB 12 431 173 0.93411
coreB 13 423 157 0.909825
coreB 14 385 145 0.898975
coreB 15 388 135 0.947654
coreB 16 356 126 0.947586
coreB 17 347 119 0.930517
coreB 18 332 112 0.908567
coreB 19 327 106 0.874093
coreB 20 316 100 0.894386
coreB 21 304 95 0.897326
coreB 22 290 90 1.32908
coreB 23 295 86 0.870061
coreB 24 277 81 0.910569
coreB 25 269 78 0.87035
coreB 26 258 75 0.9037
coreB 27 261 71 1.32417
coreB 28 243 68 1.63443
coreB 29 241 66 1.83092
coreB 30 224 62 1.69344
coreB 31 212 60 0.826825
coreB 32 220 58 0.853868
coreB 33 211 55 0.823623
coreB 34 204 53 0.862556
coreB 35 215 51 1.29116
coreB 36 202 49 0.823782
coreB 37 214 47 0.801316
coreB 38 209 46 0.829852
coreB 39 191 45 1.62993
coreB 40 188 43 1.61924
coreB 41 199 43 1.53843
total 3.58578
coreA 1 332 2502 0.345306
coreA 2 321 2037 1.88033
coreA 3 317 1851 1.97382
coreA 4 300 1752 2.74933
coreA 5 303 1686 1.91717
coreA 6 302 1605 1.86372
coreA 7 289 1550 2.63986
coreA 8 290 1502 1.80383
coreA 9 280 1464 2.57151
coreA 10 286 1419 2.82149
coreA 11 280 1387 1.88191
coreA 12 273 1357 1.93064
coreA 13 273 1327 2.79681
coreA 14 274 1308 1.89112
coreA 15 270 1292 1.78941
coreA 16 275 1270 1.85754
coreA 17 265 1248 1.87754
coreA 18 264 1230 2.98017
coreA 19 268 1213 1.46889
coreA 20 259 1197 1.76199
coreA 21 263 1184 3.25337
coreA 22 260 1162 3.25609
coreA 23 259 1150 1.4914
coreA 24 249 1139 1.85405
coreA 25 254 1120 2.88207
coreA 26 251 1100 1.80189
coreA 27 254 1083 1.61447
coreA 28 241 1063 2.5696
coreA 29 245 1047 2.47761
coreA 30 247 1030 2.83501
coreA 31 246 1014 3.22853
coreA 32 245 1009 1.55006
coreA 33 242 999 2.56059
coreA 34 249 989 2.50393
coreA 35 235 982 2.99396
coreA 36 239 967 2.9678
coreA 37 237 950 2.96475
coreA 38 237 944 2.95478
coreA 39 241 931 1.92611
coreA 40 231 924 2.54648
coreA 41 236 916 3.22759
coreB 1 681 13601 1.4267
coreB 2 752 1466 1.60372
coreB 3 709 824 1.52148
coreB 4 642 551 1.42448
coreB 5 616 424 1.42486
coreB 6 561 350 1.36418
coreB 7 542 297 1.33024
coreB 8 526 260 1.76341
coreB 9 492 236 1.24427
coreB 10 490 210 1.28469
coreB 11 466 191 1.26216
coreB 12 431 173 1.25913
coreB 13 423 157 1.26584
coreB 14 385 145 1.6568
coreB 15 388 135 1.24787
coreB 16 356 126 1.205
coreB 17 347 119 1.22577
coreB 18 332 112 1.1945
coreB 19 327 106 1.24684
coreB 20 316 100 1.11515
coreB 21 304 95 1.19088
coreB 22 290 90 1.20365
coreB 23 295 86 1.114
coreB 24 277 81 1.16803
coreB 25 269 78 1.10518
coreB 26 258 75 1.1526
coreB 27 261 71 1.66024
coreB 28 243 68 1.14713
coreB 29 241 66 1.1446
coreB 30 224 62 1.55879
coreB 31 212 60 1.63579
coreB 32 220 58 1.79698
coreB 33 211 55 1.12604
coreB 34 204 53 1.11819
coreB 35 215 51 1.62859
coreB 36 202 49 1.82065
coreB 37 214 47 1.13443
coreB 38 209 46 1.71386
coreB 39 191 45 2.02708
coreB 40 188 43 1.58737
coreB 41 199 43 1.08583
total 3.77419
coreA 1 332 2502 0.338686
coreA 2 321 2037 2.80808
coreA 3 317 1851 1.61504
coreA 4 300 1752 2.70254
coreA 5 303 1686 2.78882
coreA 6 302 1605 2.83099
coreA 7 289 1550 2.70342
coreA 8 290 1502 2.7052
coreA 9 280 1464 2.70021
coreA 10 286 1419 2.65344
coreA 11 280 1387 2.83165
coreA 12 273 1357 2.37073
coreA 13 273 1327 2.73164
coreA 14 274 1308 2.85698
coreA 15 270 1292 2.75399
coreA 16 275 1270 2.62235
coreA 17 265 1248 2.72957
coreA 18 264 1230 2.73716
coreA 19 268 1213 2.80891
coreA 20 259 1197 2.67936
coreA 21 263 1184 2.80369
coreA 22 260 1162 2.64588
coreA 23 259 1150 2.81055
coreA 24 249 1139 2.61657
coreA 25 254 1120 2.65648
coreA 26 251 1100 2.66542
coreA 27 254 1083 2.75412
coreA 28 241 1063 2.77844
coreA 29 245 1047 2.67388
coreA 30 247 1030 1.69323
coreA 31 246 1014 1.42546
coreA 32 245 1009 2.33761
coreA 33 242 999 2.71646
coreA 34 249 989 2.70958
coreA 35 235 982 1.56926
coreA 36 239 967 2.57548
coreA 37 237 950 2.60001
coreA 38 237 944 2.71568
coreA 39 241 931 2.30124
coreA 40 231 924 2.68699
coreA 41 236 916 2.63281
coreB 1 681 13601 1.19196
coreB 2 752 1466 1.41472
coreB 3 709 824 1.3431
coreB 4 642 551 1.30638
coreB 5 616 424 1.31559
coreB 6 561 350 1.19711
coreB 7 542 297 1.19294
coreB 8 526 260 1.19719
coreB 9 492 236 1.60976
coreB 10 490 210 1.20242
coreB 11 466 191 1.10143
coreB 12 431 173 1.189
coreB 13 423 157 1.0386
coreB 14 385 145 1.02584
coreB 15 388 135 1.01111
coreB 16 356 126 0.983828
coreB 17 347 119 1.06315
coreB 18 332 112 0.998301
coreB 19 327 106 1.04016
coreB 20 316 100 0.994717
coreB 21 304 95 1.49371
coreB 22 290 90 0.979517
coreB 23 295 86 1.51627
coreB 24 277 81 0.975701
coreB 25 269 78 1.66213
coreB 26 258 75 0.987286
coreB 27 261 71 1.50364
coreB 28 243 68 1.70655
coreB 29 241 66 1.5482
coreB 30 224 62 1.54378
coreB 31 212 60 0.897202
coreB 32 220 58 0.953879
coreB 33 211 55 1.49083
coreB 34 204 53 0.97689
coreB 35 215 51 0.968137
coreB 36 202 49 1.53901
coreB 37 214 47 0.93982
coreB 38 209 46 0.991452
coreB 39 191 45 1.53936
coreB 40 188 43 0.906293
coreB 41 199 43 0.950719
total 3.36738
