coreA 1 283 110602 0.342634
coreA 2 117 19558 0.216976
coreA 3 75 6144 0.189348
coreA 4 30 91 0.18935
coreA 5 20 48 0.175773
coreA 6 16 31 0.167182
coreB 1 21 34 0.113952
coreB 2 33 21 0.205161
coreB 3 28 17 0.224472
coreB 4 29 11 0.209828
coreB 5 26 8 0.199619
coreB 6 25 6 0.203864
total 0.671926
coreA 1 283 110602 0.341948
coreA 2 117 19558 0.265472
coreA 3 75 6144 0.224985
coreA 4 30 91 0.208855
coreA 5 20 48 0.209087
coreA 6 16 31 0.209084
coreB 1 21 34 0.105442
coreB 2 33 21 0.192118
coreB 3 28 17 0.21417
coreB 4 29 11 0.214176
coreB 5 26 8 0.213042
coreB 6 25 6 0.214171
total 0.657695
coreA 1 283 110602 0.332046
coreA 2 117 19558 0.210068
coreA 3 75 6144 0.201256
coreA 4 30 91 0.182725
coreA 5 20 48 0.182722
coreA 6 16 31 0.173602
coreB 1 21 34 0.105473
coreB 2 33 21 0.219682
coreB 3 28 17 0.217489
coreB 4 29 11 0.219681
coreB 5 26 8 0.229522
coreB 6 25 6 0.204074
total 0.613265
coreA 1 283 110602 0.371885
coreA 2 117 19558 0.190313
coreA 3 75 6144 0.196303
coreA 4 30 91 0.19059
coreA 5 20 48 0.19059
coreA 6 16 31 0.161788
coreB 1 21 34 0.104253
coreB 2 33 21 0.238994
coreB 3 28 17 0.238992
coreB 4 29 11 0.236008
coreB 5 26 8 0.238096
coreB 6 25 6 0.243217
total 0.617416
coreA 1 283 110602 0.374728
coreA 2 117 19558 0.20866
coreA 3 75 6144 0.215816
coreA 4 30 91 0.210623
coreA 5 20 48 0.199522
coreA 6 16 31 0.191193
coreB 1 21 34 0.134353
coreB 2 33 21 0.199709
coreB 3 28 17 0.196066
coreB 4 29 11 0.214818
coreB 5 26 8 0.180918
coreB 6 25 6 0.186972
total 0.638537
