coreA 1 283 110602 0.719776
coreA 2 117 19558 0.51323
coreA 3 75 6144 0.491585
coreA 4 30 91 0.428725
coreA 5 20 48 0.465345
coreA 6 16 31 0.467558
coreB 1 21 34 0.175932
coreB 2 33 21 0.489896
coreB 3 28 17 0.480617
coreB 4 29 11 0.533962
coreB 5 26 8 0.489013
coreB 6 25 6 0.536409
total 1.38842
coreA 1 283 110602 0.761811
coreA 2 117 19558 0.48161
coreA 3 75 6144 0.439586
coreA 4 30 91 0.452078
coreA 5 20 48 0.422419
coreA 6 16 31 0.418403
coreB 1 21 34 0.187512
coreB 2 33 21 0.437881
coreB 3 28 17 0.412373
coreB 4 29 11 1.05686
coreB 5 26 8 0.425634
coreB 6 25 6 0.470385
total 1.37503
coreA 1 283 110602 0.729741
coreA 2 117 19558 0.45199
coreA 3 75 6144 0.485805
coreA 4 30 91 0.442564
coreA 5 20 48 0.451238
coreA 6 16 31 0.455243
coreB 1 21 34 0.178437
coreB 2 33 21 0.522471
coreB 3 28 17 0.534372
coreB 4 29 11 0.503365
coreB 5 26 8 1.05136
coreB 6 25 6 0.522743
total 1.34617
coreA 1 283 110602 0.717071
coreA 2 117 19558 0.46585
coreA 3 75 6144 0.431247
coreA 4 30 91 0.438694
coreA 5 20 48 0.431057
coreA 6 16 31 0.450886
coreB 1 21 34 0.177965
coreB 2 33 21 0.518971
coreB 3 28 17 0.521793
coreB 4 29 11 0.513151
coreB 5 26 8 0.510239
coreB 6 25 6 0.528151
total 1.30389
coreA 1 283 110602 0.715676
coreA 2 117 19558 0.468364
coreA 3 75 6144 0.45413
coreA 4 30 91 0.433569
coreA 5 20 48 0.434142
coreA 6 16 31 0.429552
coreB 1 21 34 0.177749
coreB 2 33 21 0.502078
coreB 3 28 17 0.493257
coreB 4 29 11 0.49811
coreB 5 26 8 0.504448
coreB 6 25 6 0.493851
total 1.30134
