coreA 1 283 110602 0.354325
coreA 2 117 19558 0.228108
coreA 3 75 6144 0.206644
coreA 4 30 91 0.196258
coreA 5 20 48 0.197378
coreA 6 16 31 0.217286
coreB 1 21 34 0.124606
coreB 2 33 21 0.1852
coreB 3 28 17 0.207021
coreB 4 29 11 0.229709
coreB 5 26 8 0.19463
coreB 6 25 6 0.203639
total 0.703623
coreA 1 283 110602 0.51936
coreA 2 117 19558 0.217373
coreA 3 75 6144 0.220258
coreA 4 30 91 0.184041
coreA 5 20 48 0.198749
coreA 6 16 31 0.20661
coreB 1 21 34 0.12349
coreB 2 33 21 0.203736
coreB 3 28 17 0.229147
coreB 4 29 11 0.228049
coreB 5 26 8 0.291072
coreB 6 25 6 0.210809
total 0.790478
coreA 1 283 110602 0.48228
coreA 2 117 19558 0.334347
coreA 3 75 6144 0.298506
coreA 4 30 91 0.259078
coreA 5 20 48 0.25908
coreA 6 16 31 0.27358
coreB 1 21 34 0.122884
coreB 2 33 21 0.192551
coreB 3 28 17 0.217719
coreB 4 29 11 0.192546
coreB 5 26 8 0.191965
coreB 6 25 6 0.200741
total 0.890848
coreA 1 283 110602 0.468092
coreA 2 117 19558 0.265073
coreA 3 75 6144 0.271201
coreA 4 30 91 0.242465
coreA 5 20 48 0.25652
coreA 6 16 31 0.241283
coreB 1 21 34 0.124887
coreB 2 33 21 0.325994
coreB 3 28 17 0.336408
coreB 4 29 11 0.316776
coreB 5 26 8 0.313032
coreB 6 25 6 0.332117
total 0.793653
coreA 1 283 110602 0.323872
coreA 2 117 19558 0.23606
coreA 3 75 6144 0.213454
coreA 4 30 91 0.189258
coreA 5 20 48 0.194179
coreA 6 16 31 0.198802
coreB 1 21 34 0.122825
coreB 2 33 21 0.237829
coreB 3 28 17 0.209402
coreB 4 29 11 0.399878
coreB 5 26 8 0.246491
coreB 6 25 6 0.232568
total 0.610748
