coreA 1 283 110602 0.915108
coreA 2 117 19558 0.675956
coreA 3 75 6144 0.655395
coreA 4 30 91 0.659511
coreA 5 20 48 0.653144
coreA 6 16 31 0.645185
coreB 1 21 34 0.682586
coreB 2 33 21 0.695856
coreB 3 28 17 0.695275
coreB 4 29 11 0.705099
coreB 5 26 8 0.696805
coreB 6 25 6 0.699373
total 4.59076
coreA 1 283 110602 0.906387
coreA 2 117 19558 0.671786
coreA 3 75 6144 0.664771
coreA 4 30 91 0.658902
coreA 5 20 48 0.664469
coreA 6 16 31 0.665435
coreB 1 21 34 0.673546
coreB 2 33 21 0.701777
coreB 3 28 17 0.701868
coreB 4 29 11 0.708421
coreB 5 26 8 0.728511
coreB 6 25 6 0.724511
total 4.6086
coreA 1 283 110602 0.926529
coreA 2 117 19558 0.673441
coreA 3 75 6144 0.659348
coreA 4 30 91 0.656105
coreA 5 20 48 0.657565
coreA 6 16 31 0.636535
coreB 1 21 34 0.670554
coreB 2 33 21 0.69325
coreB 3 28 17 0.695323
coreB 4 29 11 0.690985
coreB 5 26 8 0.691046
coreB 6 25 6 0.693122
total 4.57349
coreA 1 283 110602 0.910207
coreA 2 117 19558 0.671594
coreA 3 75 6144 0.666288
coreA 4 30 91 0.663383
coreA 5 20 48 0.656532
coreA 6 16 31 0.646177
coreB 1 21 34 0.664333
coreB 2 33 21 0.695905
coreB 3 28 17 0.700353
coreB 4 29 11 0.699199
coreB 5 26 8 0.695852
coreB 6 25 6 0.699361
total 4.57869
coreA 1 283 110602 0.948528
coreA 2 117 19558 0.676323
coreA 3 75 6144 0.663676
coreA 4 30 91 0.662788
coreA 5 20 48 0.662929
coreA 6 16 31 0.642215
coreB 1 21 34 0.686061
coreB 2 33 21 0.702552
coreB 3 28 17 0.698905
coreB 4 29 11 0.700412
coreB 5 26 8 0.697976
coreB 6 25 6 0.700129
total 4.61776
