coreA 1 283 110602 0.451061
coreA 2 117 19558 0.280477
coreA 3 75 6144 0.264631
coreA 4 30 91 0.271162
coreA 5 20 48 0.257245
coreA 6 16 31 0.249823
coreB 1 21 34 0.127456
coreB 2 33 21 0.290749
coreB 3 28 17 0.289336
coreB 4 29 11 0.277941
coreB 5 26 8 0.302801
coreB 6 25 6 0.293689
total 0.853294
coreA 1 283 110602 0.507322
coreA 2 117 19558 0.326746
coreA 3 75 6144 0.291617
coreA 4 30 91 0.27695
coreA 5 20 48 0.270768
coreA 6 16 31 0.280483
coreB 1 21 34 0.127037
coreB 2 33 21 0.338476
coreB 3 28 17 0.321953
coreB 4 29 11 0.35115
coreB 5 26 8 0.321971
coreB 6 25 6 0.337184
total 0.904322
coreA 1 283 110602 0.455607
coreA 2 117 19558 0.306152
coreA 3 75 6144 0.286153
coreA 4 30 91 0.277404
coreA 5 20 48 0.254121
coreA 6 16 31 0.25406
coreB 1 21 34 0.140634
coreB 2 33 21 0.29998
coreB 3 28 17 0.570014
coreB 4 29 11 0.314917
coreB 5 26 8 0.333482
coreB 6 25 6 0.601145
total 0.833364
coreA 1 283 110602 0.570211
coreA 2 117 19558 0.274958
coreA 3 75 6144 0.284821
coreA 4 30 91 0.247313
coreA 5 20 48 0.276449
coreA 6 16 31 0.239721
coreB 1 21 34 0.125773
coreB 2 33 21 0.288823
coreB 3 28 17 0.313837
coreB 4 29 11 0.314879
coreB 5 26 8 0.3035
coreB 6 25 6 0.3275
total 0.92282
coreA 1 283 110602 0.438337
coreA 2 117 19558 0.312273
coreA 3 75 6144 0.294104
coreA 4 30 91 0.302882
coreA 5 20 48 0.284645
coreA 6 16 31 0.277596
coreB 1 21 34 0.126366
coreB 2 33 21 0.292194
coreB 3 28 17 0.290718
coreB 4 29 11 0.290048
coreB 5 26 8 0.292555
coreB 6 25 6 0.279243
total 0.817514
