coreA 1 283 110602 0.837858
coreA 2 117 19558 0.680302
coreA 3 75 6144 0.594386
coreA 4 30 91 0.479671
coreA 5 20 48 0.662249
coreA 6 16 31 0.489865
coreB 1 21 34 0.305944
coreB 2 33 21 0.725116
coreB 3 28 17 0.701822
coreB 4 29 11 0.724537
coreB 5 26 8 0.712614
coreB 6 25 6 0.686386
total 2.42553
coreA 1 283 110602 0.712328
coreA 2 117 19558 0.683476
coreA 3 75 6144 0.574289
coreA 4 30 91 0.301917
coreA 5 20 48 0.660708
coreA 6 16 31 0.555416
coreB 1 21 34 0.309252
coreB 2 33 21 0.698959
coreB 3 28 17 0.703303
coreB 4 29 11 0.696637
coreB 5 26 8 0.6989
coreB 6 25 6 0.702414
total 2.43617
coreA 1 283 110602 0.774377
coreA 2 117 19558 1.16245
coreA 3 75 6144 0.579433
coreA 4 30 91 0.990048
coreA 5 20 48 0.546086
coreA 6 16 31 0.505496
coreB 1 21 34 0.299388
coreB 2 33 21 0.694173
coreB 3 28 17 0.992569
coreB 4 29 11 1.22439
coreB 5 26 8 0.6966
coreB 6 25 6 0.695784
total 2.41605
coreA 1 283 110602 0.768941
coreA 2 117 19558 0.672758
coreA 3 75 6144 0.538804
coreA 4 30 91 0.659091
coreA 5 20 48 0.660313
coreA 6 16 31 0.341179
coreB 1 21 34 0.300426
coreB 2 33 21 0.694262
coreB 3 28 17 0.699803
coreB 4 29 11 1.23489
coreB 5 26 8 0.697864
coreB 6 25 6 0.69713
total 2.44344
coreA 1 283 110602 1.34641
coreA 2 117 19558 0.67471
coreA 3 75 6144 0.236352
coreA 4 30 91 0.661559
coreA 5 20 48 0.657327
coreA 6 16 31 0.658441
coreB 1 21 34 0.305802
coreB 2 33 21 0.696036
coreB 3 28 17 0.299672
coreB 4 29 11 0.702466
coreB 5 26 8 0.703127
coreB 6 25 6 0.704412
total 2.44914
