coreA 1 283 110602 0.940326
coreA 2 117 19558 0.608983
coreA 3 75 6144 0.575957
coreA 4 30 91 0.575764
coreA 5 20 48 0.570629
coreA 6 16 31 0.570336
coreB 1 21 34 0.535548
coreB 2 33 21 0.595999
coreB 3 28 17 0.577311
coreB 4 29 11 0.575474
coreB 5 26 8 0.57633
coreB 6 25 6 0.577097
total 7.94097
coreA 1 283 110602 0.838958
coreA 2 117 19558 0.601041
coreA 3 75 6144 0.578202
coreA 4 30 91 0.571181
coreA 5 20 48 0.574733
coreA 6 16 31 0.586317
coreB 1 21 34 0.539904
coreB 2 33 21 0.576734
coreB 3 28 17 0.576311
coreB 4 29 11 0.574568
coreB 5 26 8 0.577805
coreB 6 25 6 0.579687
total 7.79866
coreA 1 283 110602 0.833469
coreA 2 117 19558 0.600193
coreA 3 75 6144 0.57611
coreA 4 30 91 0.573292
coreA 5 20 48 0.571452
coreA 6 16 31 0.576861
coreB 1 21 34 0.542106
coreB 2 33 21 0.583934
coreB 3 28 17 0.582554
coreB 4 29 11 0.583681
coreB 5 26 8 0.581957
coreB 6 25 6 0.585368
total 7.81107
coreA 1 283 110602 0.82756
coreA 2 117 19558 0.599736
coreA 3 75 6144 0.578728
coreA 4 30 91 0.569904
coreA 5 20 48 0.569973
coreA 6 16 31 0.572714
coreB 1 21 34 0.533024
coreB 2 33 21 0.576203
coreB 3 28 17 0.577906
coreB 4 29 11 0.579071
coreB 5 26 8 0.575029
coreB 6 25 6 0.580287
total 7.75572
coreA 1 283 110602 0.828804
coreA 2 117 19558 0.598484
coreA 3 75 6144 0.574213
coreA 4 30 91 0.570989
coreA 5 20 48 0.572109
coreA 6 16 31 0.573186
coreB 1 21 34 0.536305
coreB 2 33 21 0.572799
coreB 3 28 17 0.576092
coreB 4 29 11 0.575465
coreB 5 26 8 0.575832
coreB 6 25 6 0.576769
total 7.7459
