coreA 1 85 287 2.74969
coreA 2 85 287 2.10795
coreA 3 66 282 13.72
coreA 4 64 125 2.0093
coreA 5 61 119 2.01796
coreA 6 59 115 2.03179
coreA 7 55 110 2.02041
coreA 8 54 104 2.03594
coreA 9 50 101 2.01794
coreA 10 49 97 2.00603
coreA 11 48 95 2.00761
coreA 12 47 94 2.00418
coreA 13 46 89 1.99942
coreA 14 44 87 1.99658
coreB 1 618 1386 5.77761
coreB 2 1006 426 12.9596
coreB 3 647 126 12.3064
coreB 4 362 90 11.0456
coreB 5 195 35 9.19464
coreB 6 127 33 11.643
coreB 7 82 31 7.10695
coreB 8 74 25 7.11151
coreB 9 60 24 7.63692
coreB 10 51 24 7.16251
coreB 11 42 21 6.6809
coreB 12 41 17 6.92128
coreB 13 34 14 10.9264
coreB 14 29 14 8.11515
total 42.6512
coreA 1 85 287 2.46314
coreA 2 85 287 2.52348
coreA 3 66 282 2.23895
coreA 4 64 125 7.11307
coreA 5 61 119 3.80012
coreA 6 59 115 2.8557
coreA 7 55 110 5.08656
coreA 8 54 104 4.31376
coreA 9 50 101 3.80472
coreA 10 49 97 5.42154
coreA 11 48 95 3.93421
coreA 12 47 94 3.94334
coreA 13 46 89 4.59176
coreA 14 44 87 4.2345
coreB 1 618 1386 4.29445
coreB 2 1006 426 7.74353
coreB 3 647 126 9.13532
coreB 4 362 90 2.05882
coreB 5 195 35 1.96964
coreB 6 127 33 1.42107
coreB 7 82 31 1.28916
coreB 8 74 25 1.12954
coreB 9 60 24 1.06056
coreB 10 51 24 0.997664
coreB 11 42 21 0.951307
coreB 12 41 17 0.906481
coreB 13 34 14 0.877294
coreB 14 29 14 0.894244
total 35.875
coreA 1 85 287 2.64855
coreA 2 85 287 2.09241
coreA 3 66 282 11.7658
coreA 4 64 125 4.46477
coreA 5 61 119 4.74902
coreA 6 59 115 3.60914
coreA 7 55 110 4.51549
coreA 8 54 104 4.27891
coreA 9 50 101 3.70493
coreA 10 49 97 5.09757
coreA 11 48 95 4.11564
coreA 12 47 94 3.47824
coreA 13 46 89 5.00978
coreA 14 44 87 4.15411
coreB 1 618 1386 4.96049
coreB 2 1006 426 23.021
coreB 3 647 126 25.4672
coreB 4 362 90 10.7342
coreB 5 195 35 10.1892
coreB 6 127 33 9.21664
coreB 7 82 31 8.74514
coreB 8 74 25 6.88888
coreB 9 60 24 7.22605
coreB 10 51 24 9.06738
coreB 11 42 21 6.38122
coreB 12 41 17 6.3652
coreB 13 34 14 6.35728
coreB 14 29 14 8.60609
total 31.5673
coreA 1 85 287 2.51945
coreA 2 85 287 2.07191
coreA 3 66 282 13.5987
coreA 4 64 125 2.0053
coreA 5 61 119 2.00411
coreA 6 59 115 2.02136
coreA 7 55 110 2.01057
coreA 8 54 104 2.00816
coreA 9 50 101 2.01074
coreA 10 49 97 2.00762
coreA 11 48 95 2.00078
coreA 12 47 94 1.99531
coreA 13 46 89 2.00121
coreA 14 44 87 1.99184
coreB 1 618 1386 5.38953
coreB 2 1006 426 12.774
coreB 3 647 126 12.6902
coreB 4 362 90 11.5274
coreB 5 195 35 10.9884
coreB 6 127 33 9.90185
coreB 7 82 31 9.78692
coreB 8 74 25 9.3994
coreB 9 60 24 9.18547
coreB 10 51 24 8.60334
coreB 11 42 21 8.08172
coreB 12 41 17 9.03893
coreB 13 34 14 8.98362
coreB 14 29 14 7.98876
total 41.3835
coreA 1 85 287 2.52113
coreA 2 85 287 2.09844
coreA 3 66 282 11.2911
coreA 4 64 125 5.00102
coreA 5 61 119 4.07298
coreA 6 59 115 3.64488
coreA 7 55 110 5.03034
coreA 8 54 104 4.39165
coreA 9 50 101 3.29525
coreA 10 49 97 5.00084
coreA 11 48 95 4.41065
coreA 12 47 94 3.37091
coreA 13 46 89 4.42015
coreA 14 44 87 3.80987
coreB 1 618 1386 5.79534
coreB 2 1006 426 19.115
coreB 3 647 126 23.8778
coreB 4 362 90 23.6361
coreB 5 195 35 13.0082
coreB 6 127 33 9.92701
coreB 7 82 31 8.93263
coreB 8 74 25 9.34416
coreB 9 60 24 7.18981
coreB 10 51 24 8.76266
coreB 11 42 21 8.82321
coreB 12 41 17 8.88789
coreB 13 34 14 8.72501
coreB 14 29 14 8.64162
total 30.7856
