coreA 1 85 287 2.14316
coreA 2 85 287 7.86308
coreA 3 66 282 7.47211
coreA 4 64 125 7.81675
coreA 5 61 119 7.46942
coreA 6 59 115 7.582
coreA 7 55 110 7.1839
coreA 8 54 104 7.47461
coreA 9 50 101 7.53494
coreA 10 49 97 7.41138
coreA 11 48 95 6.96564
coreA 12 47 94 6.78304
coreA 13 46 89 6.89524
coreA 14 44 87 7.05087
coreB 1 618 1386 10.333
coreB 2 1006 426 7.45916
coreB 3 647 126 7.02972
coreB 4 362 90 6.85149
coreB 5 195 35 6.31522
coreB 6 127 33 6.05053
coreB 7 82 31 5.66638
coreB 8 74 25 5.02755
coreB 9 60 24 5.38756
coreB 10 51 24 5.36077
coreB 11 42 21 4.86981
coreB 12 41 17 5.13227
coreB 13 34 14 4.90039
coreB 14 29 14 5.10649
total 19.4106
coreA 1 85 287 1.91878
coreA 2 85 287 14.3467
coreA 3 66 282 14.3
coreA 4 64 125 7.10804
coreA 5 61 119 13.9715
coreA 6 59 115 14.3074
coreA 7 55 110 14.0291
coreA 8 54 104 13.4774
coreA 9 50 101 7.09179
coreA 10 49 97 13.0715
coreA 11 48 95 6.68493
coreA 12 47 94 5.95032
coreA 13 46 89 6.93471
coreA 14 44 87 14.3548
coreB 1 618 1386 9.04258
coreB 2 1006 426 7.45918
coreB 3 647 126 7.13081
coreB 4 362 90 6.6699
coreB 5 195 35 5.73047
coreB 6 127 33 5.99214
coreB 7 82 31 6.79556
coreB 8 74 25 5.24587
coreB 9 60 24 4.98021
coreB 10 51 24 4.03887
coreB 11 42 21 4.50224
coreB 12 41 17 4.04361
coreB 13 34 14 4.37414
coreB 14 29 14 3.83642
total 17.1663
coreA 1 85 287 1.9409
coreA 2 85 287 8.01927
coreA 3 66 282 8.09454
coreA 4 64 125 7.22672
coreA 5 61 119 7.28233
coreA 6 59 115 7.4576
coreA 7 55 110 7.77521
coreA 8 54 104 7.60684
coreA 9 50 101 7.2828
coreA 10 49 97 7.5697
coreA 11 48 95 6.52232
coreA 12 47 94 7.91842
coreA 13 46 89 7.11943
coreA 14 44 87 6.44364
coreB 1 618 1386 11.1675
coreB 2 1006 426 2.03124
coreB 3 647 126 1.83872
coreB 4 362 90 1.72273
coreB 5 195 35 1.64456
coreB 6 127 33 1.11179
coreB 7 82 31 0.966976
coreB 8 74 25 0.826828
coreB 9 60 24 0.750523
coreB 10 51 24 0.683747
coreB 11 42 21 0.634432
coreB 12 41 17 0.583896
coreB 13 34 14 0.556917
coreB 14 29 14 0.557904
total 25.7729
coreA 1 85 287 1.88979
coreA 2 85 287 14.1737
coreA 3 66 282 12.7408
coreA 4 64 125 8.42546
coreA 5 61 119 12.6575
coreA 6 59 115 7.77519
coreA 7 55 110 13.0897
coreA 8 54 104 12.2158
coreA 9 50 101 12.1487
coreA 10 49 97 6.19267
coreA 11 48 95 12.5032
coreA 12 47 94 12.0136
coreA 13 46 89 6.76126
coreA 14 44 87 6.83551
coreB 1 618 1386 8.84716
coreB 2 1006 426 7.67003
coreB 3 647 126 7.46757
coreB 4 362 90 6.86345
coreB 5 195 35 6.39449
coreB 6 127 33 6.06651
coreB 7 82 31 5.73092
coreB 8 74 25 5.06122
coreB 9 60 24 5.06076
coreB 10 51 24 5.02963
coreB 11 42 21 4.85077
coreB 12 41 17 4.66192
coreB 13 34 14 4.69181
coreB 14 29 14 4.76989
total 17.181
coreA 1 85 287 1.92494
coreA 2 85 287 7.66762
coreA 3 66 282 8.11671
coreA 4 64 125 7.63269
coreA 5 61 119 6.95888
coreA 6 59 115 7.65409
coreA 7 55 110 7.46877
coreA 8 54 104 6.27287
coreA 9 50 101 7.67213
coreA 10 49 97 7.47065
coreA 11 48 95 7.39611
coreA 12 47 94 6.67467
coreA 13 46 89 7.1278
coreA 14 44 87 6.57073
coreB 1 618 1386 11.0922
coreB 2 1006 426 2.03328
coreB 3 647 126 1.85197
coreB 4 362 90 1.73431
coreB 5 195 35 1.65279
coreB 6 127 33 1.12105
coreB 7 82 31 0.972091
coreB 8 74 25 0.831469
coreB 9 60 24 0.757013
coreB 10 51 24 0.691502
coreB 11 42 21 0.640967
coreB 12 41 17 0.592032
coreB 13 34 14 0.55825
coreB 14 29 14 0.55737
total 25.7508
