coreA 1 85 287 4.15156
coreA 2 85 287 3.12072
coreA 3 66 282 20.9096
coreA 4 64 125 5.41604
coreA 5 61 119 2.79079
coreA 6 59 115 2.76152
coreA 7 55 110 2.74412
coreA 8 54 104 2.775
coreA 9 50 101 2.75836
coreA 10 49 97 2.76076
coreA 11 48 95 2.74337
coreA 12 47 94 2.74256
coreA 13 46 89 2.73383
coreA 14 44 87 2.74839
coreB 1 618 1386 8.87303
coreB 2 1006 426 17.9949
coreB 3 647 126 13.0435
coreB 4 362 90 20.903
coreB 5 195 35 10.7821
coreB 6 127 33 10.4544
coreB 7 82 31 13.1903
coreB 8 74 25 9.42387
coreB 9 60 24 25.1681
coreB 10 51 24 17.7213
coreB 11 42 21 24.5563
coreB 12 41 17 17.8719
coreB 13 34 14 8.70939
coreB 14 29 14 9.3123
total 63.8555
coreA 1 85 287 3.77243
coreA 2 85 287 2.96024
coreA 3 66 282 3.85043
coreA 4 64 125 2.92741
coreA 5 61 119 3.71932
coreA 6 59 115 3.00915
coreA 7 55 110 4.25509
coreA 8 54 104 4.16694
coreA 9 50 101 4.38725
coreA 10 49 97 5.36248
coreA 11 48 95 5.39343
coreA 12 47 94 5.76787
coreA 13 46 89 4.81719
coreA 14 44 87 2.73715
coreB 1 618 1386 7.76404
coreB 2 1006 426 7.20991
coreB 3 647 126 5.3388
coreB 4 362 90 5.5964
coreB 5 195 35 4.5879
coreB 6 127 33 3.35074
coreB 7 82 31 2.97794
coreB 8 74 25 3.00345
coreB 9 60 24 2.26415
coreB 10 51 24 2.48364
coreB 11 42 21 2.47744
coreB 12 41 17 1.93372
coreB 13 34 14 2.28025
coreB 14 29 14 2.26155
total 59.2768
coreA 1 85 287 3.78785
coreA 2 85 287 2.98489
coreA 3 66 282 16.2372
coreA 4 64 125 13.4011
coreA 5 61 119 8.58921
coreA 6 59 115 4.88706
coreA 7 55 110 10.9976
coreA 8 54 104 7.07512
coreA 9 50 101 5.64541
coreA 10 49 97 11.6564
coreA 11 48 95 7.59082
coreA 12 47 94 6.16019
coreA 13 46 89 10.8483
coreA 14 44 87 6.62194
coreB 1 618 1386 8.85263
coreB 2 1006 426 14.9123
coreB 3 647 126 14.414
coreB 4 362 90 12.9888
coreB 5 195 35 12.1333
coreB 6 127 33 38.2759
coreB 7 82 31 11.9829
coreB 8 74 25 10.8248
coreB 9 60 24 11.3254
coreB 10 51 24 10.7613
coreB 11 42 21 11.1389
coreB 12 41 17 11.1364
coreB 13 34 14 11.3787
coreB 14 29 14 10.6416
total 51.9754
coreA 1 85 287 3.81306
coreA 2 85 287 3.01321
coreA 3 66 282 3.74814
coreA 4 64 125 2.95608
coreA 5 61 119 3.61773
coreA 6 59 115 3.03354
coreA 7 55 110 4.7802
coreA 8 54 104 12.4291
coreA 9 50 101 4.37643
coreA 10 49 97 4.31031
coreA 11 48 95 2.77979
coreA 12 47 94 2.75609
coreA 13 46 89 2.75299
coreA 14 44 87 2.7465
coreB 1 618 1386 8.29642
coreB 2 1006 426 7.31554
coreB 3 647 126 6.48105
coreB 4 362 90 16.3925
coreB 5 195 35 4.21141
coreB 6 127 33 3.69559
coreB 7 82 31 8.64463
coreB 8 74 25 5.34819
coreB 9 60 24 2.31051
coreB 10 51 24 5.96018
coreB 11 42 21 4.07955
coreB 12 41 17 3.7637
coreB 13 34 14 7.79128
coreB 14 29 14 5.42028
total 59.2025
coreA 1 85 287 3.7778
coreA 2 85 287 2.98744
coreA 3 66 282 3.68938
coreA 4 64 125 3.00334
coreA 5 61 119 3.78799
coreA 6 59 115 3.09091
coreA 7 55 110 4.06189
coreA 8 54 104 3.73187
coreA 9 50 101 4.05954
coreA 10 49 97 4.27221
coreA 11 48 95 4.99887
coreA 12 47 94 4.66065
coreA 13 46 89 6.95949
coreA 14 44 87 3.33161
coreB 1 618 1386 8.39919
coreB 2 1006 426 7.24833
coreB 3 647 126 5.46897
coreB 4 362 90 5.36778
coreB 5 195 35 4.42766
coreB 6 127 33 3.79635
coreB 7 82 31 2.91875
coreB 8 74 25 2.45187
coreB 9 60 24 3.3826
coreB 10 51 24 2.15882
coreB 11 42 21 2.36568
coreB 12 41 17 2.4826
coreB 13 34 14 1.72522
coreB 14 29 14 2.30647
total 58.5559
