coreA 1 85 287 11.9882
coreA 2 85 287 12.2155
coreA 3 66 282 12.0339
coreA 4 64 125 11.7387
coreA 5 61 119 11.7759
coreA 6 59 115 11.8799
coreA 7 55 110 11.9762
coreA 8 54 104 12.1034
coreA 9 50 101 12.0361
coreA 10 49 97 12.0483
coreA 11 48 95 12.0514
coreA 12 47 94 12.0931
coreA 13 46 89 12.0224
coreA 14 44 87 12.0496
coreB 1 618 1386 14.889
coreB 2 1006 426 13.3099
coreB 3 647 126 12.4941
coreB 4 362 90 11.4549
coreB 5 195 35 11.2728
coreB 6 127 33 10.9856
coreB 7 82 31 10.7747
coreB 8 74 25 10.6235
coreB 9 60 24 10.6736
coreB 10 51 24 10.6254
coreB 11 42 21 10.6327
coreB 12 41 17 10.6884
coreB 13 34 14 10.5776
coreB 14 29 14 10.6112
total 342.209
coreA 1 85 287 11.6906
coreA 2 85 287 11.978
coreA 3 66 282 11.9116
coreA 4 64 125 11.7454
coreA 5 61 119 11.72
coreA 6 59 115 11.7772
coreA 7 55 110 12.0047
coreA 8 54 104 12.0702
coreA 9 50 101 11.9001
coreA 10 49 97 12.0127
coreA 11 48 95 12.0127
coreA 12 47 94 11.9882
coreA 13 46 89 12.0327
coreA 14 44 87 12.0728
coreB 1 618 1386 14.4048
coreB 2 1006 426 13.2742
coreB 3 647 126 12.4693
coreB 4 362 90 11.452
coreB 5 195 35 11.2744
coreB 6 127 33 10.8854
coreB 7 82 31 10.7207
coreB 8 74 25 10.7088
coreB 9 60 24 10.6974
coreB 10 51 24 10.6852
coreB 11 42 21 10.6479
coreB 12 41 17 10.6313
coreB 13 34 14 10.6145
coreB 14 29 14 10.7169
total 340.422
coreA 1 85 287 11.5488
coreA 2 85 287 11.9807
coreA 3 66 282 11.8405
coreA 4 64 125 11.6804
coreA 5 61 119 11.7797
coreA 6 59 115 11.7322
coreA 7 55 110 11.9713
coreA 8 54 104 11.9499
coreA 9 50 101 12.0047
coreA 10 49 97 12.0843
coreA 11 48 95 11.9717
coreA 12 47 94 11.9767
coreA 13 46 89 12.0307
coreA 14 44 87 12.035
coreB 1 618 1386 14.4093
coreB 2 1006 426 13.2293
coreB 3 647 126 12.4062
coreB 4 362 90 11.4571
coreB 5 195 35 11.2609
coreB 6 127 33 10.8862
coreB 7 82 31 10.7058
coreB 8 74 25 10.602
coreB 9 60 24 10.687
coreB 10 51 24 10.6728
coreB 11 42 21 10.5913
coreB 12 41 17 10.6321
coreB 13 34 14 10.5969
coreB 14 29 14 10.6291
total 339.587
coreA 1 85 287 11.5442
coreA 2 85 287 11.9803
coreA 3 66 282 11.8744
coreA 4 64 125 11.6779
coreA 5 61 119 11.6861
coreA 6 59 115 11.7084
coreA 7 55 110 11.9991
coreA 8 54 104 11.9624
coreA 9 50 101 11.8792
coreA 10 49 97 11.9893
coreA 11 48 95 11.9863
coreA 12 47 94 12.046
coreA 13 46 89 12.0192
coreA 14 44 87 12.0253
coreB 1 618 1386 14.4817
coreB 2 1006 426 13.2457
coreB 3 647 126 12.4635
coreB 4 362 90 11.4293
coreB 5 195 35 11.246
coreB 6 127 33 10.9524
coreB 7 82 31 10.736
coreB 8 74 25 10.6292
coreB 9 60 24 10.6672
coreB 10 51 24 10.6513
coreB 11 42 21 10.6577
coreB 12 41 17 10.6444
coreB 13 34 14 10.6826
coreB 14 29 14 10.6314
total 339.784
coreA 1 85 287 11.5625
coreA 2 85 287 12.0315
coreA 3 66 282 11.9528
coreA 4 64 125 11.4686
coreA 5 61 119 11.5694
coreA 6 59 115 11.8031
coreA 7 55 110 12.0072
coreA 8 54 104 12.0284
coreA 9 50 101 12.0678
coreA 10 49 97 12.0617
coreA 11 48 95 12.0569
coreA 12 47 94 12.0105
coreA 13 46 89 11.9009
coreA 14 44 87 12.0495
coreB 1 618 1386 14.4366
coreB 2 1006 426 13.2937
coreB 3 647 126 12.4788
coreB 4 362 90 11.4869
coreB 5 195 35 11.2844
coreB 6 127 33 10.9053
coreB 7 82 31 10.7118
coreB 8 74 25 10.6517
coreB 9 60 24 10.0576
coreB 10 51 24 10.5373
coreB 11 42 21 10.6478
coreB 12 41 17 10.6697
coreB 13 34 14 10.6568
coreB 14 29 14 10.6264
total 339.32
