coreA 1 85 287 13.9609
coreA 2 85 287 14.0444
coreA 3 66 282 13.5687
coreA 4 64 125 13.2988
coreA 5 61 119 13.3246
coreA 6 59 115 13.3601
coreA 7 55 110 13.2034
coreA 8 54 104 13.3069
coreA 9 50 101 13.0954
coreA 10 49 97 13.0888
coreA 11 48 95 13.1314
coreA 12 47 94 13.0223
coreA 13 46 89 13.049
coreA 14 44 87 7.95269
coreB 1 618 1386 16.6407
coreB 2 1006 426 14.6811
coreB 3 647 126 13.6138
coreB 4 362 90 12.7316
coreB 5 195 35 12.0428
coreB 6 127 33 11.31
coreB 7 82 31 11.5609
coreB 8 74 25 11.075
coreB 9 60 24 11.3976
coreB 10 51 24 11.3929
coreB 11 42 21 11.2412
coreB 12 41 17 11.2536
coreB 13 34 14 11.2694
coreB 14 29 14 11.8583
total 188.206
coreA 1 85 287 13.7494
coreA 2 85 287 14.0945
coreA 3 66 282 13.5764
coreA 4 64 125 13.4061
coreA 5 61 119 13.2632
coreA 6 59 115 13.3282
coreA 7 55 110 13.2591
coreA 8 54 104 13.0928
coreA 9 50 101 12.899
coreA 10 49 97 12.9458
coreA 11 48 95 12.8983
coreA 12 47 94 12.9329
coreA 13 46 89 12.8167
coreA 14 44 87 7.74757
coreB 1 618 1386 16.7872
coreB 2 1006 426 15.0833
coreB 3 647 126 13.8086
coreB 4 362 90 12.8514
coreB 5 195 35 12.047
coreB 6 127 33 11.3555
coreB 7 82 31 11.5751
coreB 8 74 25 10.8157
coreB 9 60 24 11.1452
coreB 10 51 24 11.0936
coreB 11 42 21 11.0349
coreB 12 41 17 10.9743
coreB 13 34 14 10.9423
coreB 14 29 14 11.5444
total 186.649
coreA 1 85 287 13.6423
coreA 2 85 287 14.0743
coreA 3 66 282 13.6399
coreA 4 64 125 13.3933
coreA 5 61 119 13.2787
coreA 6 59 115 13.4246
coreA 7 55 110 13.3556
coreA 8 54 104 13.3053
coreA 9 50 101 13.0859
coreA 10 49 97 13.0274
coreA 11 48 95 12.969
coreA 12 47 94 12.8926
coreA 13 46 89 12.8406
coreA 14 44 87 8.84263
coreB 1 618 1386 16.5536
coreB 2 1006 426 14.7478
coreB 3 647 126 13.5595
coreB 4 362 90 12.826
coreB 5 195 35 11.8946
coreB 6 127 33 11.1939
coreB 7 82 31 11.6188
coreB 8 74 25 10.8831
coreB 9 60 24 11.2505
coreB 10 51 24 10.9869
coreB 11 42 21 10.9009
coreB 12 41 17 10.8189
coreB 13 34 14 10.7886
coreB 14 29 14 11.4205
total 186.071
coreA 1 85 287 13.5905
coreA 2 85 287 14.0642
coreA 3 66 282 13.4445
coreA 4 64 125 13.2535
coreA 5 61 119 13.1757
coreA 6 59 115 13.2505
coreA 7 55 110 13.2
coreA 8 54 104 13.1843
coreA 9 50 101 13.1154
coreA 10 49 97 13.1448
coreA 11 48 95 13.1025
coreA 12 47 94 13.1311
coreA 13 46 89 12.9959
coreA 14 44 87 9.78666
coreB 1 618 1386 15.9402
coreB 2 1006 426 14.4314
coreB 3 647 126 13.3316
coreB 4 362 90 12.5163
coreB 5 195 35 11.8145
coreB 6 127 33 11.0913
coreB 7 82 31 11.389
coreB 8 74 25 10.6482
coreB 9 60 24 10.9607
coreB 10 51 24 10.9164
coreB 11 42 21 10.8636
coreB 12 41 17 10.8355
coreB 13 34 14 10.7995
coreB 14 29 14 11.4285
total 184.5
coreA 1 85 287 13.8523
coreA 2 85 287 14.1919
coreA 3 66 282 13.7293
coreA 4 64 125 13.1364
coreA 5 61 119 13.0279
coreA 6 59 115 13.2166
coreA 7 55 110 13.1646
coreA 8 54 104 13.1194
coreA 9 50 101 13.0567
coreA 10 49 97 13.0837
coreA 11 48 95 13.1364
coreA 12 47 94 12.9752
coreA 13 46 89 12.9862
coreA 14 44 87 8.5345
coreB 1 618 1386 16.3716
coreB 2 1006 426 14.8444
coreB 3 647 126 13.75
coreB 4 362 90 12.7632
coreB 5 195 35 11.9332
coreB 6 127 33 11.2883
coreB 7 82 31 11.5356
coreB 8 74 25 10.7939
coreB 9 60 24 11.1616
coreB 10 51 24 11.0858
coreB 11 42 21 10.9827
coreB 12 41 17 10.9772
coreB 13 34 14 10.9168
coreB 14 29 14 11.5409
total 186.209
