coreA 1 85 287 7.09343
coreA 2 85 287 5.07609
coreA 3 66 282 43.8307
coreA 4 64 125 13.6732
coreA 5 61 119 13.3171
coreA 6 59 115 10.5276
coreA 7 55 110 13.8963
coreA 8 54 104 13.2151
coreA 9 50 101 10.1313
coreA 10 49 97 13.2329
coreA 11 48 95 13.4082
coreA 12 47 94 10.4313
coreA 13 46 89 13.0963
coreA 14 44 87 12.9897
coreB 1 618 1386 13.8253
coreB 2 1006 426 14.7996
coreB 3 647 126 13.5862
coreB 4 362 90 13.6135
coreB 5 195 35 12.0083
coreB 6 127 33 11.4643
coreB 7 82 31 5.29557
coreB 8 74 25 10.1671
coreB 9 60 24 11.1827
coreB 10 51 24 28.0142
coreB 11 42 21 11.1778
coreB 12 41 17 10.9538
coreB 13 34 14 10.9996
coreB 14 29 14 27.9376
total 98.1169
coreA 1 85 287 6.73738
coreA 2 85 287 5.15571
coreA 3 66 282 44.783
coreA 4 64 125 4.28173
coreA 5 61 119 4.21537
coreA 6 59 115 4.2431
coreA 7 55 110 4.25648
coreA 8 54 104 4.21832
coreA 9 50 101 4.23758
coreA 10 49 97 4.22597
coreA 11 48 95 4.18962
coreA 12 47 94 4.19904
coreA 13 46 89 4.18655
coreA 14 44 87 4.17592
coreB 1 618 1386 13.7548
coreB 2 1006 426 14.6417
coreB 3 647 126 13.507
coreB 4 362 90 13.9614
coreB 5 195 35 17.3272
coreB 6 127 33 11.2503
coreB 7 82 31 9.19955
coreB 8 74 25 8.82054
coreB 9 60 24 11.0894
coreB 10 51 24 11.0032
coreB 11 42 21 11.0883
coreB 12 41 17 11.2616
coreB 13 34 14 11.3765
coreB 14 29 14 11.657
total 107.189
coreA 1 85 287 6.72512
coreA 2 85 287 5.10435
coreA 3 66 282 44.1402
coreA 4 64 125 13.674
coreA 5 61 119 13.5626
coreA 6 59 115 10.2043
coreA 7 55 110 13.3924
coreA 8 54 104 13.3541
coreA 9 50 101 10.4333
coreA 10 49 97 13.4637
coreA 11 48 95 13.4048
coreA 12 47 94 10.5285
coreA 13 46 89 13.5992
coreA 14 44 87 13.4806
coreB 1 618 1386 13.6149
coreB 2 1006 426 14.7136
coreB 3 647 126 13.5635
coreB 4 362 90 11.1742
coreB 5 195 35 5.99687
coreB 6 127 33 11.3103
coreB 7 82 31 11.6788
coreB 8 74 25 11.2742
coreB 9 60 24 11.1014
coreB 10 51 24 10.9857
coreB 11 42 21 10.9539
coreB 12 41 17 11.4001
coreB 13 34 14 16.7075
coreB 14 29 14 11.3426
total 97.4679
coreA 1 85 287 6.45389
coreA 2 85 287 5.03313
coreA 3 66 282 8.80631
coreA 4 64 125 13.6396
coreA 5 61 119 13.4998
coreA 6 59 115 13.6555
coreA 7 55 110 24.7119
coreA 8 54 104 4.61289
coreA 9 50 101 4.21095
coreA 10 49 97 11.6365
coreA 11 48 95 7.40305
coreA 12 47 94 6.79647
coreA 13 46 89 7.06938
coreA 14 44 87 6.00962
coreB 1 618 1386 13.793
coreB 2 1006 426 14.7111
coreB 3 647 126 13.8849
coreB 4 362 90 13.0079
coreB 5 195 35 12.1453
coreB 6 127 33 11.6311
coreB 7 82 31 11.9518
coreB 8 74 25 11.1158
coreB 9 60 24 11.2548
coreB 10 51 24 11.1786
coreB 11 42 21 11.1143
coreB 12 41 17 11.0488
coreB 13 34 14 10.0683
coreB 14 29 14 11.8823
total 98.635
coreA 1 85 287 6.53107
coreA 2 85 287 5.00993
coreA 3 66 282 40.9856
coreA 4 64 125 6.22689
coreA 5 61 119 4.20045
coreA 6 59 115 4.21751
coreA 7 55 110 4.26276
coreA 8 54 104 4.21704
coreA 9 50 101 4.23298
coreA 10 49 97 4.21536
coreA 11 48 95 4.2084
coreA 12 47 94 4.23139
coreA 13 46 89 4.19749
coreA 14 44 87 4.20296
coreB 1 618 1386 14.3564
coreB 2 1006 426 15.5083
coreB 3 647 126 13.7365
coreB 4 362 90 13.4415
coreB 5 195 35 8.91313
coreB 6 127 33 11.4811
coreB 7 82 31 20.5159
coreB 8 74 25 10.7905
coreB 9 60 24 11.1356
coreB 10 51 24 11.0821
coreB 11 42 21 11.0788
coreB 12 41 17 10.9944
coreB 13 34 14 10.9792
coreB 14 29 14 11.6269
total 104.845
