coreA 1 85 287 2.28939
coreA 2 85 287 2.15261
coreA 3 66 282 2.04201
coreA 4 64 125 1.97562
coreA 5 61 119 4.00686
coreA 6 59 115 2.67547
coreA 7 55 110 2.29839
coreA 8 54 104 1.95791
coreA 9 50 101 1.9135
coreA 10 49 97 1.92473
coreA 11 48 95 1.91212
coreA 12 47 94 1.93167
coreA 13 46 89 1.9319
coreA 14 44 87 1.87373
coreB 1 618 1386 4.13186
coreB 2 1006 426 2.93466
coreB 3 647 126 2.57552
coreB 4 362 90 4.59103
coreB 5 195 35 2.40937
coreB 6 127 33 1.45203
coreB 7 82 31 2.90146
coreB 8 74 25 1.09119
coreB 9 60 24 1.10042
coreB 10 51 24 1.69242
coreB 11 42 21 1.01106
coreB 12 41 17 1.00735
coreB 13 34 14 1.25817
coreB 14 29 14 0.764804
total 32.5608
coreA 1 85 287 1.9964
coreA 2 85 287 6.76513
coreA 3 66 282 6.32117
coreA 4 64 125 6.82773
coreA 5 61 119 6.29898
coreA 6 59 115 6.75055
coreA 7 55 110 6.5502
coreA 8 54 104 5.48615
coreA 9 50 101 5.76878
coreA 10 49 97 6.18117
coreA 11 48 95 6.0611
coreA 12 47 94 5.25825
coreA 13 46 89 6.4991
coreA 14 44 87 5.21567
coreB 1 618 1386 7.52277
coreB 2 1006 426 2.9858
coreB 3 647 126 2.18673
coreB 4 362 90 4.23842
coreB 5 195 35 1.92618
coreB 6 127 33 1.22645
coreB 7 82 31 2.48252
coreB 8 74 25 1.19138
coreB 9 60 24 0.922822
coreB 10 51 24 1.80512
coreB 11 42 21 0.706327
coreB 12 41 17 0.794905
coreB 13 34 14 1.47384
coreB 14 29 14 0.7139
total 20.6263
coreA 1 85 287 2.02509
coreA 2 85 287 6.64617
coreA 3 66 282 6.0713
coreA 4 64 125 6.62807
coreA 5 61 119 6.6196
coreA 6 59 115 5.93359
coreA 7 55 110 6.36939
coreA 8 54 104 5.05932
coreA 9 50 101 6.50797
coreA 10 49 97 5.64101
coreA 11 48 95 6.55477
coreA 12 47 94 5.22787
coreA 13 46 89 5.41025
coreA 14 44 87 5.28197
coreB 1 618 1386 9.66754
coreB 2 1006 426 6.45399
coreB 3 647 126 6.02967
coreB 4 362 90 5.59658
coreB 5 195 35 5.4153
coreB 6 127 33 4.85971
coreB 7 82 31 4.3603
coreB 8 74 25 4.22069
coreB 9 60 24 3.82771
coreB 10 51 24 4.03244
coreB 11 42 21 3.96878
coreB 12 41 17 3.66616
coreB 13 34 14 3.12061
coreB 14 29 14 3.60155
total 16.6596
coreA 1 85 287 2.06291
coreA 2 85 287 6.29795
coreA 3 66 282 6.78958
coreA 4 64 125 6.17968
coreA 5 61 119 6.41983
coreA 6 59 115 6.41842
coreA 7 55 110 6.44596
coreA 8 54 104 6.37083
coreA 9 50 101 6.00503
coreA 10 49 97 6.43841
coreA 11 48 95 6.1584
coreA 12 47 94 6.75441
coreA 13 46 89 6.32933
coreA 14 44 87 5.65686
coreB 1 618 1386 9.67266
coreB 2 1006 426 6.3532
coreB 3 647 126 5.80533
coreB 4 362 90 5.55787
coreB 5 195 35 5.20757
coreB 6 127 33 5.02543
coreB 7 82 31 4.14542
coreB 8 74 25 3.57869
coreB 9 60 24 3.74749
coreB 10 51 24 4.1231
coreB 11 42 21 3.54651
coreB 12 41 17 3.15424
coreB 13 34 14 3.56231
coreB 14 29 14 3.15282
total 16.5646
coreA 1 85 287 2.01813
coreA 2 85 287 6.71837
coreA 3 66 282 5.49525
coreA 4 64 125 6.5707
coreA 5 61 119 6.40045
coreA 6 59 115 6.74635
coreA 7 55 110 4.95905
coreA 8 54 104 6.78482
coreA 9 50 101 5.65912
coreA 10 49 97 5.51086
coreA 11 48 95 6.08522
coreA 12 47 94 6.74529
coreA 13 46 89 6.54396
coreA 14 44 87 6.25767
coreB 1 618 1386 9.40842
coreB 2 1006 426 6.44051
coreB 3 647 126 6.00681
coreB 4 362 90 5.46738
coreB 5 195 35 5.13979
coreB 6 127 33 4.92699
coreB 7 82 31 4.70421
coreB 8 74 25 4.04668
coreB 9 60 24 3.75824
coreB 10 51 24 3.68539
coreB 11 42 21 3.92647
coreB 12 41 17 3.62436
coreB 13 34 14 3.86511
coreB 14 29 14 3.57508
total 16.3869
