coreA 1 1998 34989 3.80184
coreA 2 1991 34001 5.06897
coreA 3 1989 33131 5.04445
coreA 4 1958 32390 4.93659
coreA 5 1953 31736 4.89297
coreA 6 1968 31186 13.1413
coreA 7 1961 30641 13.3348
coreA 8 1948 30143 3.22666
coreA 9 1956 29638 5.33792
coreA 10 1916 29156 4.37781
coreA 11 1914 28762 5.18761
coreA 12 1921 28346 4.36768
coreA 13 1896 27982 20.2905
coreA 14 1909 27600 3.36425
coreA 15 1879 27274 2.90049
coreA 16 1887 26962 5.22851
coreA 17 1887 26628 4.53846
coreA 18 1869 26332 3.45578
coreA 19 1855 26021 17.5691
coreA 20 1864 25766 3.54725
coreA 21 1857 25462 3.2473
coreA 22 1847 25167 5.21548
coreA 23 1837 24873 4.38845
coreA 24 1825 24590 3.99183
coreA 25 1834 24318 5.34504
coreA 26 1829 24058 4.3731
coreA 27 1815 23785 3.94224
coreA 28 1796 23532 13.366
coreA 29 1784 23296 3.02742
coreA 30 1798 23045 30.9025
coreA 31 1795 22811 2.24541
coreA 32 1781 22581 2.13951
coreA 33 1769 22350 14.079
coreA 34 1764 22115 3.17144
coreA 35 1757 21886 3.44243
coreA 36 1740 21660 30.3697
coreA 37 1734 21454 2.34296
coreA 38 1751 21238 2.04026
coreA 39 1767 21056 4.97482
coreA 40 1749 20862 4.31781
coreA 41 1725 20669 4.81871
coreA 42 1704 20472 4.44386
coreA 43 1718 20254 4.09127
coreA 44 1707 20042 4.80909
coreA 45 1688 19867 4.16994
coreA 46 1703 19671 20.9109
coreA 47 1702 19480 2.93052
coreA 48 1682 19292 5.20293
coreA 49 1682 19111 4.37636
coreA 50 1675 18933 4.28119
coreA 51 1665 18754 4.64368
coreA 52 1674 18575 4.31789
coreA 53 1672 18398 12.6606
coreA 54 1657 18227 2.90363
coreA 55 1647 18066 3.14402
coreA 56 1631 17901 5.41383
coreA 57 1645 17715 3.94682
coreA 58 1612 17547 3.76115
coreA 59 1639 17384 17.9065
coreA 60 1630 17210 2.78585
coreA 61 1618 17049 5.38452
coreA 62 1627 16883 3.82766
coreA 63 1603 16714 3.59688
coreA 64 1602 16558 4.58259
coreA 65 1589 16394 3.84578
coreA 66 1582 16222 4.55258
coreA 67 1580 16078 3.87323
coreA 68 1585 15915 11.8649
coreA 69 1575 15769 2.68166
coreA 70 1556 15617 13.0783
coreA 71 1568 15462 2.97093
coreA 72 1562 15319 2.61476
coreA 73 1561 15155 14.1892
coreA 74 1540 14980 2.69098
coreA 75 1532 14824 20.0498
coreA 76 1545 14663 2.77834
coreA 77 1548 14526 19.1104
coreA 78 1523 14379 2.93185
coreA 79 1522 14246 4.5679
coreA 80 1507 14118 3.94431
coreA 81 1508 13986 3.50378
coreA 82 1516 13841 20.2548
coreA 83 1503 13695 2.75895
coreA 84 1516 13560 2.47062
coreA 85 1486 13432 4.32992
coreA 86 1489 13312 4.31419
coreA 87 1475 13213 4.78396
coreA 88 1481 13085 11.6514
coreA 89 1479 12989 3.20292
coreA 90 1471 12891 2.55765
coreA 91 1466 12770 4.76749
coreA 92 1449 12653 3.66928
coreA 93 1445 12556 3.60121
coreA 94 1447 12454 11.7242
coreA 95 1459 12355 2.45208
coreA 96 1445 12255 24.8339
coreA 97 1428 12140 2.52997
coreA 98 1427 12048 2.35059
coreA 99 1432 11954 26.5828
coreA 100 1413 11862 2.2914
coreA 101 1415 11768 23.9844
coreA 102 1406 11677 2.57831
coreA 103 1412 11573 19.9137
coreA 104 1400 11486 2.75185
coreA 105 1392 11377 4.09781
coreA 106 1393 11291 28.4334
coreA 107 1392 11199 2.04909
coreA 108 1362 11122 20.5912
coreA 109 1374 11016 2.41086
coreA 110 1392 10925 4.07886
coreA 111 1374 10831 26.7631
coreA 112 1356 10734 14.0905
coreA 113 1347 10658 2.41758
coreA 114 1346 10563 4.12277
coreA 115 1342 10480 4.11894
coreA 116 1347 10379 19.7507
coreA 117 1339 10289 2.54113
coreA 118 1302 10216 4.10615
coreA 119 1328 10148 25.8
coreA 120 1331 10055 2.10801
coreA 121 1311 9979 4.15513
coreA 122 1297 9896 21.1706
coreA 123 1309 9816 2.49246
coreA 124 1306 9727 26.6972
coreA 125 1299 9642 2.03895
coreA 126 1279 9562 4.4328
coreA 127 1275 9492 3.33086
coreA 128 1290 9397 3.66917
coreA 129 1280 9309 3.40286
coreA 130 1274 9235 4.2694
coreA 131 1264 9156 3.45835
coreA 132 1254 9078 3.20727
coreA 133 1268 9004 4.9059
coreA 134 1258 8945 3.13543
coreA 135 1257 8883 2.76476
coreA 136 1244 8800 4.0121
coreA 137 1248 8709 4.02572
coreA 138 1252 8645 25.388
coreA 139 1252 8571 1.87531
coreA 140 1224 8506 4.27183
coreA 141 1239 8436 13.4584
coreA 142 1224 8359 2.46077
coreA 143 1221 8297 38.1222
coreA 144 1208 8221 1.37464
coreA 145 1188 8150 1.352
coreA 146 1195 8084 4.29894
coreA 147 1197 8011 36.9228
coreB 1 824 2186 1.37542
coreB 2 1047 928 4.56082
coreB 3 1088 751 4.48775
coreB 4 1137 657 4.64469
coreB 5 1154 603 4.53888
coreB 6 1160 561 18.0769
coreB 7 1157 525 4.52554
coreB 8 1182 501 4.47355
coreB 9 1170 479 4.4531
coreB 10 1195 458 34.7137
coreB 11 1156 444 4.49656
coreB 12 1139 429 4.46735
coreB 13 1160 416 4.44996
coreB 14 1162 403 4.55561
coreB 15 1173 391 4.6761
coreB 16 1151 381 50.3543
coreB 17 1099 374 4.55861
coreB 18 1116 367 4.5193
coreB 19 1148 360 38.8275
coreB 20 1158 353 4.5803
coreB 21 1122 345 4.3741
coreB 22 1116 341 38.022
coreB 23 1110 335 4.49435
coreB 24 1132 331 4.41951
coreB 25 1115 326 4.45816
coreB 26 1107 321 24.4889
coreB 27 1105 317 4.57848
coreB 28 1133 313 4.40409
coreB 29 1122 309 4.44616
coreB 30 1119 304 4.6435
coreB 31 1105 300 4.57576
coreB 32 1103 296 17.7281
coreB 33 1105 293 4.50374
coreB 34 1105 289 4.52083
coreB 35 1118 285 4.42305
coreB 36 1074 282 4.50937
coreB 37 1073 278 4.53963
coreB 38 1063 275 4.43295
coreB 39 1064 273 4.55169
coreB 40 1062 270 4.54218
coreB 41 1089 267 4.58858
coreB 42 1083 265 4.50307
coreB 43 1043 263 4.49295
coreB 44 1033 260 4.47107
coreB 45 1035 258 4.42733
coreB 46 1019 256 4.48333
coreB 47 1020 253 13.2613
coreB 48 1012 251 4.46704
coreB 49 1037 248 4.37962
coreB 50 1040 246 50.8257
coreB 51 1033 244 4.40569
coreB 52 1010 242 4.35875
coreB 53 1026 240 4.41641
coreB 54 1016 238 4.33232
coreB 55 1011 237 4.41765
coreB 56 1000 235 4.32475
coreB 57 1001 233 4.35079
coreB 58 1010 232 34.8372
coreB 59 977 230 4.4515
coreB 60 1004 228 4.27001
coreB 61 978 226 4.3988
coreB 62 979 225 8.95841
coreB 63 965 223 4.42605
coreB 64 935 222 4.22956
coreB 65 990 220 33.0945
coreB 66 1002 219 46.4806
coreB 67 957 218 8.80344
coreB 68 947 216 4.30292
coreB 69 937 215 4.29192
coreB 70 936 214 4.44368
coreB 71 942 212 4.42511
coreB 72 931 211 4.348
coreB 73 926 209 4.38269
coreB 74 927 208 4.31305
coreB 75 932 207 4.18974
coreB 76 962 205 8.86358
coreB 77 956 204 4.35184
coreB 78 955 203 4.32343
coreB 79 911 202 4.31102
coreB 80 941 201 4.3497
coreB 81 927 200 4.48429
coreB 82 890 199 4.39574
coreB 83 931 197 4.47668
coreB 84 921 196 4.37937
coreB 85 903 195 4.31583
coreB 86 911 194 4.34655
coreB 87 925 193 4.37242
coreB 88 898 192 4.34383
coreB 89 897 191 4.3126
coreB 90 885 190 4.26396
coreB 91 879 189 4.37405
coreB 92 876 188 4.23974
coreB 93 854 187 4.2758
coreB 94 860 186 8.83906
coreB 95 897 185 4.2582
coreB 96 876 184 4.36897
coreB 97 851 183 4.36576
coreB 98 878 182 41.277
coreB 99 889 181 8.62869
coreB 100 854 180 4.33349
coreB 101 865 180 4.28703
coreB 102 873 179 4.3008
coreB 103 821 178 4.38761
coreB 104 810 177 4.31416
coreB 105 843 176 4.40376
coreB 106 839 176 4.43536
coreB 107 868 175 4.43281
coreB 108 819 174 40.536
coreB 109 850 173 4.38852
coreB 110 867 173 25.1474
coreB 111 859 172 4.41314
coreB 112 811 171 28.9852
coreB 113 827 170 4.29678
coreB 114 811 169 30.9133
coreB 115 780 169 4.39109
coreB 116 791 168 30.5612
coreB 117 799 167 4.22848
coreB 118 798 166 4.32208
coreB 119 794 166 32.3546
coreB 120 789 165 4.42346
coreB 121 792 164 4.29442
coreB 122 785 163 4.37773
coreB 123 826 163 4.25675
coreB 124 829 162 40.7666
coreB 125 801 161 4.27742
coreB 126 756 161 4.22565
coreB 127 782 160 4.25726
coreB 128 781 160 4.26453
coreB 129 764 159 4.24545
coreB 130 774 158 4.23896
coreB 131 786 157 4.25686
coreB 132 758 157 4.26275
coreB 133 748 156 4.25934
coreB 134 800 156 4.32229
coreB 135 730 155 4.26843
coreB 136 775 154 4.246
coreB 137 733 154 4.26694
coreB 138 728 153 4.29264
coreB 139 769 152 4.30191
coreB 140 707 152 4.33397
coreB 141 730 151 18.4752
coreB 142 697 150 33.8541
coreB 143 762 150 4.29936
coreB 144 711 149 4.32303
coreB 145 742 148 4.30262
coreB 146 726 148 4.27335
coreB 147 704 147 25.0853
total 61.5857
