coreA 1 1998 34989 3.78498
coreA 2 1991 34001 4.89558
coreA 3 1989 33131 4.82702
coreA 4 1958 32390 4.73827
coreA 5 1953 31736 4.6766
coreA 6 1968 31186 4.6542
coreA 7 1961 30641 4.62955
coreA 8 1948 30143 4.59967
coreA 9 1956 29638 4.57849
coreA 10 1916 29156 4.56524
coreA 11 1914 28762 4.57409
coreA 12 1921 28346 4.55064
coreA 13 1896 27982 4.53907
coreA 14 1909 27600 4.51753
coreA 15 1879 27274 17.2278
coreA 16 1887 26962 12.5699
coreA 17 1887 26628 3.66386
coreA 18 1869 26332 2.70833
coreA 19 1855 26021 4.42981
coreA 20 1864 25766 5.18676
coreA 21 1857 25462 4.16
coreA 22 1847 25167 5.12357
coreA 23 1837 24873 4.06309
coreA 24 1825 24590 3.3983
coreA 25 1834 24318 5.01901
coreA 26 1829 24058 4.02667
coreA 27 1815 23785 3.34987
coreA 28 1796 23532 4.63586
coreA 29 1784 23296 4.29153
coreA 30 1798 23045 4.36514
coreA 31 1795 22811 4.72427
coreA 32 1781 22581 4.25786
coreA 33 1769 22350 4.64573
coreA 34 1764 22115 4.1667
coreA 35 1757 21886 3.29505
coreA 36 1740 21660 4.32327
coreA 37 1734 21454 4.8366
coreA 38 1751 21238 4.15248
coreA 39 1767 21056 4.29713
coreA 40 1749 20862 12.3543
coreA 41 1725 20669 4.14794
coreA 42 1704 20472 4.59814
coreA 43 1718 20254 4.26203
coreA 44 1707 20042 4.25493
coreA 45 1688 19867 4.68348
coreA 46 1703 19671 4.24702
coreA 47 1702 19480 4.63922
coreA 48 1682 19292 4.20506
coreA 49 1682 19111 4.5464
coreA 50 1675 18933 4.233
coreA 51 1665 18754 4.21629
coreA 52 1674 18575 4.2132
coreA 53 1672 18398 4.20191
coreA 54 1657 18227 4.32382
coreA 55 1647 18066 4.38344
coreA 56 1631 17901 29.3922
coreA 57 1645 17715 2.17348
coreA 58 1612 17547 1.98745
coreA 59 1639 17384 4.24108
coreA 60 1630 17210 21.2106
coreA 61 1618 17049 4.12714
coreA 62 1627 16883 12.5702
coreA 63 1603 16714 3.85433
coreA 64 1602 16558 25.7417
coreA 65 1589 16394 2.89681
coreA 66 1582 16222 24.4388
coreA 67 1580 16078 3.33147
coreA 68 1585 15915 19.4872
coreA 69 1575 15769 3.0296
coreA 70 1556 15617 4.21528
coreA 71 1568 15462 4.20456
coreA 72 1562 15319 4.19352
coreA 73 1561 15155 13.0604
coreA 74 1540 14980 3.77524
coreA 75 1532 14824 4.18236
coreA 76 1545 14663 4.17927
coreA 77 1548 14526 4.18423
coreA 78 1523 14379 4.20461
coreA 79 1522 14246 4.1667
coreA 80 1507 14118 4.1555
coreA 81 1508 13986 4.15082
coreA 82 1516 13841 4.15414
coreA 83 1503 13695 4.14289
coreA 84 1516 13560 4.12455
coreA 85 1486 13432 4.16136
coreA 86 1489 13312 4.15736
coreA 87 1475 13213 4.15935
coreA 88 1481 13085 4.15487
coreA 89 1479 12989 4.14718
coreA 90 1471 12891 4.15421
coreA 91 1466 12770 4.14652
coreA 92 1449 12653 4.14178
coreA 93 1445 12556 4.1274
coreA 94 1447 12454 28.8567
coreA 95 1459 12355 1.86604
coreA 96 1445 12255 12.9525
coreA 97 1428 12140 3.15724
coreA 98 1427 12048 2.87854
coreA 99 1432 11954 23.1401
coreA 100 1413 11862 2.18842
coreA 101 1415 11768 4.04542
coreA 102 1406 11677 4.03429
coreA 103 1412 11573 4.03264
coreA 104 1400 11486 4.11685
coreA 105 1392 11377 4.06873
coreA 106 1393 11291 4.06355
coreA 107 1392 11199 15.6446
coreA 108 1362 11122 3.99919
coreA 109 1374 11016 4.0133
coreA 110 1392 10925 4.19924
coreA 111 1374 10831 4.04595
coreA 112 1356 10734 12.7667
coreA 113 1347 10658 3.13304
coreA 114 1346 10563 23.0632
coreA 115 1342 10480 2.25431
coreA 116 1347 10379 4.00838
coreA 117 1339 10289 4.3183
coreA 118 1302 10216 16.3539
coreA 119 1328 10148 2.62025
coreA 120 1331 10055 2.54742
coreA 121 1311 9979 4.0155
coreA 122 1297 9896 4.01718
coreA 123 1309 9816 4.01773
coreA 124 1306 9727 3.99904
coreA 125 1299 9642 3.99555
coreA 126 1279 9562 3.99543
coreA 127 1275 9492 27.902
coreA 128 1290 9397 29.9361
coreA 129 1280 9309 1.52743
coreA 130 1274 9235 3.984
coreA 131 1264 9156 3.95505
coreA 132 1254 9078 3.95382
coreA 133 1268 9004 3.96308
coreA 134 1258 8945 3.96979
coreA 135 1257 8883 3.96486
coreA 136 1244 8800 3.95173
coreA 137 1248 8709 3.95451
coreA 138 1252 8645 48.7115
coreA 139 1252 8571 1.38809
coreA 140 1224 8506 4.23
coreA 141 1239 8436 42.1977
coreA 142 1224 8359 1.75328
coreA 143 1221 8297 4.23713
coreA 144 1208 8221 4.2548
coreA 145 1188 8150 4.24235
coreA 146 1195 8084 4.2151
coreA 147 1197 8011 4.21932
coreB 1 824 2186 1.54777
coreB 2 1047 928 4.46827
coreB 3 1088 751 4.38692
coreB 4 1137 657 4.54536
coreB 5 1154 603 4.48703
coreB 6 1160 561 4.42929
coreB 7 1157 525 4.45249
coreB 8 1182 501 4.40623
coreB 9 1170 479 4.42794
coreB 10 1195 458 4.3005
coreB 11 1156 444 4.47278
coreB 12 1139 429 4.39978
coreB 13 1160 416 4.43817
coreB 14 1162 403 4.4423
coreB 15 1173 391 4.57997
coreB 16 1151 381 4.46278
coreB 17 1099 374 4.47167
coreB 18 1116 367 4.44195
coreB 19 1148 360 4.33008
coreB 20 1158 353 4.4096
coreB 21 1122 345 4.34286
coreB 22 1116 341 4.44761
coreB 23 1110 335 4.41293
coreB 24 1132 331 4.37622
coreB 25 1115 326 4.45047
coreB 26 1107 321 4.48741
coreB 27 1105 317 4.44142
coreB 28 1133 313 4.33922
coreB 29 1122 309 4.36462
coreB 30 1119 304 4.56836
coreB 31 1105 300 4.45256
coreB 32 1103 296 4.38928
coreB 33 1105 293 4.40318
coreB 34 1105 289 4.45706
coreB 35 1118 285 4.39605
coreB 36 1074 282 4.45723
coreB 37 1073 278 4.45505
coreB 38 1063 275 4.39458
coreB 39 1064 273 4.44343
coreB 40 1062 270 4.44184
coreB 41 1089 267 4.44076
coreB 42 1083 265 4.43695
coreB 43 1043 263 4.4449
coreB 44 1033 260 4.45391
coreB 45 1035 258 29.8995
coreB 46 1019 256 4.43478
coreB 47 1020 253 55.8834
coreB 48 1012 251 4.42105
coreB 49 1037 248 4.34264
coreB 50 1040 246 4.27291
coreB 51 1033 244 4.40793
coreB 52 1010 242 4.35267
coreB 53 1026 240 4.4069
coreB 54 1016 238 4.35543
coreB 55 1011 237 4.41076
coreB 56 1000 235 4.34165
coreB 57 1001 233 16.2369
coreB 58 1010 232 4.39503
coreB 59 977 230 4.35677
coreB 60 1004 228 4.19423
coreB 61 978 226 4.32165
coreB 62 979 225 4.36044
coreB 63 965 223 4.35055
coreB 64 935 222 4.24473
coreB 65 990 220 4.36521
coreB 66 1002 219 4.34359
coreB 67 957 218 4.36153
coreB 68 947 216 4.24529
coreB 69 937 215 4.20646
coreB 70 936 214 4.3556
coreB 71 942 212 4.36713
coreB 72 931 211 4.24743
coreB 73 926 209 4.3811
coreB 74 927 208 4.35743
coreB 75 932 207 4.23225
coreB 76 962 205 4.38882
coreB 77 956 204 4.3317
coreB 78 955 203 4.32177
coreB 79 911 202 4.30744
coreB 80 941 201 4.32984
coreB 81 927 200 4.3127
coreB 82 890 199 4.34635
coreB 83 931 197 4.33112
coreB 84 921 196 4.33016
coreB 85 903 195 4.34623
coreB 86 911 194 4.33031
coreB 87 925 193 4.321
coreB 88 898 192 4.33111
coreB 89 897 191 4.32831
coreB 90 885 190 4.17516
coreB 91 879 189 4.29165
coreB 92 876 188 4.18694
coreB 93 854 187 4.19431
coreB 94 860 186 4.32309
coreB 95 897 185 4.13612
coreB 96 876 184 4.27693
coreB 97 851 183 4.25778
coreB 98 878 182 4.26017
coreB 99 889 181 4.15236
coreB 100 854 180 4.26501
coreB 101 865 180 8.6143
coreB 102 873 179 4.31664
coreB 103 821 178 4.31887
coreB 104 810 177 4.13609
coreB 105 843 176 4.2561
coreB 106 839 176 4.24545
coreB 107 868 175 4.25405
coreB 108 819 174 4.15021
coreB 109 850 173 4.27655
coreB 110 867 173 4.1519
coreB 111 859 172 4.28362
coreB 112 811 171 25.3764
coreB 113 827 170 4.15568
coreB 114 811 169 4.11655
coreB 115 780 169 4.30078
coreB 116 791 168 4.16322
coreB 117 799 167 4.17951
coreB 118 798 166 4.32237
coreB 119 794 166 4.28018
coreB 120 789 165 4.23826
coreB 121 792 164 4.12507
coreB 122 785 163 4.22163
coreB 123 826 163 4.15424
coreB 124 829 162 4.22821
coreB 125 801 161 4.17989
coreB 126 756 161 4.22187
coreB 127 782 160 4.20237
coreB 128 781 160 4.22522
coreB 129 764 159 4.21129
coreB 130 774 158 4.22539
coreB 131 786 157 4.21823
coreB 132 758 157 4.21117
coreB 133 748 156 4.23774
coreB 134 800 156 4.23337
coreB 135 730 155 4.20057
coreB 136 775 154 4.21585
coreB 137 733 154 4.21743
coreB 138 728 153 4.26328
coreB 139 769 152 4.19962
coreB 140 707 152 4.22024
coreB 141 730 151 4.25079
coreB 142 697 150 4.22934
coreB 143 762 150 4.22744
coreB 144 711 149 4.21777
coreB 145 742 148 4.17905
coreB 146 726 148 4.19262
coreB 147 704 147 4.17545
total 91.0853
