coreA 1 1998 34989 4.25265
coreA 2 1991 34001 3.81603
coreA 3 1989 33131 158.19
coreA 4 1958 32390 3.01183
coreA 5 1953 31736 2.99662
coreA 6 1968 31186 2.98793
coreA 7 1961 30641 2.97369
coreA 8 1948 30143 2.9594
coreA 9 1956 29638 2.9557
coreA 10 1916 29156 2.92363
coreA 11 1914 28762 2.90791
coreA 12 1921 28346 2.89596
coreA 13 1896 27982 2.88762
coreA 14 1909 27600 2.87658
coreA 15 1879 27274 2.8541
coreA 16 1887 26962 4.43424
coreA 17 1887 26628 4.40646
coreA 18 1869 26332 4.40234
coreA 19 1855 26021 4.38705
coreA 20 1864 25766 4.36447
coreA 21 1857 25462 4.35147
coreA 22 1847 25167 4.34598
coreA 23 1837 24873 4.32813
coreA 24 1825 24590 4.33884
coreA 25 1834 24318 4.3738
coreA 26 1829 24058 4.37809
coreA 27 1815 23785 4.34857
coreA 28 1796 23532 4.33947
coreA 29 1784 23296 4.33431
coreA 30 1798 23045 4.32657
coreA 31 1795 22811 4.32131
coreA 32 1781 22581 4.32222
coreA 33 1769 22350 4.30847
coreA 34 1764 22115 4.31144
coreA 35 1757 21886 4.2815
coreA 36 1740 21660 4.27936
coreA 37 1734 21454 4.2625
coreA 38 1751 21238 4.26155
coreA 39 1767 21056 4.2776
coreA 40 1749 20862 4.23817
coreA 41 1725 20669 4.23004
coreA 42 1704 20472 4.21554
coreA 43 1718 20254 4.21184
coreA 44 1707 20042 4.21248
coreA 45 1688 19867 4.2066
coreA 46 1703 19671 4.19511
coreA 47 1702 19480 4.19307
coreA 48 1682 19292 4.18827
coreA 49 1682 19111 4.19095
coreA 50 1675 18933 4.1982
coreA 51 1665 18754 4.18868
coreA 52 1674 18575 4.16906
coreA 53 1672 18398 4.1582
coreA 54 1657 18227 4.15627
coreA 55 1647 18066 4.15198
coreA 56 1631 17901 4.15203
coreA 57 1645 17715 4.17355
coreA 58 1612 17547 4.13324
coreA 59 1639 17384 4.11201
coreA 60 1630 17210 4.12216
coreA 61 1618 17049 4.14661
coreA 62 1627 16883 4.21942
coreA 63 1603 16714 4.2242
coreA 64 1602 16558 4.23177
coreA 65 1589 16394 4.20956
coreA 66 1582 16222 4.21311
coreA 67 1580 16078 4.20735
coreA 68 1585 15915 4.23384
coreA 69 1575 15769 4.18598
coreA 70 1556 15617 4.17713
coreA 71 1568 15462 4.1724
coreA 72 1562 15319 4.16056
coreA 73 1561 15155 4.15829
coreA 74 1540 14980 4.16406
coreA 75 1532 14824 4.17798
coreA 76 1545 14663 4.16078
coreA 77 1548 14526 4.14563
coreA 78 1523 14379 4.14339
coreA 79 1522 14246 4.13867
coreA 80 1507 14118 4.1321
coreA 81 1508 13986 4.12965
coreA 82 1516 13841 31.2877
coreA 83 1503 13695 3.01256
coreA 84 1516 13560 3.09108
coreA 85 1486 13432 3.06197
coreA 86 1489 13312 2.85718
coreA 87 1475 13213 2.78089
coreA 88 1481 13085 2.76541
coreA 89 1479 12989 2.57227
coreA 90 1471 12891 4.06781
coreA 91 1466 12770 4.06903
coreA 92 1449 12653 4.04675
coreA 93 1445 12556 4.07136
coreA 94 1447 12454 4.06406
coreA 95 1459 12355 4.06701
coreA 96 1445 12255 4.05335
coreA 97 1428 12140 4.04377
coreA 98 1427 12048 4.04402
coreA 99 1432 11954 4.05627
coreA 100 1413 11862 4.05668
coreA 101 1415 11768 4.05127
coreA 102 1406 11677 4.06335
coreA 103 1412 11573 4.03409
coreA 104 1400 11486 4.03522
coreA 105 1392 11377 4.02936
coreA 106 1393 11291 4.04832
coreA 107 1392 11199 4.0324
coreA 108 1362 11122 4.03671
coreA 109 1374 11016 4.01103
coreA 110 1392 10925 3.98549
coreA 111 1374 10831 3.98384
coreA 112 1356 10734 4.00208
coreA 113 1347 10658 4.00164
coreA 114 1346 10563 3.99239
coreA 115 1342 10480 31.4031
coreA 116 1347 10379 2.53441
coreA 117 1339 10289 2.45232
coreA 118 1302 10216 2.7592
coreA 119 1328 10148 2.77046
coreA 120 1331 10055 2.73822
coreA 121 1311 9979 2.7823
coreA 122 1297 9896 2.81242
coreA 123 1309 9816 3.96629
coreA 124 1306 9727 3.96191
coreA 125 1299 9642 3.96825
coreA 126 1279 9562 3.96835
coreA 127 1275 9492 3.9663
coreA 128 1290 9397 3.96859
coreA 129 1280 9309 4.00247
coreA 130 1274 9235 3.39073
coreA 131 1264 9156 2.74166
coreA 132 1254 9078 2.78824
coreA 133 1268 9004 2.78654
coreA 134 1258 8945 2.95657
coreA 135 1257 8883 2.66961
coreA 136 1244 8800 2.66
coreA 137 1248 8709 2.50456
coreA 138 1252 8645 2.7076
coreA 139 1252 8571 2.78977
coreA 140 1224 8506 2.76116
coreA 141 1239 8436 2.78551
coreA 142 1224 8359 2.74263
coreA 143 1221 8297 2.7712
coreA 144 1208 8221 2.03946
coreA 145 1188 8150 2.02862
coreA 146 1195 8084 2.02303
coreA 147 1197 8011 2.02518
coreB 1 824 2186 2.73535
coreB 2 1047 928 2.81661
coreB 3 1088 751 2.67604
coreB 4 1137 657 4.5756
coreB 5 1154 603 4.44321
coreB 6 1160 561 4.41022
coreB 7 1157 525 4.43758
coreB 8 1182 501 4.4368
coreB 9 1170 479 4.43273
coreB 10 1195 458 4.32912
coreB 11 1156 444 4.44312
coreB 12 1139 429 4.41707
coreB 13 1160 416 4.43821
coreB 14 1162 403 4.42128
coreB 15 1173 391 4.56178
coreB 16 1151 381 4.44157
coreB 17 1099 374 4.44412
coreB 18 1116 367 4.4466
coreB 19 1148 360 4.32057
coreB 20 1158 353 4.43221
coreB 21 1122 345 4.31195
coreB 22 1116 341 4.41143
coreB 23 1110 335 4.42546
coreB 24 1132 331 4.35766
coreB 25 1115 326 4.42381
coreB 26 1107 321 4.41803
coreB 27 1105 317 4.38451
coreB 28 1133 313 4.28375
coreB 29 1122 309 4.36418
coreB 30 1119 304 4.55146
coreB 31 1105 300 4.41061
coreB 32 1103 296 4.35308
coreB 33 1105 293 4.35575
coreB 34 1105 289 4.42444
coreB 35 1118 285 4.36001
coreB 36 1074 282 4.421
coreB 37 1073 278 4.42495
coreB 38 1063 275 4.24355
coreB 39 1064 273 4.40098
coreB 40 1062 270 4.10165
coreB 41 1089 267 4.39048
coreB 42 1083 265 4.39805
coreB 43 1043 263 4.38476
coreB 44 1033 260 4.39713
coreB 45 1035 258 4.39567
coreB 46 1019 256 4.41388
coreB 47 1020 253 4.34777
coreB 48 1012 251 4.38871
coreB 49 1037 248 3.4025
coreB 50 1040 246 4.24844
coreB 51 1033 244 4.36761
coreB 52 1010 242 4.27312
coreB 53 1026 240 4.31005
coreB 54 1016 238 4.25218
coreB 55 1011 237 4.30918
coreB 56 1000 235 4.27674
coreB 57 1001 233 4.27248
coreB 58 1010 232 4.30861
coreB 59 977 230 4.30998
coreB 60 1004 228 4.18231
coreB 61 978 226 4.32187
coreB 62 979 225 4.32207
coreB 63 965 223 4.34259
coreB 64 935 222 4.17494
coreB 65 990 220 4.3154
coreB 66 1002 219 4.30988
coreB 67 957 218 4.30843
coreB 68 947 216 4.18728
coreB 69 937 215 4.19941
coreB 70 936 214 4.3296
coreB 71 942 212 4.33218
coreB 72 931 211 4.21588
coreB 73 926 209 4.33073
coreB 74 927 208 4.31803
coreB 75 932 207 4.17556
coreB 76 962 205 4.3248
coreB 77 956 204 4.30302
coreB 78 955 203 4.30623
coreB 79 911 202 4.30496
coreB 80 941 201 4.29808
coreB 81 927 200 4.29447
coreB 82 890 199 4.30279
coreB 83 931 197 4.30301
coreB 84 921 196 4.28729
coreB 85 903 195 4.26307
coreB 86 911 194 4.24099
coreB 87 925 193 4.21325
coreB 88 898 192 4.24597
coreB 89 897 191 4.26841
coreB 90 885 190 4.14336
coreB 91 879 189 4.27665
coreB 92 876 188 4.14368
coreB 93 854 187 4.13491
coreB 94 860 186 4.27297
coreB 95 897 185 4.13914
coreB 96 876 184 4.25243
coreB 97 851 183 4.27851
coreB 98 878 182 4.27046
coreB 99 889 181 4.13164
coreB 100 854 180 4.25925
coreB 101 865 180 4.26551
coreB 102 873 179 4.27203
coreB 103 821 178 4.26291
coreB 104 810 177 4.12606
coreB 105 843 176 4.27567
coreB 106 839 176 4.27811
coreB 107 868 175 4.26832
coreB 108 819 174 4.15484
coreB 109 850 173 4.27333
coreB 110 867 173 4.13168
coreB 111 859 172 4.26363
coreB 112 811 171 4.13853
coreB 113 827 170 4.13174
coreB 114 811 169 4.11778
coreB 115 780 169 4.24536
coreB 116 791 168 4.11654
coreB 117 799 167 4.10848
coreB 118 798 166 4.29176
coreB 119 794 166 4.25287
coreB 120 789 165 4.23283
coreB 121 792 164 4.13115
coreB 122 785 163 4.24184
coreB 123 826 163 4.187
coreB 124 829 162 4.18238
coreB 125 801 161 4.17885
coreB 126 756 161 4.17025
coreB 127 782 160 4.18995
coreB 128 781 160 4.17805
coreB 129 764 159 4.16639
coreB 130 774 158 4.15691
coreB 131 786 157 4.18882
coreB 132 758 157 4.1541
coreB 133 748 156 4.1686
coreB 134 800 156 4.19299
coreB 135 730 155 4.16288
coreB 136 775 154 4.19442
coreB 137 733 154 4.16708
coreB 138 728 153 4.1598
coreB 139 769 152 4.15324
coreB 140 707 152 4.15028
coreB 141 730 151 4.19877
coreB 142 697 150 4.18166
coreB 143 762 150 4.17148
coreB 144 711 149 4.18547
coreB 145 742 148 4.17693
coreB 146 726 148 4.17479
coreB 147 704 147 4.17347
total 354.601
