coreA 1 1998 34989 5.03741
coreA 2 1991 34001 4.87949
coreA 3 1989 33131 4.79583
coreA 4 1958 32390 4.71944
coreA 5 1953 31736 4.6362
coreA 6 1968 31186 4.6404
coreA 7 1961 30641 4.59346
coreA 8 1948 30143 4.56965
coreA 9 1956 29638 4.52391
coreA 10 1916 29156 4.52608
coreA 11 1914 28762 4.52097
coreA 12 1921 28346 4.51066
coreA 13 1896 27982 4.50466
coreA 14 1909 27600 4.47736
coreA 15 1879 27274 4.47009
coreA 16 1887 26962 4.45181
coreA 17 1887 26628 4.4265
coreA 18 1869 26332 4.41817
coreA 19 1855 26021 4.3906
coreA 20 1864 25766 4.37721
coreA 21 1857 25462 4.36885
coreA 22 1847 25167 4.35656
coreA 23 1837 24873 4.34086
coreA 24 1825 24590 4.33148
coreA 25 1834 24318 4.37411
coreA 26 1829 24058 4.36175
coreA 27 1815 23785 4.3598
coreA 28 1796 23532 4.33943
coreA 29 1784 23296 4.34269
coreA 30 1798 23045 4.34782
coreA 31 1795 22811 4.32394
coreA 32 1781 22581 4.3091
coreA 33 1769 22350 4.29031
coreA 34 1764 22115 4.29202
coreA 35 1757 21886 4.28861
coreA 36 1740 21660 4.27259
coreA 37 1734 21454 4.27069
coreA 38 1751 21238 4.26261
coreA 39 1767 21056 4.23877
coreA 40 1749 20862 4.25946
coreA 41 1725 20669 4.24034
coreA 42 1704 20472 4.25211
coreA 43 1718 20254 4.22841
coreA 44 1707 20042 4.22701
coreA 45 1688 19867 4.22544
coreA 46 1703 19671 4.21414
coreA 47 1702 19480 4.20832
coreA 48 1682 19292 4.19713
coreA 49 1682 19111 4.18398
coreA 50 1675 18933 4.18276
coreA 51 1665 18754 4.18215
coreA 52 1674 18575 4.1714
coreA 53 1672 18398 4.16073
coreA 54 1657 18227 4.16103
coreA 55 1647 18066 4.15284
coreA 56 1631 17901 4.14917
coreA 57 1645 17715 4.13172
coreA 58 1612 17547 4.13834
coreA 59 1639 17384 4.12243
coreA 60 1630 17210 4.12688
coreA 61 1618 17049 4.11527
coreA 62 1627 16883 4.22826
coreA 63 1603 16714 4.21275
coreA 64 1602 16558 4.21399
coreA 65 1589 16394 4.2194
coreA 66 1582 16222 4.20578
coreA 67 1580 16078 4.20009
coreA 68 1585 15915 4.19756
coreA 69 1575 15769 4.19252
coreA 70 1556 15617 4.18114
coreA 71 1568 15462 4.16982
coreA 72 1562 15319 4.18112
coreA 73 1561 15155 4.17681
coreA 74 1540 14980 4.17527
coreA 75 1532 14824 4.14726
coreA 76 1545 14663 4.14346
coreA 77 1548 14526 4.13462
coreA 78 1523 14379 4.1566
coreA 79 1522 14246 4.15967
coreA 80 1507 14118 4.14612
coreA 81 1508 13986 4.14798
coreA 82 1516 13841 4.13448
coreA 83 1503 13695 4.12671
coreA 84 1516 13560 4.12797
coreA 85 1486 13432 4.12454
coreA 86 1489 13312 4.11091
coreA 87 1475 13213 4.11471
coreA 88 1481 13085 4.10461
coreA 89 1479 12989 4.08793
coreA 90 1471 12891 4.09581
coreA 91 1466 12770 4.06918
coreA 92 1449 12653 4.08575
coreA 93 1445 12556 4.08974
coreA 94 1447 12454 4.08966
coreA 95 1459 12355 4.05749
coreA 96 1445 12255 4.06471
coreA 97 1428 12140 4.06471
coreA 98 1427 12048 4.06609
coreA 99 1432 11954 4.04367
coreA 100 1413 11862 4.05378
coreA 101 1415 11768 4.04851
coreA 102 1406 11677 4.04385
coreA 103 1412 11573 4.03014
coreA 104 1400 11486 4.02268
coreA 105 1392 11377 4.03255
coreA 106 1393 11291 4.01715
coreA 107 1392 11199 4.05356
coreA 108 1362 11122 4.02904
coreA 109 1374 11016 4.02492
coreA 110 1392 10925 4.03084
coreA 111 1374 10831 4.00905
coreA 112 1356 10734 4.00524
coreA 113 1347 10658 4.00664
coreA 114 1346 10563 3.99331
coreA 115 1342 10480 4.00278
coreA 116 1347 10379 3.99472
coreA 117 1339 10289 3.98369
coreA 118 1302 10216 3.98591
coreA 119 1328 10148 3.97759
coreA 120 1331 10055 3.97719
coreA 121 1311 9979 3.9759
coreA 122 1297 9896 3.97882
coreA 123 1309 9816 3.97362
coreA 124 1306 9727 3.97061
coreA 125 1299 9642 3.96568
coreA 126 1279 9562 3.9675
coreA 127 1275 9492 3.9611
coreA 128 1290 9397 3.98333
coreA 129 1280 9309 3.94175
coreA 130 1274 9235 3.95354
coreA 131 1264 9156 3.96353
coreA 132 1254 9078 3.94852
coreA 133 1268 9004 3.94046
coreA 134 1258 8945 3.94013
coreA 135 1257 8883 3.94981
coreA 136 1244 8800 3.93187
coreA 137 1248 8709 3.92323
coreA 138 1252 8645 3.92749
coreA 139 1252 8571 4.20807
coreA 140 1224 8506 4.21182
coreA 141 1239 8436 4.20593
coreA 142 1224 8359 4.19671
coreA 143 1221 8297 4.18686
coreA 144 1208 8221 4.18393
coreA 145 1188 8150 4.18572
coreA 146 1195 8084 4.1848
coreA 147 1197 8011 4.17961
coreB 1 824 2186 4.31667
coreB 2 1047 928 4.43765
coreB 3 1088 751 4.39967
coreB 4 1137 657 4.57201
coreB 5 1154 603 4.44875
coreB 6 1160 561 4.4599
coreB 7 1157 525 4.44946
coreB 8 1182 501 4.41851
coreB 9 1170 479 4.44145
coreB 10 1195 458 4.30949
coreB 11 1156 444 4.44279
coreB 12 1139 429 4.43854
coreB 13 1160 416 4.43617
coreB 14 1162 403 4.43933
coreB 15 1173 391 4.5675
coreB 16 1151 381 4.44648
coreB 17 1099 374 4.45443
coreB 18 1116 367 4.46402
coreB 19 1148 360 4.34077
coreB 20 1158 353 4.44966
coreB 21 1122 345 4.33124
coreB 22 1116 341 4.45611
coreB 23 1110 335 4.44428
coreB 24 1132 331 4.38452
coreB 25 1115 326 4.44787
coreB 26 1107 321 4.43417
coreB 27 1105 317 4.40491
coreB 28 1133 313 4.31814
coreB 29 1122 309 4.37035
coreB 30 1119 304 4.5628
coreB 31 1105 300 4.41496
coreB 32 1103 296 4.3691
coreB 33 1105 293 4.37914
coreB 34 1105 289 4.43465
coreB 35 1118 285 4.35783
coreB 36 1074 282 4.42087
coreB 37 1073 278 4.43016
coreB 38 1063 275 4.3481
coreB 39 1064 273 4.41572
coreB 40 1062 270 4.41924
coreB 41 1089 267 4.43214
coreB 42 1083 265 4.4215
coreB 43 1043 263 4.40208
coreB 44 1033 260 4.40413
coreB 45 1035 258 4.38439
coreB 46 1019 256 4.3956
coreB 47 1020 253 4.34309
coreB 48 1012 251 4.38966
coreB 49 1037 248 4.32609
coreB 50 1040 246 4.24608
coreB 51 1033 244 4.39176
coreB 52 1010 242 4.33225
coreB 53 1026 240 4.40845
coreB 54 1016 238 4.31675
coreB 55 1011 237 4.37541
coreB 56 1000 235 4.31169
coreB 57 1001 233 4.31157
coreB 58 1010 232 4.34974
coreB 59 977 230 4.34262
coreB 60 1004 228 4.21194
coreB 61 978 226 4.3362
coreB 62 979 225 4.34236
coreB 63 965 223 4.34421
coreB 64 935 222 4.21659
coreB 65 990 220 4.34917
coreB 66 1002 219 4.33523
coreB 67 957 218 4.35262
coreB 68 947 216 4.20575
coreB 69 937 215 4.21215
coreB 70 936 214 4.34556
coreB 71 942 212 4.32573
coreB 72 931 211 4.18687
coreB 73 926 209 4.31385
coreB 74 927 208 4.32129
coreB 75 932 207 4.1881
coreB 76 962 205 4.31333
coreB 77 956 204 4.29368
coreB 78 955 203 4.30575
coreB 79 911 202 4.29557
coreB 80 941 201 4.3015
coreB 81 927 200 4.30436
coreB 82 890 199 4.31853
coreB 83 931 197 4.29013
coreB 84 921 196 4.27479
coreB 85 903 195 4.28289
coreB 86 911 194 4.27244
coreB 87 925 193 4.27362
coreB 88 898 192 4.25782
coreB 89 897 191 4.27563
coreB 90 885 190 4.14439
coreB 91 879 189 4.25508
coreB 92 876 188 4.12632
coreB 93 854 187 4.17401
coreB 94 860 186 4.29031
coreB 95 897 185 4.17076
coreB 96 876 184 4.28696
coreB 97 851 183 4.3092
coreB 98 878 182 4.27071
coreB 99 889 181 4.14769
coreB 100 854 180 4.26287
coreB 101 865 180 4.28662
coreB 102 873 179 4.27477
coreB 103 821 178 4.26297
coreB 104 810 177 4.12724
coreB 105 843 176 4.27058
coreB 106 839 176 4.28023
coreB 107 868 175 4.25905
coreB 108 819 174 4.1332
coreB 109 850 173 4.25474
coreB 110 867 173 4.12724
coreB 111 859 172 4.27161
coreB 112 811 171 4.12905
coreB 113 827 170 4.14163
coreB 114 811 169 4.12886
coreB 115 780 169 4.25969
coreB 116 791 168 4.12382
coreB 117 799 167 4.12093
coreB 118 798 166 4.2726
coreB 119 794 166 4.26451
coreB 120 789 165 4.23944
coreB 121 792 164 4.11013
coreB 122 785 163 4.22152
coreB 123 826 163 4.15738
coreB 124 829 162 4.16915
coreB 125 801 161 4.17375
coreB 126 756 161 4.18712
coreB 127 782 160 4.16808
coreB 128 781 160 4.17834
coreB 129 764 159 4.18111
coreB 130 774 158 4.18456
coreB 131 786 157 4.176
coreB 132 758 157 4.14948
coreB 133 748 156 4.18295
coreB 134 800 156 4.16352
coreB 135 730 155 4.16916
coreB 136 775 154 4.16971
coreB 137 733 154 4.17655
coreB 138 728 153 4.17524
coreB 139 769 152 4.18593
coreB 140 707 152 4.16569
coreB 141 730 151 4.18584
coreB 142 697 150 4.18084
coreB 143 762 150 4.18286
coreB 144 711 149 4.18514
coreB 145 742 148 4.203
coreB 146 726 148 4.13286
coreB 147 704 147 3.91819
total 626.775
