coreA 1 1998 34989 4.16577
coreA 2 1991 34001 4.82384
coreA 3 1989 33131 4.7979
coreA 4 1958 32390 4.68854
coreA 5 1953 31736 4.6207
coreA 6 1968 31186 4.59711
coreA 7 1961 30641 4.57375
coreA 8 1948 30143 4.55285
coreA 9 1956 29638 4.52399
coreA 10 1916 29156 4.50444
coreA 11 1914 28762 4.50877
coreA 12 1921 28346 4.50393
coreA 13 1896 27982 4.47835
coreA 14 1909 27600 4.46661
coreA 15 1879 27274 4.45814
coreA 16 1887 26962 4.4327
coreA 17 1887 26628 4.41596
coreA 18 1869 26332 4.41846
coreA 19 1855 26021 4.38627
coreA 20 1864 25766 4.37186
coreA 21 1857 25462 4.38053
coreA 22 1847 25167 4.35767
coreA 23 1837 24873 4.35792
coreA 24 1825 24590 4.33786
coreA 25 1834 24318 4.38052
coreA 26 1829 24058 4.38223
coreA 27 1815 23785 4.35243
coreA 28 1796 23532 12.7463
coreA 29 1784 23296 24.0235
coreA 30 1798 23045 4.34343
coreA 31 1795 22811 4.33472
coreA 32 1781 22581 4.34224
coreA 33 1769 22350 4.31709
coreA 34 1764 22115 4.29839
coreA 35 1757 21886 4.30324
coreA 36 1740 21660 4.28173
coreA 37 1734 21454 4.2116
coreA 38 1751 21238 3.89632
coreA 39 1767 21056 4.44584
coreA 40 1749 20862 2.81773
coreA 41 1725 20669 4.24017
coreA 42 1704 20472 4.25671
coreA 43 1718 20254 4.22546
coreA 44 1707 20042 4.22419
coreA 45 1688 19867 3.8131
coreA 46 1703 19671 4.20177
coreA 47 1702 19480 4.28546
coreA 48 1682 19292 4.18428
coreA 49 1682 19111 3.81523
coreA 50 1675 18933 4.2001
coreA 51 1665 18754 4.18665
coreA 52 1674 18575 4.17676
coreA 53 1672 18398 4.17463
coreA 54 1657 18227 4.16401
coreA 55 1647 18066 4.15264
coreA 56 1631 17901 4.15177
coreA 57 1645 17715 4.13456
coreA 58 1612 17547 4.14859
coreA 59 1639 17384 4.13408
coreA 60 1630 17210 4.12502
coreA 61 1618 17049 4.12672
coreA 62 1627 16883 4.2356
coreA 63 1603 16714 4.23309
coreA 64 1602 16558 4.2292
coreA 65 1589 16394 15.9311
coreA 66 1582 16222 4.21066
coreA 67 1580 16078 4.20837
coreA 68 1585 15915 4.19604
coreA 69 1575 15769 15.5397
coreA 70 1556 15617 4.18377
coreA 71 1568 15462 4.18542
coreA 72 1562 15319 4.18003
coreA 73 1561 15155 4.17087
coreA 74 1540 14980 4.17454
coreA 75 1532 14824 4.16461
coreA 76 1545 14663 4.0943
coreA 77 1548 14526 4.15292
coreA 78 1523 14379 4.39336
coreA 79 1522 14246 4.13958
coreA 80 1507 14118 4.15065
coreA 81 1508 13986 12.0433
coreA 82 1516 13841 4.13623
coreA 83 1503 13695 4.30593
coreA 84 1516 13560 3.02376
coreA 85 1486 13432 4.11544
coreA 86 1489 13312 4.11646
coreA 87 1475 13213 4.10779
coreA 88 1481 13085 4.09994
coreA 89 1479 12989 4.1
coreA 90 1471 12891 4.06768
coreA 91 1466 12770 4.08126
coreA 92 1449 12653 4.08007
coreA 93 1445 12556 4.0993
coreA 94 1447 12454 4.0892
coreA 95 1459 12355 4.0735
coreA 96 1445 12255 4.05192
coreA 97 1428 12140 4.03527
coreA 98 1427 12048 4.04572
coreA 99 1432 11954 4.04768
coreA 100 1413 11862 4.04256
coreA 101 1415 11768 4.06493
coreA 102 1406 11677 4.06549
coreA 103 1412 11573 4.05314
coreA 104 1400 11486 4.05106
coreA 105 1392 11377 4.05626
coreA 106 1393 11291 4.03781
coreA 107 1392 11199 4.02637
coreA 108 1362 11122 4.02881
coreA 109 1374 11016 4.02474
coreA 110 1392 10925 4.01372
coreA 111 1374 10831 4.02052
coreA 112 1356 10734 4.01716
coreA 113 1347 10658 4.01212
coreA 114 1346 10563 4.01432
coreA 115 1342 10480 4.00802
coreA 116 1347 10379 4.00128
coreA 117 1339 10289 3.99152
coreA 118 1302 10216 4.01096
coreA 119 1328 10148 3.99902
coreA 120 1331 10055 3.98887
coreA 121 1311 9979 3.97495
coreA 122 1297 9896 3.985
coreA 123 1309 9816 3.96533
coreA 124 1306 9727 3.95988
coreA 125 1299 9642 3.96869
coreA 126 1279 9562 3.95506
coreA 127 1275 9492 3.96043
coreA 128 1290 9397 3.95807
coreA 129 1280 9309 3.9532
coreA 130 1274 9235 3.95989
coreA 131 1264 9156 3.94578
coreA 132 1254 9078 23.8824
coreA 133 1268 9004 3.82561
coreA 134 1258 8945 3.96333
coreA 135 1257 8883 3.95555
coreA 136 1244 8800 3.92636
coreA 137 1248 8709 3.93052
coreA 138 1252 8645 3.92117
coreA 139 1252 8571 4.20264
coreA 140 1224 8506 4.20975
coreA 141 1239 8436 4.2096
coreA 142 1224 8359 4.2082
coreA 143 1221 8297 4.21543
coreA 144 1208 8221 4.20921
coreA 145 1188 8150 4.20364
coreA 146 1195 8084 4.1987
coreA 147 1197 8011 4.19276
coreB 1 824 2186 1.95589
coreB 2 1047 928 4.44728
coreB 3 1088 751 4.37917
coreB 4 1137 657 4.53646
coreB 5 1154 603 4.42017
coreB 6 1160 561 4.42113
coreB 7 1157 525 4.43314
coreB 8 1182 501 4.42351
coreB 9 1170 479 4.42791
coreB 10 1195 458 4.28355
coreB 11 1156 444 4.42493
coreB 12 1139 429 4.42218
coreB 13 1160 416 4.42491
coreB 14 1162 403 4.41959
coreB 15 1173 391 4.55563
coreB 16 1151 381 4.42667
coreB 17 1099 374 4.43097
coreB 18 1116 367 4.44672
coreB 19 1148 360 4.30315
coreB 20 1158 353 4.42451
coreB 21 1122 345 4.30518
coreB 22 1116 341 69.6026
coreB 23 1110 335 4.4385
coreB 24 1132 331 4.37502
coreB 25 1115 326 4.44482
coreB 26 1107 321 4.443
coreB 27 1105 317 70.9431
coreB 28 1133 313 4.31211
coreB 29 1122 309 4.3676
coreB 30 1119 304 4.53774
coreB 31 1105 300 4.41857
coreB 32 1103 296 4.37643
coreB 33 1105 293 4.37251
coreB 34 1105 289 4.43711
coreB 35 1118 285 4.36357
coreB 36 1074 282 4.43017
coreB 37 1073 278 4.42827
coreB 38 1063 275 4.3792
coreB 39 1064 273 4.38114
coreB 40 1062 270 4.38014
coreB 41 1089 267 4.37499
coreB 42 1083 265 4.38025
coreB 43 1043 263 4.37788
coreB 44 1033 260 4.40003
coreB 45 1035 258 4.37818
coreB 46 1019 256 4.38011
coreB 47 1020 253 4.34216
coreB 48 1012 251 4.37501
coreB 49 1037 248 4.29326
coreB 50 1040 246 4.20269
coreB 51 1033 244 4.34477
coreB 52 1010 242 4.31914
coreB 53 1026 240 4.38716
coreB 54 1016 238 4.33178
coreB 55 1011 237 4.38437
coreB 56 1000 235 4.32559
coreB 57 1001 233 4.32733
coreB 58 1010 232 4.36212
coreB 59 977 230 4.32229
coreB 60 1004 228 4.16255
coreB 61 978 226 4.30277
coreB 62 979 225 4.30933
coreB 63 965 223 4.30416
coreB 64 935 222 4.17932
coreB 65 990 220 4.30535
coreB 66 1002 219 4.30668
coreB 67 957 218 54.5144
coreB 68 947 216 4.13694
coreB 69 937 215 4.16586
coreB 70 936 214 4.32537
coreB 71 942 212 4.31118
coreB 72 931 211 4.17621
coreB 73 926 209 4.30859
coreB 74 927 208 4.29919
coreB 75 932 207 4.16452
coreB 76 962 205 4.30797
coreB 77 956 204 4.27256
coreB 78 955 203 4.24905
coreB 79 911 202 4.25524
coreB 80 941 201 4.23793
coreB 81 927 200 4.27155
coreB 82 890 199 4.27079
coreB 83 931 197 4.26869
coreB 84 921 196 4.2504
coreB 85 903 195 4.25483
coreB 86 911 194 4.25311
coreB 87 925 193 4.22965
coreB 88 898 192 4.26069
coreB 89 897 191 4.27053
coreB 90 885 190 4.14125
coreB 91 879 189 4.29766
coreB 92 876 188 4.16866
coreB 93 854 187 4.1632
coreB 94 860 186 4.30051
coreB 95 897 185 4.15852
coreB 96 876 184 4.29363
coreB 97 851 183 4.28725
coreB 98 878 182 4.2601
coreB 99 889 181 4.16082
coreB 100 854 180 4.29567
coreB 101 865 180 4.30068
coreB 102 873 179 4.29108
coreB 103 821 178 4.29967
coreB 104 810 177 4.11272
coreB 105 843 176 4.25337
coreB 106 839 176 4.25004
coreB 107 868 175 4.25194
coreB 108 819 174 4.12711
coreB 109 850 173 4.27492
coreB 110 867 173 4.12635
coreB 111 859 172 4.25714
coreB 112 811 171 4.12289
coreB 113 827 170 4.1809
coreB 114 811 169 4.17215
coreB 115 780 169 4.2973
coreB 116 791 168 4.16642
coreB 117 799 167 4.15838
coreB 118 798 166 4.30028
coreB 119 794 166 4.30016
coreB 120 789 165 4.26326
coreB 121 792 164 4.11497
coreB 122 785 163 4.24596
coreB 123 826 163 4.19417
coreB 124 829 162 4.19887
coreB 125 801 161 4.18618
coreB 126 756 161 4.16
coreB 127 782 160 4.19327
coreB 128 781 160 4.19652
coreB 129 764 159 4.1528
coreB 130 774 158 4.19194
coreB 131 786 157 4.19236
coreB 132 758 157 4.18326
coreB 133 748 156 4.20544
coreB 134 800 156 4.21512
coreB 135 730 155 24.3923
coreB 136 775 154 4.20391
coreB 137 733 154 4.20109
coreB 138 728 153 4.20249
coreB 139 769 152 4.18837
coreB 140 707 152 4.19694
coreB 141 730 151 4.20005
coreB 142 697 150 4.21054
coreB 143 762 150 4.16738
coreB 144 711 149 4.15538
coreB 145 742 148 4.14161
coreB 146 726 148 4.19504
coreB 147 704 147 4.20354
total 160.887
