coreA 1 1998 34989 5.35464
coreA 2 1991 34001 5.14279
coreA 3 1989 33131 5.07149
coreA 4 1958 32390 4.95872
coreA 5 1953 31736 4.92273
coreA 6 1968 31186 4.84331
coreA 7 1961 30641 4.82454
coreA 8 1948 30143 4.83093
coreA 9 1956 29638 4.83002
coreA 10 1916 29156 4.81259
coreA 11 1914 28762 4.74569
coreA 12 1921 28346 4.72551
coreA 13 1896 27982 4.7037
coreA 14 1909 27600 4.69607
coreA 15 1879 27274 4.67834
coreA 16 1887 26962 4.65098
coreA 17 1887 26628 4.68078
coreA 18 1869 26332 4.67378
coreA 19 1855 26021 4.6649
coreA 20 1864 25766 4.6474
coreA 21 1857 25462 4.66523
coreA 22 1847 25167 4.62395
coreA 23 1837 24873 4.59898
coreA 24 1825 24590 4.58243
coreA 25 1834 24318 4.58769
coreA 26 1829 24058 4.5671
coreA 27 1815 23785 4.5504
coreA 28 1796 23532 4.55548
coreA 29 1784 23296 4.55926
coreA 30 1798 23045 4.52514
coreA 31 1795 22811 4.50936
coreA 32 1781 22581 4.49707
coreA 33 1769 22350 4.48304
coreA 34 1764 22115 4.47854
coreA 35 1757 21886 4.50793
coreA 36 1740 21660 4.47251
coreA 37 1734 21454 4.45099
coreA 38 1751 21238 4.42799
coreA 39 1767 21056 4.42858
coreA 40 1749 20862 4.41931
coreA 41 1725 20669 4.51703
coreA 42 1704 20472 4.51198
coreA 43 1718 20254 4.49305
coreA 44 1707 20042 4.4974
coreA 45 1688 19867 4.47526
coreA 46 1703 19671 4.46028
coreA 47 1702 19480 4.45638
coreA 48 1682 19292 4.45094
coreA 49 1682 19111 4.42755
coreA 50 1675 18933 4.42767
coreA 51 1665 18754 4.41532
coreA 52 1674 18575 4.40442
coreA 53 1672 18398 4.39501
coreA 54 1657 18227 4.37947
coreA 55 1647 18066 4.38744
coreA 56 1631 17901 4.38161
coreA 57 1645 17715 4.37353
coreA 58 1612 17547 4.36195
coreA 59 1639 17384 4.24802
coreA 60 1630 17210 4.33642
coreA 61 1618 17049 4.32721
coreA 62 1627 16883 4.32383
coreA 63 1603 16714 4.31268
coreA 64 1602 16558 4.29634
coreA 65 1589 16394 4.28064
coreA 66 1582 16222 4.28724
coreA 67 1580 16078 4.26318
coreA 68 1585 15915 4.26968
coreA 69 1575 15769 4.26636
coreA 70 1556 15617 4.26067
coreA 71 1568 15462 4.25624
coreA 72 1562 15319 4.2761
coreA 73 1561 15155 4.25226
coreA 74 1540 14980 4.24066
coreA 75 1532 14824 4.20921
coreA 76 1545 14663 4.20563
coreA 77 1548 14526 4.20765
coreA 78 1523 14379 4.19553
coreA 79 1522 14246 4.1808
coreA 80 1507 14118 4.20395
coreA 81 1508 13986 4.18625
coreA 82 1516 13841 4.16416
coreA 83 1503 13695 4.16789
coreA 84 1516 13560 4.14721
coreA 85 1486 13432 4.1426
coreA 86 1489 13312 4.12691
coreA 87 1475 13213 4.12446
coreA 88 1481 13085 4.13618
coreA 89 1479 12989 4.11991
coreA 90 1471 12891 4.12091
coreA 91 1466 12770 4.09665
coreA 92 1449 12653 4.09809
coreA 93 1445 12556 4.09318
coreA 94 1447 12454 4.0956
coreA 95 1459 12355 4.08076
coreA 96 1445 12255 4.07347
coreA 97 1428 12140 4.07327
coreA 98 1427 12048 4.08065
coreA 99 1432 11954 4.05204
coreA 100 1413 11862 4.06164
coreA 101 1415 11768 4.03541
coreA 102 1406 11677 4.04782
coreA 103 1412 11573 4.0294
coreA 104 1400 11486 4.04739
coreA 105 1392 11377 4.02366
coreA 106 1393 11291 4.21681
coreA 107 1392 11199 4.21345
coreA 108 1362 11122 4.24587
coreA 109 1374 11016 4.21326
coreA 110 1392 10925 4.19946
coreA 111 1374 10831 4.2061
coreA 112 1356 10734 4.20373
coreA 113 1347 10658 4.19435
coreA 114 1346 10563 4.19062
coreA 115 1342 10480 4.17409
coreA 116 1347 10379 4.17757
coreA 117 1339 10289 4.17074
coreA 118 1302 10216 4.15129
coreA 119 1328 10148 4.15705
coreA 120 1331 10055 4.14423
coreA 121 1311 9979 4.14499
coreA 122 1297 9896 4.15249
coreA 123 1309 9816 4.13717
coreA 124 1306 9727 4.12641
coreA 125 1299 9642 4.11523
coreA 126 1279 9562 4.10585
coreA 127 1275 9492 4.11014
coreA 128 1290 9397 4.11137
coreA 129 1280 9309 4.1304
coreA 130 1274 9235 4.11079
coreA 131 1264 9156 4.09242
coreA 132 1254 9078 4.08755
coreA 133 1268 9004 4.09464
coreA 134 1258 8945 4.07277
coreA 135 1257 8883 4.07138
coreA 136 1244 8800 4.06481
coreA 137 1248 8709 4.062
coreA 138 1252 8645 4.05173
coreA 139 1252 8571 4.05024
coreA 140 1224 8506 4.04478
coreA 141 1239 8436 4.05153
coreA 142 1224 8359 4.0419
coreA 143 1221 8297 4.02338
coreA 144 1208 8221 4.03385
coreA 145 1188 8150 4.02484
coreA 146 1195 8084 4.04108
coreA 147 1197 8011 4.02595
coreB 1 824 2186 4.3541
coreB 2 1047 928 4.3928
coreB 3 1088 751 4.35895
coreB 4 1137 657 4.47494
coreB 5 1154 603 4.47005
coreB 6 1160 561 4.40902
coreB 7 1157 525 4.47224
coreB 8 1182 501 4.37871
coreB 9 1170 479 4.38758
coreB 10 1195 458 4.36737
coreB 11 1156 444 4.38286
coreB 12 1139 429 4.36985
coreB 13 1160 416 4.3821
coreB 14 1162 403 4.39865
coreB 15 1173 391 4.46945
coreB 16 1151 381 4.37475
coreB 17 1099 374 4.35607
coreB 18 1116 367 4.36862
coreB 19 1148 360 4.35739
coreB 20 1158 353 4.36199
coreB 21 1122 345 4.36893
coreB 22 1116 341 4.35077
coreB 23 1110 335 4.35005
coreB 24 1132 331 4.31754
coreB 25 1115 326 4.34802
coreB 26 1107 321 4.34763
coreB 27 1105 317 4.32146
coreB 28 1133 313 4.34736
coreB 29 1122 309 4.345
coreB 30 1119 304 4.44382
coreB 31 1105 300 4.34727
coreB 32 1103 296 4.31621
coreB 33 1105 293 4.31146
coreB 34 1105 289 4.36294
coreB 35 1118 285 4.30325
coreB 36 1074 282 4.3317
coreB 37 1073 278 4.35812
coreB 38 1063 275 4.32568
coreB 39 1064 273 4.31898
coreB 40 1062 270 4.35511
coreB 41 1089 267 4.32973
coreB 42 1083 265 4.30929
coreB 43 1043 263 4.29975
coreB 44 1033 260 4.29465
coreB 45 1035 258 4.31221
coreB 46 1019 256 4.2958
coreB 47 1020 253 4.30493
coreB 48 1012 251 4.30089
coreB 49 1037 248 4.29495
coreB 50 1040 246 4.19756
coreB 51 1033 244 4.28449
coreB 52 1010 242 4.31789
coreB 53 1026 240 4.27811
coreB 54 1016 238 4.27711
coreB 55 1011 237 4.28343
coreB 56 1000 235 4.25932
coreB 57 1001 233 4.24976
coreB 58 1010 232 4.27405
coreB 59 977 230 4.26428
coreB 60 1004 228 4.19066
coreB 61 978 226 4.27835
coreB 62 979 225 4.27223
coreB 63 965 223 4.26025
coreB 64 935 222 4.16228
coreB 65 990 220 4.26623
coreB 66 1002 219 4.26217
coreB 67 957 218 4.26572
coreB 68 947 216 4.17323
coreB 69 937 215 4.15741
coreB 70 936 214 4.25059
coreB 71 942 212 4.25795
coreB 72 931 211 4.14924
coreB 73 926 209 4.2573
coreB 74 927 208 4.25281
coreB 75 932 207 4.16735
coreB 76 962 205 4.23997
coreB 77 956 204 4.24385
coreB 78 955 203 4.24572
coreB 79 911 202 4.23724
coreB 80 941 201 4.21862
coreB 81 927 200 4.207
coreB 82 890 199 4.2432
coreB 83 931 197 4.22546
coreB 84 921 196 4.18957
coreB 85 903 195 4.19858
coreB 86 911 194 4.19704
coreB 87 925 193 4.18631
coreB 88 898 192 4.18337
coreB 89 897 191 4.19917
coreB 90 885 190 4.164
coreB 91 879 189 4.2065
coreB 92 876 188 4.1846
coreB 93 854 187 4.18174
coreB 94 860 186 4.18076
coreB 95 897 185 4.16975
coreB 96 876 184 4.18602
coreB 97 851 183 4.18349
coreB 98 878 182 4.18642
coreB 99 889 181 4.20455
coreB 100 854 180 4.18159
coreB 101 865 180 4.17199
coreB 102 873 179 4.17941
coreB 103 821 178 4.16111
coreB 104 810 177 4.19113
coreB 105 843 176 4.19891
coreB 106 839 176 4.17471
coreB 107 868 175 4.16908
coreB 108 819 174 4.18756
coreB 109 850 173 4.17177
coreB 110 867 173 4.1648
coreB 111 859 172 4.16316
coreB 112 811 171 4.14889
coreB 113 827 170 4.153
coreB 114 811 169 4.1765
coreB 115 780 169 4.15756
coreB 116 791 168 4.14909
coreB 117 799 167 4.13928
coreB 118 798 166 4.14749
coreB 119 794 166 4.15385
coreB 120 789 165 4.12937
coreB 121 792 164 4.15544
coreB 122 785 163 4.15018
coreB 123 826 163 4.1525
coreB 124 829 162 4.13954
coreB 125 801 161 4.16763
coreB 126 756 161 4.13312
coreB 127 782 160 4.12503
coreB 128 781 160 4.13601
coreB 129 764 159 4.113
coreB 130 774 158 4.12774
coreB 131 786 157 4.13183
coreB 132 758 157 4.1188
coreB 133 748 156 4.12394
coreB 134 800 156 4.12475
coreB 135 730 155 4.12249
coreB 136 775 154 4.12326
coreB 137 733 154 4.10445
coreB 138 728 153 4.12657
coreB 139 769 152 4.11464
coreB 140 707 152 4.10415
coreB 141 730 151 4.11345
coreB 142 697 150 4.09702
coreB 143 762 150 4.10672
coreB 144 711 149 4.103
coreB 145 742 148 4.09649
coreB 146 726 148 4.1
coreB 147 704 147 4.10835
total 1264.12
