coreA 1 1998 34989 4.86174
coreA 2 1991 34001 7.19669
coreA 3 1989 33131 7.11034
coreA 4 1958 32390 20.2191
coreA 5 1953 31736 16.3725
coreA 6 1968 31186 9.58179
coreA 7 1961 30641 18.9792
coreA 8 1948 30143 9.70907
coreA 9 1956 29638 9.43707
coreA 10 1916 29156 8.3525
coreA 11 1914 28762 6.89225
coreA 12 1921 28346 9.4065
coreA 13 1896 27982 8.70047
coreA 14 1909 27600 13.0811
coreA 15 1879 27274 8.85365
coreA 16 1887 26962 12.2986
coreA 17 1887 26628 6.55624
coreA 18 1869 26332 16.253
coreA 19 1855 26021 18.9424
coreA 20 1864 25766 22.1562
coreA 21 1857 25462 9.20582
coreA 22 1847 25167 6.67116
coreA 23 1837 24873 6.64713
coreA 24 1825 24590 14.7911
coreA 25 1834 24318 6.89324
coreA 26 1829 24058 6.70443
coreA 27 1815 23785 6.9279
coreA 28 1796 23532 6.82096
coreA 29 1784 23296 6.63956
coreA 30 1798 23045 9.38393
coreA 31 1795 22811 8.66298
coreA 32 1781 22581 9.20469
coreA 33 1769 22350 12.8816
coreA 34 1764 22115 6.37267
coreA 35 1757 21886 9.85646
coreA 36 1740 21660 14.2085
coreA 37 1734 21454 14.7598
coreA 38 1751 21238 18.6773
coreA 39 1767 21056 6.57365
coreA 40 1749 20862 6.31533
coreA 41 1725 20669 6.34281
coreA 42 1704 20472 6.57577
coreA 43 1718 20254 17.1737
coreA 44 1707 20042 6.25555
coreA 45 1688 19867 13.4579
coreA 46 1703 19671 6.4743
coreA 47 1702 19480 13.1741
coreA 48 1682 19292 6.2575
coreA 49 1682 19111 6.24015
coreA 50 1675 18933 6.29556
coreA 51 1665 18754 6.41786
coreA 52 1674 18575 15.6742
coreA 53 1672 18398 15.6987
coreA 54 1657 18227 6.43159
coreA 55 1647 18066 18.13
coreA 56 1631 17901 13.9706
coreA 57 1645 17715 6.32291
coreA 58 1612 17547 14.5994
coreA 59 1639 17384 6.13758
coreA 60 1630 17210 6.09014
coreA 61 1618 17049 5.99263
coreA 62 1627 16883 6.65796
coreA 63 1603 16714 6.48343
coreA 64 1602 16558 6.48206
coreA 65 1589 16394 6.27537
coreA 66 1582 16222 25.6498
coreA 67 1580 16078 6.24561
coreA 68 1585 15915 6.42913
coreA 69 1575 15769 6.38522
coreA 70 1556 15617 8.52661
coreA 71 1568 15462 6.40552
coreA 72 1562 15319 13.5734
coreA 73 1561 15155 6.29387
coreA 74 1540 14980 6.43553
coreA 75 1532 14824 6.51554
coreA 76 1545 14663 6.04831
coreA 77 1548 14526 6.39364
coreA 78 1523 14379 26.053
coreA 79 1522 14246 6.11157
coreA 80 1507 14118 6.36221
coreA 81 1508 13986 6.16865
coreA 82 1516 13841 16.5175
coreA 83 1503 13695 26.1418
coreA 84 1516 13560 6.19575
coreA 85 1486 13432 6.11512
coreA 86 1489 13312 22.4988
coreA 87 1475 13213 6.29779
coreA 88 1481 13085 12.6165
coreA 89 1479 12989 15.5173
coreA 90 1471 12891 6.27301
coreA 91 1466 12770 15.3459
coreA 92 1449 12653 7.64267
coreA 93 1445 12556 11.7808
coreA 94 1447 12454 11.6639
coreA 95 1459 12355 6.21099
coreA 96 1445 12255 8.46027
coreA 97 1428 12140 11.5761
coreA 98 1427 12048 12.6143
coreA 99 1432 11954 7.6041
coreA 100 1413 11862 6.34629
coreA 101 1415 11768 15.6761
coreA 102 1406 11677 7.7642
coreA 103 1412 11573 12.3887
coreA 104 1400 11486 6.08066
coreA 105 1392 11377 6.05427
coreA 106 1393 11291 12.1825
coreA 107 1392 11199 6.83339
coreA 108 1362 11122 12.5805
coreA 109 1374 11016 5.99973
coreA 110 1392 10925 17.0706
coreA 111 1374 10831 7.51566
coreA 112 1356 10734 7.41473
coreA 113 1347 10658 6.16225
coreA 114 1346 10563 12.58
coreA 115 1342 10480 7.9967
coreA 116 1347 10379 7.76946
coreA 117 1339 10289 6.10382
coreA 118 1302 10216 8.34105
coreA 119 1328 10148 17.1128
coreA 120 1331 10055 6.13309
coreA 121 1311 9979 6.11841
coreA 122 1297 9896 8.13054
coreA 123 1309 9816 6.78231
coreA 124 1306 9727 6.10749
coreA 125 1299 9642 6.25773
coreA 126 1279 9562 6.52131
coreA 127 1275 9492 7.29088
coreA 128 1290 9397 7.01212
coreA 129 1280 9309 7.35739
coreA 130 1274 9235 6.58613
coreA 131 1264 9156 6.87648
coreA 132 1254 9078 6.43193
coreA 133 1268 9004 6.45282
coreA 134 1258 8945 6.17101
coreA 135 1257 8883 11.056
coreA 136 1244 8800 12.391
coreA 137 1248 8709 11.3489
coreA 138 1252 8645 11.5036
coreA 139 1252 8571 11.0375
coreA 140 1224 8506 11.1975
coreA 141 1239 8436 6.77464
coreA 142 1224 8359 14.3024
coreA 143 1221 8297 7.49788
coreA 144 1208 8221 10.9334
coreA 145 1188 8150 6.97723
coreA 146 1195 8084 11.2023
coreA 147 1197 8011 6.11808
coreB 1 824 2186 1.71029
coreB 2 1047 928 6.81889
coreB 3 1088 751 6.54499
coreB 4 1137 657 6.99376
coreB 5 1154 603 6.61866
coreB 6 1160 561 6.5809
coreB 7 1157 525 6.89985
coreB 8 1182 501 30.1949
coreB 9 1170 479 6.56972
coreB 10 1195 458 25.6154
coreB 11 1156 444 6.54895
coreB 12 1139 429 6.55506
coreB 13 1160 416 6.79681
coreB 14 1162 403 6.54194
coreB 15 1173 391 6.75681
coreB 16 1151 381 13.6811
coreB 17 1099 374 6.61278
coreB 18 1116 367 6.78129
coreB 19 1148 360 6.57012
coreB 20 1158 353 6.74838
coreB 21 1122 345 35.5744
coreB 22 1116 341 6.63934
coreB 23 1110 335 6.73199
coreB 24 1132 331 6.65456
coreB 25 1115 326 6.80439
coreB 26 1107 321 6.575
coreB 27 1105 317 33.4085
coreB 28 1133 313 6.39324
coreB 29 1122 309 12.8198
coreB 30 1119 304 6.91484
coreB 31 1105 300 6.77786
coreB 32 1103 296 20.4988
coreB 33 1105 293 6.67886
coreB 34 1105 289 6.60091
coreB 35 1118 285 28.0473
coreB 36 1074 282 6.79703
coreB 37 1073 278 6.74721
coreB 38 1063 275 6.84117
coreB 39 1064 273 6.56866
coreB 40 1062 270 6.53655
coreB 41 1089 267 6.7313
coreB 42 1083 265 6.72752
coreB 43 1043 263 6.72841
coreB 44 1033 260 6.51942
coreB 45 1035 258 6.53295
coreB 46 1019 256 22.3668
coreB 47 1020 253 24.3234
coreB 48 1012 251 39.322
coreB 49 1037 248 6.52046
coreB 50 1040 246 6.30387
coreB 51 1033 244 6.80452
coreB 52 1010 242 27.9038
coreB 53 1026 240 6.4689
coreB 54 1016 238 39.4926
coreB 55 1011 237 6.66444
coreB 56 1000 235 6.82542
coreB 57 1001 233 6.57383
coreB 58 1010 232 6.66219
coreB 59 977 230 6.45642
coreB 60 1004 228 6.38278
coreB 61 978 226 37.0437
coreB 62 979 225 6.60787
coreB 63 965 223 6.66442
coreB 64 935 222 6.3837
coreB 65 990 220 6.68893
coreB 66 1002 219 6.7499
coreB 67 957 218 34.4277
coreB 68 947 216 6.32552
coreB 69 937 215 6.34592
coreB 70 936 214 6.61222
coreB 71 942 212 6.37557
coreB 72 931 211 34.9232
coreB 73 926 209 6.60826
coreB 74 927 208 6.65446
coreB 75 932 207 6.49996
coreB 76 962 205 24.5936
coreB 77 956 204 6.5753
coreB 78 955 203 6.6485
coreB 79 911 202 6.36446
coreB 80 941 201 6.39556
coreB 81 927 200 6.54336
coreB 82 890 199 33.6493
coreB 83 931 197 6.44329
coreB 84 921 196 6.36183
coreB 85 903 195 6.38042
coreB 86 911 194 6.57193
coreB 87 925 193 6.51036
coreB 88 898 192 6.32594
coreB 89 897 191 6.31915
coreB 90 885 190 6.1297
coreB 91 879 189 6.44753
coreB 92 876 188 6.3927
coreB 93 854 187 6.44557
coreB 94 860 186 6.69184
coreB 95 897 185 6.41993
coreB 96 876 184 6.64502
coreB 97 851 183 6.45503
coreB 98 878 182 6.44949
coreB 99 889 181 29.5413
coreB 100 854 180 6.4228
coreB 101 865 180 6.45201
coreB 102 873 179 6.39559
coreB 103 821 178 6.49335
coreB 104 810 177 6.15579
coreB 105 843 176 6.41333
coreB 106 839 176 6.73041
coreB 107 868 175 6.46564
coreB 108 819 174 6.66396
coreB 109 850 173 6.56188
coreB 110 867 173 25.3836
coreB 111 859 172 26.6734
coreB 112 811 171 6.19118
coreB 113 827 170 6.23318
coreB 114 811 169 31.9685
coreB 115 780 169 6.64771
coreB 116 791 168 6.21026
coreB 117 799 167 6.34374
coreB 118 798 166 32.0682
coreB 119 794 166 32.7093
coreB 120 789 165 6.51906
coreB 121 792 164 6.38303
coreB 122 785 163 6.6011
coreB 123 826 163 14.8114
coreB 124 829 162 15.0013
coreB 125 801 161 6.51721
coreB 126 756 161 7.09314
coreB 127 782 160 6.57183
coreB 128 781 160 11.9251
coreB 129 764 159 6.33572
coreB 130 774 158 7.32898
coreB 131 786 157 6.53372
coreB 132 758 157 6.12378
coreB 133 748 156 6.5024
coreB 134 800 156 6.81797
coreB 135 730 155 6.71183
coreB 136 775 154 6.30316
coreB 137 733 154 6.31635
coreB 138 728 153 6.51777
coreB 139 769 152 17.5746
coreB 140 707 152 6.31262
coreB 141 730 151 15.2022
coreB 142 697 150 6.46349
coreB 143 762 150 6.27812
coreB 144 711 149 28.1856
coreB 145 742 148 33.205
coreB 146 726 148 6.47026
coreB 147 704 147 6.50727
total 44.4729
