coreA 1 340 3675 0.193688
coreA 2 337 3477 0.563217
coreA 3 335 3286 0.629269
coreA 4 331 3110 0.533885
coreA 5 322 2949 0.585504
coreA 6 334 2825 0.500687
coreA 7 318 2688 0.473279
coreA 8 313 2577 0.483693
coreA 9 310 2455 0.454933
coreA 10 312 2343 0.463999
coreA 11 315 2258 0.456904
coreA 12 310 2168 0.445106
coreA 13 305 2096 0.438017
coreA 14 298 2009 0.428882
coreA 15 302 1936 0.418028
coreA 16 293 1865 0.430906
coreA 17 301 1805 0.414333
coreA 18 286 1740 0.409771
coreA 19 294 1680 0.401821
coreA 20 290 1627 0.411131
coreA 21 272 1574 0.384698
coreA 22 277 1528 0.398112
coreA 23 276 1480 0.397523
coreA 24 270 1438 0.392996
coreA 25 269 1397 0.392971
coreA 26 271 1355 0.392921
coreA 27 268 1303 0.38782
coreA 28 265 1270 0.389158
coreA 29 263 1237 0.380495
coreA 30 261 1203 0.391422
coreA 31 258 1177 0.384698
coreA 32 252 1146 0.373864
coreA 33 248 1117 0.379978
coreA 34 260 1086 0.3726
coreA 35 253 1054 0.383102
coreA 36 249 1033 0.379432
coreA 37 244 1000 0.377226
coreA 38 239 966 0.380971
coreA 39 239 938 0.378945
coreB 1 288 884 0.592547
coreB 2 378 373 0.497374
coreB 3 373 264 0.476008
coreB 4 358 207 0.474157
coreB 5 354 182 0.453139
coreB 6 335 158 0.452951
coreB 7 323 142 0.453282
coreB 8 308 132 0.444432
coreB 9 303 121 0.424285
coreB 10 289 114 0.444197
coreB 11 276 107 0.439584
coreB 12 291 98 0.417271
coreB 13 261 92 0.440612
coreB 14 275 87 0.425161
coreB 15 266 85 0.424125
coreB 16 249 81 0.402419
coreB 17 258 78 0.409697
coreB 18 259 74 0.382561
coreB 19 220 70 0.434296
coreB 20 227 67 0.415412
coreB 21 223 65 0.437581
coreB 22 227 62 0.423442
coreB 23 219 60 0.415724
coreB 24 228 59 0.421103
coreB 25 208 57 0.416354
coreB 26 200 55 0.408951
coreB 27 185 53 0.411346
coreB 28 175 52 0.389585
coreB 29 173 51 0.426966
coreB 30 180 49 0.400806
coreB 31 178 48 0.37797
coreB 32 175 47 0.376755
coreB 33 173 46 0.386759
coreB 34 170 45 0.417109
coreB 35 163 44 0.43415
coreB 36 157 43 0.404736
coreB 37 147 42 0.404745
coreB 38 152 41 0.38336
coreB 39 156 40 0.376604
total 1.21363
coreA 1 340 3675 0.254119
coreA 2 337 3477 1.08441
coreA 3 335 3286 1.24808
coreA 4 331 3110 1.11801
coreA 5 322 2949 0.864082
coreA 6 334 2825 1.11405
coreA 7 318 2688 1.58292
coreA 8 313 2577 0.887499
coreA 9 310 2455 0.943743
coreA 10 312 2343 0.854004
coreA 11 315 2258 0.860341
coreA 12 310 2168 0.875109
coreA 13 305 2096 0.883763
coreA 14 298 2009 0.870017
coreA 15 302 1936 0.847457
coreA 16 293 1865 0.867824
coreA 17 301 1805 0.863402
coreA 18 286 1740 0.860271
coreA 19 294 1680 0.864201
coreA 20 290 1627 0.870491
coreA 21 272 1574 0.857732
coreA 22 277 1528 0.845653
coreA 23 276 1480 0.844288
coreA 24 270 1438 0.82628
coreA 25 269 1397 0.806016
coreA 26 271 1355 0.84746
coreA 27 268 1303 0.814042
coreA 28 265 1270 0.83877
coreA 29 263 1237 0.829571
coreA 30 261 1203 0.828932
coreA 31 258 1177 0.838765
coreA 32 252 1146 0.839271
coreA 33 248 1117 0.823975
coreA 34 260 1086 0.82167
coreA 35 253 1054 0.789472
coreA 36 249 1033 0.834224
coreA 37 244 1000 0.818925
coreA 38 239 966 0.834115
coreA 39 239 938 0.775858
coreB 1 288 884 1.1281
coreB 2 378 373 0.803719
coreB 3 373 264 0.785521
coreB 4 358 207 0.771642
coreB 5 354 182 0.779702
coreB 6 335 158 0.745427
coreB 7 323 142 0.73039
coreB 8 308 132 0.761
coreB 9 303 121 0.741687
coreB 10 289 114 0.763929
coreB 11 276 107 0.736111
coreB 12 291 98 0.73241
coreB 13 261 92 0.747206
coreB 14 275 87 0.757414
coreB 15 266 85 0.718551
coreB 16 249 81 0.739961
coreB 17 258 78 0.732435
coreB 18 259 74 0.71917
coreB 19 220 70 0.664848
coreB 20 227 67 0.70827
coreB 21 223 65 0.708814
coreB 22 227 62 0.719794
coreB 23 219 60 0.710356
coreB 24 228 59 0.740634
coreB 25 208 57 0.701111
coreB 26 200 55 0.732752
coreB 27 185 53 0.721509
coreB 28 175 52 0.700972
coreB 29 173 51 0.72337
coreB 30 180 49 0.702809
coreB 31 178 48 0.671737
coreB 32 175 47 0.691812
coreB 33 173 46 0.722104
coreB 34 170 45 0.702615
coreB 35 163 44 0.696914
coreB 36 157 43 0.701528
coreB 37 147 42 0.71922
coreB 38 152 41 0.69564
coreB 39 156 40 0.699983
total 2.07869
coreA 1 340 3675 0.197459
coreA 2 337 3477 0.894541
coreA 3 335 3286 0.788817
coreA 4 331 3110 0.709948
coreA 5 322 2949 1.10108
coreA 6 334 2825 0.709897
coreA 7 318 2688 0.695248
coreA 8 313 2577 0.672058
coreA 9 310 2455 0.607917
coreA 10 312 2343 0.713928
coreA 11 315 2258 0.649759
coreA 12 310 2168 0.60857
coreA 13 305 2096 0.614266
coreA 14 298 2009 0.631065
coreA 15 302 1936 1.07954
coreA 16 293 1865 0.590512
coreA 17 301 1805 0.594423
coreA 18 286 1740 0.587791
coreA 19 294 1680 0.605709
coreA 20 290 1627 0.598806
coreA 21 272 1574 0.596931
coreA 22 277 1528 0.594892
coreA 23 276 1480 1.08771
coreA 24 270 1438 0.594312
coreA 25 269 1397 0.584693
coreA 26 271 1355 0.5982
coreA 27 268 1303 0.606248
coreA 28 265 1270 0.607894
coreA 29 263 1237 0.598114
coreA 30 261 1203 0.581209
coreA 31 258 1177 0.579395
coreA 32 252 1146 0.59472
coreA 33 248 1117 0.573877
coreA 34 260 1086 0.547599
coreA 35 253 1054 0.580899
coreA 36 249 1033 0.581607
coreA 37 244 1000 0.587821
coreA 38 239 966 0.572053
coreA 39 239 938 0.568137
coreB 1 288 884 0.806688
coreB 2 378 373 0.540748
coreB 3 373 264 0.52837
coreB 4 358 207 0.499593
coreB 5 354 182 0.497308
coreB 6 335 158 0.491961
coreB 7 323 142 0.488746
coreB 8 308 132 0.477593
coreB 9 303 121 0.464906
coreB 10 289 114 0.475989
coreB 11 276 107 0.464855
coreB 12 291 98 0.471156
coreB 13 261 92 0.481924
coreB 14 275 87 0.490546
coreB 15 266 85 0.460323
coreB 16 249 81 0.466237
coreB 17 258 78 0.458624
coreB 18 259 74 0.461872
coreB 19 220 70 0.453306
coreB 20 227 67 0.466456
coreB 21 223 65 0.456556
coreB 22 227 62 0.435374
coreB 23 219 60 0.455036
coreB 24 228 59 0.453692
coreB 25 208 57 0.441843
coreB 26 200 55 0.460204
coreB 27 185 53 0.467417
coreB 28 175 52 0.45376
coreB 29 173 51 0.450306
coreB 30 180 49 0.435759
coreB 31 178 48 0.471788
coreB 32 175 47 0.441067
coreB 33 173 46 0.441313
coreB 34 170 45 0.444393
coreB 35 163 44 0.441401
coreB 36 157 43 0.463953
coreB 37 147 42 0.417165
coreB 38 152 41 0.421807
coreB 39 156 40 0.436025
total 1.45212
coreA 1 340 3675 0.190853
coreA 2 337 3477 1.19689
coreA 3 335 3286 1.18744
coreA 4 331 3110 1.17549
coreA 5 322 2949 1.17632
coreA 6 334 2825 1.15844
coreA 7 318 2688 1.17106
coreA 8 313 2577 1.14699
coreA 9 310 2455 1.16415
coreA 10 312 2343 1.15452
coreA 11 315 2258 1.14102
coreA 12 310 2168 1.1511
coreA 13 305 2096 1.14032
coreA 14 298 2009 1.1453
coreA 15 302 1936 1.14276
coreA 16 293 1865 0.548361
coreA 17 301 1805 1.13263
coreA 18 286 1740 1.12897
coreA 19 294 1680 1.13711
coreA 20 290 1627 1.11345
coreA 21 272 1574 0.536301
coreA 22 277 1528 1.11665
coreA 23 276 1480 1.1205
coreA 24 270 1438 1.12434
coreA 25 269 1397 1.11584
coreA 26 271 1355 1.1296
coreA 27 268 1303 1.12184
coreA 28 265 1270 1.12486
coreA 29 263 1237 1.12544
coreA 30 261 1203 1.10746
coreA 31 258 1177 1.1108
coreA 32 252 1146 1.11838
coreA 33 248 1117 1.11896
coreA 34 260 1086 1.10653
coreA 35 253 1054 1.10155
coreA 36 249 1033 1.10777
coreA 37 244 1000 0.530092
coreA 38 239 966 1.11303
coreA 39 239 938 1.11455
coreB 1 288 884 0.228699
coreB 2 378 373 0.428812
coreB 3 373 264 0.37889
coreB 4 358 207 0.384268
coreB 5 354 182 0.535569
coreB 6 335 158 0.363373
coreB 7 323 142 0.370719
coreB 8 308 132 0.363115
coreB 9 303 121 0.345561
coreB 10 289 114 0.51255
coreB 11 276 107 0.347973
coreB 12 291 98 0.48809
coreB 13 261 92 0.330639
coreB 14 275 87 0.334999
coreB 15 266 85 0.340209
coreB 16 249 81 0.356385
coreB 17 258 78 0.308022
coreB 18 259 74 0.712305
coreB 19 220 70 0.47691
coreB 20 227 67 0.306653
coreB 21 223 65 0.311516
coreB 22 227 62 0.311771
coreB 23 219 60 0.334619
coreB 24 228 59 0.318403
coreB 25 208 57 0.333366
coreB 26 200 55 0.308524
coreB 27 185 53 0.333618
coreB 28 175 52 0.326067
coreB 29 173 51 0.656798
coreB 30 180 49 0.321052
coreB 31 178 48 0.308396
coreB 32 175 47 0.319387
coreB 33 173 46 0.314337
coreB 34 170 45 0.306359
coreB 35 163 44 0.295026
coreB 36 157 43 0.316214
coreB 37 147 42 0.293668
coreB 38 152 41 0.4549
coreB 39 156 40 0.314989
total 1.49441
coreA 1 340 3675 0.203811
coreA 2 337 3477 1.22819
coreA 3 335 3286 0.505855
coreA 4 331 3110 1.20576
coreA 5 322 2949 0.574906
coreA 6 334 2825 0.492577
coreA 7 318 2688 0.480726
coreA 8 313 2577 0.48132
coreA 9 310 2455 0.481086
coreA 10 312 2343 0.467807
coreA 11 315 2258 0.473125
coreA 12 310 2168 0.472764
coreA 13 305 2096 0.468058
coreA 14 298 2009 0.460312
coreA 15 302 1936 0.451424
coreA 16 293 1865 0.460408
coreA 17 301 1805 0.452479
coreA 18 286 1740 0.470554
coreA 19 294 1680 0.45556
coreA 20 290 1627 0.448714
coreA 21 272 1574 0.440027
coreA 22 277 1528 0.4557
coreA 23 276 1480 0.449971
coreA 24 270 1438 0.450376
coreA 25 269 1397 0.441316
coreA 26 271 1355 0.437148
coreA 27 268 1303 0.435196
coreA 28 265 1270 0.446908
coreA 29 263 1237 0.443841
coreA 30 261 1203 0.442329
coreA 31 258 1177 0.434849
coreA 32 252 1146 0.438291
coreA 33 248 1117 0.421186
coreA 34 260 1086 0.441496
coreA 35 253 1054 0.42118
coreA 36 249 1033 0.421812
coreA 37 244 1000 0.418703
coreA 38 239 966 0.434297
coreA 39 239 938 0.417052
coreB 1 288 884 0.707364
coreB 2 378 373 0.750202
coreB 3 373 264 0.754882
coreB 4 358 207 0.717015
coreB 5 354 182 0.715099
coreB 6 335 158 0.714992
coreB 7 323 142 0.707326
coreB 8 308 132 0.707767
coreB 9 303 121 0.696423
coreB 10 289 114 0.666046
coreB 11 276 107 0.679956
coreB 12 291 98 0.693341
coreB 13 261 92 0.686192
coreB 14 275 87 0.701355
coreB 15 266 85 0.633319
coreB 16 249 81 0.645872
coreB 17 258 78 0.673311
coreB 18 259 74 0.68266
coreB 19 220 70 0.661987
coreB 20 227 67 0.606036
coreB 21 223 65 0.674916
coreB 22 227 62 0.690531
coreB 23 219 60 0.675237
coreB 24 228 59 0.664998
coreB 25 208 57 0.661942
coreB 26 200 55 0.654679
coreB 27 185 53 0.677079
coreB 28 175 52 0.657607
coreB 29 173 51 0.659447
coreB 30 180 49 0.654359
coreB 31 178 48 0.665607
coreB 32 175 47 0.667895
coreB 33 173 46 0.66725
coreB 34 170 45 0.658144
coreB 35 163 44 0.666964
coreB 36 157 43 0.63492
coreB 37 147 42 0.611289
coreB 38 152 41 0.656932
coreB 39 156 40 0.668516
total 1.57874
coreA 1 340 3675 0.19556
coreA 2 337 3477 0.964255
coreA 3 335 3286 0.548788
coreA 4 331 3110 0.803352
coreA 5 322 2949 0.521379
coreA 6 334 2825 0.524032
coreA 7 318 2688 1.06023
coreA 8 313 2577 0.944516
coreA 9 310 2455 0.781784
coreA 10 312 2343 0.798778
coreA 11 315 2258 0.934136
coreA 12 310 2168 0.801694
coreA 13 305 2096 0.752397
coreA 14 298 2009 0.742826
coreA 15 302 1936 0.894981
coreA 16 293 1865 0.915789
coreA 17 301 1805 0.743189
coreA 18 286 1740 0.773102
coreA 19 294 1680 0.738145
coreA 20 290 1627 0.70806
coreA 21 272 1574 0.778101
coreA 22 277 1528 0.890265
coreA 23 276 1480 0.427424
coreA 24 270 1438 0.73919
coreA 25 269 1397 0.687393
coreA 26 271 1355 0.902769
coreA 27 268 1303 1.0233
coreA 28 265 1270 0.76672
coreA 29 263 1237 0.860743
coreA 30 261 1203 0.691443
coreA 31 258 1177 0.38468
coreA 32 252 1146 0.656516
coreA 33 248 1117 0.674388
coreA 34 260 1086 0.738168
coreA 35 253 1054 0.716908
coreA 36 249 1033 1.01248
coreA 37 244 1000 0.719634
coreA 38 239 966 0.647268
coreA 39 239 938 0.869654
coreB 1 288 884 0.215999
coreB 2 378 373 0.534424
coreB 3 373 264 0.528363
coreB 4 358 207 0.477898
coreB 5 354 182 0.472809
coreB 6 335 158 0.448441
coreB 7 323 142 0.424471
coreB 8 308 132 0.643886
coreB 9 303 121 0.421954
coreB 10 289 114 0.387345
coreB 11 276 107 0.423013
coreB 12 291 98 0.403586
coreB 13 261 92 0.390498
coreB 14 275 87 0.402101
coreB 15 266 85 0.721893
coreB 16 249 81 0.396859
coreB 17 258 78 0.733972
coreB 18 259 74 0.398947
coreB 19 220 70 0.39392
coreB 20 227 67 0.428569
coreB 21 223 65 0.338254
coreB 22 227 62 0.353977
coreB 23 219 60 0.381437
coreB 24 228 59 0.729948
coreB 25 208 57 0.865377
coreB 26 200 55 0.376245
coreB 27 185 53 0.364836
coreB 28 175 52 0.352201
coreB 29 173 51 0.374761
coreB 30 180 49 0.342048
coreB 31 178 48 0.348723
coreB 32 175 47 0.364539
coreB 33 173 46 0.367723
coreB 34 170 45 0.365966
coreB 35 163 44 0.350626
coreB 36 157 43 0.349982
coreB 37 147 42 0.398097
coreB 38 152 41 0.374187
coreB 39 156 40 0.348931
total 1.37728
coreA 1 340 3675 0.225963
coreA 2 337 3477 1.28954
coreA 3 335 3286 0.97698
coreA 4 331 3110 1.71463
coreA 5 322 2949 1.10476
coreA 6 334 2825 1.37029
coreA 7 318 2688 0.894666
coreA 8 313 2577 1.0141
coreA 9 310 2455 1.66238
coreA 10 312 2343 1.74897
coreA 11 315 2258 1.7845
coreA 12 310 2168 0.835386
coreA 13 305 2096 0.869267
coreA 14 298 2009 0.915322
coreA 15 302 1936 0.887244
coreA 16 293 1865 0.842778
coreA 17 301 1805 0.842927
coreA 18 286 1740 0.909285
coreA 19 294 1680 0.924572
coreA 20 290 1627 0.840049
coreA 21 272 1574 1.64579
coreA 22 277 1528 0.815229
coreA 23 276 1480 0.825952
coreA 24 270 1438 0.846086
coreA 25 269 1397 0.837593
coreA 26 271 1355 0.829262
coreA 27 268 1303 0.837243
coreA 28 265 1270 0.839497
coreA 29 263 1237 0.840791
coreA 30 261 1203 0.825937
coreA 31 258 1177 0.804993
coreA 32 252 1146 0.827417
coreA 33 248 1117 0.822449
coreA 34 260 1086 0.802183
coreA 35 253 1054 0.816024
coreA 36 249 1033 0.815564
coreA 37 244 1000 0.821205
coreA 38 239 966 0.816014
coreA 39 239 938 0.818453
coreB 1 288 884 1.07036
coreB 2 378 373 0.879447
coreB 3 373 264 0.884907
coreB 4 358 207 0.809695
coreB 5 354 182 0.844346
coreB 6 335 158 0.844673
coreB 7 323 142 0.834252
coreB 8 308 132 0.82804
coreB 9 303 121 0.809934
coreB 10 289 114 0.865068
coreB 11 276 107 0.84992
coreB 12 291 98 0.800553
coreB 13 261 92 0.709714
coreB 14 275 87 0.926706
coreB 15 266 85 0.790685
coreB 16 249 81 0.819182
coreB 17 258 78 0.830271
coreB 18 259 74 0.929606
coreB 19 220 70 0.771525
coreB 20 227 67 0.784449
coreB 21 223 65 0.835916
coreB 22 227 62 0.765424
coreB 23 219 60 0.836957
coreB 24 228 59 0.680647
coreB 25 208 57 0.806085
coreB 26 200 55 0.829829
coreB 27 185 53 0.829359
coreB 28 175 52 0.800389
coreB 29 173 51 0.886233
coreB 30 180 49 0.831017
coreB 31 178 48 0.799818
coreB 32 175 47 0.723393
coreB 33 173 46 0.816697
coreB 34 170 45 0.791548
coreB 35 163 44 0.808134
coreB 36 157 43 0.764565
coreB 37 147 42 0.802428
coreB 38 152 41 0.789861
coreB 39 156 40 0.796614
total 2.16767
coreA 1 340 3675 0.199765
coreA 2 337 3477 0.651842
coreA 3 335 3286 1.36704
coreA 4 331 3110 1.37406
coreA 5 322 2949 0.997978
coreA 6 334 2825 1.36518
coreA 7 318 2688 1.35166
coreA 8 313 2577 1.35182
coreA 9 310 2455 0.76035
coreA 10 312 2343 1.34503
coreA 11 315 2258 1.34231
coreA 12 310 2168 1.34882
coreA 13 305 2096 1.33784
coreA 14 298 2009 1.33419
coreA 15 302 1936 1.32081
coreA 16 293 1865 0.983622
coreA 17 301 1805 1.31987
coreA 18 286 1740 1.32844
coreA 19 294 1680 1.31848
coreA 20 290 1627 0.752817
coreA 21 272 1574 1.32264
coreA 22 277 1528 1.31764
coreA 23 276 1480 0.933678
coreA 24 270 1438 1.30924
coreA 25 269 1397 1.31545
coreA 26 271 1355 1.31166
coreA 27 268 1303 1.31379
coreA 28 265 1270 1.30434
coreA 29 263 1237 1.30596
coreA 30 261 1203 1.29876
coreA 31 258 1177 1.30535
coreA 32 252 1146 1.298
coreA 33 248 1117 1.29755
coreA 34 260 1086 1.28262
coreA 35 253 1054 1.30897
coreA 36 249 1033 1.2957
coreA 37 244 1000 1.29422
coreA 38 239 966 1.2924
coreA 39 239 938 1.29037
coreB 1 288 884 0.217446
coreB 2 378 373 0.6282
coreB 3 373 264 0.580062
coreB 4 358 207 0.559768
coreB 5 354 182 0.568467
coreB 6 335 158 0.560722
coreB 7 323 142 0.547772
coreB 8 308 132 0.550661
coreB 9 303 121 0.906929
coreB 10 289 114 0.540843
coreB 11 276 107 0.521401
coreB 12 291 98 0.898745
coreB 13 261 92 0.527455
coreB 14 275 87 0.517641
coreB 15 266 85 0.531427
coreB 16 249 81 0.527543
coreB 17 258 78 0.534345
coreB 18 259 74 0.729524
coreB 19 220 70 0.510589
coreB 20 227 67 0.519272
coreB 21 223 65 0.527207
coreB 22 227 62 0.52967
coreB 23 219 60 0.532095
coreB 24 228 59 0.522303
coreB 25 208 57 0.511217
coreB 26 200 55 0.513919
coreB 27 185 53 0.480158
coreB 28 175 52 0.515154
coreB 29 173 51 0.639084
coreB 30 180 49 0.53201
coreB 31 178 48 0.48729
coreB 32 175 47 0.71653
coreB 33 173 46 0.495546
coreB 34 170 45 0.505173
coreB 35 163 44 0.45801
coreB 36 157 43 0.485566
coreB 37 147 42 0.692224
coreB 38 152 41 0.472297
coreB 39 156 40 0.529933
total 1.69098
coreA 1 340 3675 0.191848
coreA 2 337 3477 0.969848
coreA 3 335 3286 0.88366
coreA 4 331 3110 0.759416
coreA 5 322 2949 0.715838
coreA 6 334 2825 0.653632
coreA 7 318 2688 0.645919
coreA 8 313 2577 0.633321
coreA 9 310 2455 0.613603
coreA 10 312 2343 0.598204
coreA 11 315 2258 0.623837
coreA 12 310 2168 0.633463
coreA 13 305 2096 0.624471
coreA 14 298 2009 0.588262
coreA 15 302 1936 0.602075
coreA 16 293 1865 0.580341
coreA 17 301 1805 0.563067
coreA 18 286 1740 0.566717
coreA 19 294 1680 0.568227
coreA 20 290 1627 0.563661
coreA 21 272 1574 0.561186
coreA 22 277 1528 0.569327
coreA 23 276 1480 0.529735
coreA 24 270 1438 0.565988
coreA 25 269 1397 0.564246
coreA 26 271 1355 0.570699
coreA 27 268 1303 0.566495
coreA 28 265 1270 0.539076
coreA 29 263 1237 0.555986
coreA 30 261 1203 0.539985
coreA 31 258 1177 0.558492
coreA 32 252 1146 0.549149
coreA 33 248 1117 0.545878
coreA 34 260 1086 0.565631
coreA 35 253 1054 0.552927
coreA 36 249 1033 0.531465
coreA 37 244 1000 0.55567
coreA 38 239 966 0.546955
coreA 39 239 938 0.540309
coreB 1 288 884 0.769914
coreB 2 378 373 0.7155
coreB 3 373 264 0.715613
coreB 4 358 207 0.690833
coreB 5 354 182 0.661274
coreB 6 335 158 0.641149
coreB 7 323 142 0.680376
coreB 8 308 132 0.660288
coreB 9 303 121 0.670886
coreB 10 289 114 0.656126
coreB 11 276 107 0.659739
coreB 12 291 98 0.648343
coreB 13 261 92 0.631626
coreB 14 275 87 0.659968
coreB 15 266 85 0.634343
coreB 16 249 81 0.631605
coreB 17 258 78 0.60479
coreB 18 259 74 0.63898
coreB 19 220 70 0.642053
coreB 20 227 67 0.647744
coreB 21 223 65 0.63625
coreB 22 227 62 0.622541
coreB 23 219 60 0.635925
coreB 24 228 59 0.647513
coreB 25 208 57 0.647771
coreB 26 200 55 0.628303
coreB 27 185 53 0.649274
coreB 28 175 52 0.622683
coreB 29 173 51 0.642045
coreB 30 180 49 0.595325
coreB 31 178 48 0.625545
coreB 32 175 47 0.655871
coreB 33 173 46 0.603147
coreB 34 170 45 0.62188
coreB 35 163 44 0.659486
coreB 36 157 43 0.603619
coreB 37 147 42 0.608569
coreB 38 152 41 0.604411
coreB 39 156 40 0.630991
total 1.59235
coreA 1 340 3675 0.197874
coreA 2 337 3477 0.553358
coreA 3 335 3286 0.902943
coreA 4 331 3110 0.547833
coreA 5 322 2949 0.548063
coreA 6 334 2825 0.52467
coreA 7 318 2688 0.536931
coreA 8 313 2577 0.529292
coreA 9 310 2455 0.523492
coreA 10 312 2343 0.53169
coreA 11 315 2258 0.533507
coreA 12 310 2168 0.513686
coreA 13 305 2096 0.525632
coreA 14 298 2009 0.492826
coreA 15 302 1936 0.504268
coreA 16 293 1865 0.520366
coreA 17 301 1805 0.71882
coreA 18 286 1740 0.47794
coreA 19 294 1680 0.720502
coreA 20 290 1627 0.509371
coreA 21 272 1574 0.481032
coreA 22 277 1528 0.475136
coreA 23 276 1480 0.484809
coreA 24 270 1438 0.482344
coreA 25 269 1397 0.474707
coreA 26 271 1355 0.479497
coreA 27 268 1303 0.480673
coreA 28 265 1270 0.471385
coreA 29 263 1237 0.45682
coreA 30 261 1203 0.474576
coreA 31 258 1177 0.482247
coreA 32 252 1146 0.477432
coreA 33 248 1117 0.739564
coreA 34 260 1086 0.47582
coreA 35 253 1054 0.464431
coreA 36 249 1033 0.453849
coreA 37 244 1000 0.47058
coreA 38 239 966 0.466466
coreA 39 239 938 0.457047
coreB 1 288 884 0.754479
coreB 2 378 373 0.629503
coreB 3 373 264 0.632238
coreB 4 358 207 0.61297
coreB 5 354 182 0.58933
coreB 6 335 158 0.60205
coreB 7 323 142 0.601455
coreB 8 308 132 0.566632
coreB 9 303 121 0.56608
coreB 10 289 114 0.570497
coreB 11 276 107 0.573314
coreB 12 291 98 0.583179
coreB 13 261 92 0.572904
coreB 14 275 87 0.571108
coreB 15 266 85 0.587324
coreB 16 249 81 0.654341
coreB 17 258 78 0.573418
coreB 18 259 74 0.545982
coreB 19 220 70 0.559353
coreB 20 227 67 0.565845
coreB 21 223 65 0.554926
coreB 22 227 62 0.565528
coreB 23 219 60 0.570784
coreB 24 228 59 0.551333
coreB 25 208 57 0.521686
coreB 26 200 55 0.558553
coreB 27 185 53 0.538393
coreB 28 175 52 0.547836
coreB 29 173 51 0.538423
coreB 30 180 49 0.541815
coreB 31 178 48 0.540738
coreB 32 175 47 0.518505
coreB 33 173 46 0.521412
coreB 34 170 45 0.551299
coreB 35 163 44 0.540153
coreB 36 157 43 0.542438
coreB 37 147 42 0.51502
coreB 38 152 41 0.506787
coreB 39 156 40 0.53245
total 1.51971
