coreA 1 340 3675 0.176687
coreA 2 337 3477 0.34778
coreA 3 335 3286 0.341687
coreA 4 331 3110 0.358964
coreA 5 322 2949 0.335028
coreA 6 334 2825 0.336132
coreA 7 318 2688 0.335681
coreA 8 313 2577 0.35484
coreA 9 310 2455 0.333732
coreA 10 312 2343 0.331523
coreA 11 315 2258 0.351162
coreA 12 310 2168 0.332386
coreA 13 305 2096 0.330532
coreA 14 298 2009 0.331382
coreA 15 302 1936 0.327966
coreA 16 293 1865 0.34777
coreA 17 301 1805 0.331891
coreA 18 286 1740 0.331743
coreA 19 294 1680 0.33056
coreA 20 290 1627 0.33083
coreA 21 272 1574 0.344624
coreA 22 277 1528 0.337007
coreA 23 276 1480 0.336831
coreA 24 270 1438 0.338216
coreA 25 269 1397 0.363754
coreA 26 271 1355 0.330785
coreA 27 268 1303 0.329697
coreA 28 265 1270 0.333556
coreA 29 263 1237 0.333695
coreA 30 261 1203 0.332367
coreA 31 258 1177 0.32742
coreA 32 252 1146 0.327856
coreA 33 248 1117 0.33047
coreA 34 260 1086 0.330065
coreA 35 253 1054 0.366449
coreA 36 249 1033 0.32984
coreA 37 244 1000 0.326876
coreA 38 239 966 0.331698
coreA 39 239 938 0.329121
coreB 1 288 884 0.225385
coreB 2 378 373 0.334553
coreB 3 373 264 0.348049
coreB 4 358 207 0.329761
coreB 5 354 182 0.31562
coreB 6 335 158 0.313295
coreB 7 323 142 0.312718
coreB 8 308 132 0.310249
coreB 9 303 121 0.315267
coreB 10 289 114 0.317763
coreB 11 276 107 0.306153
coreB 12 291 98 0.304901
coreB 13 261 92 0.305618
coreB 14 275 87 0.306307
coreB 15 266 85 0.305868
coreB 16 249 81 0.303715
coreB 17 258 78 0.305393
coreB 18 259 74 0.194508
coreB 19 220 70 0.30003
coreB 20 227 67 0.302417
coreB 21 223 65 0.303559
coreB 22 227 62 0.181493
coreB 23 219 60 0.308025
coreB 24 228 59 0.306212
coreB 25 208 57 0.308531
coreB 26 200 55 0.300494
coreB 27 185 53 0.88796
coreB 28 175 52 0.604411
coreB 29 173 51 0.299962
coreB 30 180 49 0.299519
coreB 31 178 48 0.769893
coreB 32 175 47 0.300277
coreB 33 173 46 0.302458
coreB 34 170 45 0.301599
coreB 35 163 44 0.299359
coreB 36 157 43 0.599899
coreB 37 147 42 0.302521
coreB 38 152 41 0.298032
coreB 39 156 40 0.894514
total 3.50426
coreA 1 340 3675 0.192136
coreA 2 337 3477 0.352318
coreA 3 335 3286 0.339387
coreA 4 331 3110 0.333783
coreA 5 322 2949 0.334394
coreA 6 334 2825 0.33878
coreA 7 318 2688 0.337616
coreA 8 313 2577 0.33116
coreA 9 310 2455 0.334975
coreA 10 312 2343 0.332181
coreA 11 315 2258 0.330531
coreA 12 310 2168 0.328258
coreA 13 305 2096 0.332592
coreA 14 298 2009 0.334102
coreA 15 302 1936 0.329751
coreA 16 293 1865 0.327895
coreA 17 301 1805 0.329899
coreA 18 286 1740 0.328795
coreA 19 294 1680 0.329961
coreA 20 290 1627 0.32657
coreA 21 272 1574 0.325941
coreA 22 277 1528 0.326464
coreA 23 276 1480 0.336146
coreA 24 270 1438 0.331441
coreA 25 269 1397 0.330168
coreA 26 271 1355 0.329801
coreA 27 268 1303 0.322765
coreA 28 265 1270 0.331131
coreA 29 263 1237 0.33059
coreA 30 261 1203 0.328825
coreA 31 258 1177 0.332372
coreA 32 252 1146 0.333006
coreA 33 248 1117 0.332751
coreA 34 260 1086 0.330414
coreA 35 253 1054 0.327344
coreA 36 249 1033 0.327283
coreA 37 244 1000 0.326272
coreA 38 239 966 0.326244
coreA 39 239 938 0.32736
coreB 1 288 884 0.228022
coreB 2 378 373 0.334568
coreB 3 373 264 0.321933
coreB 4 358 207 0.314067
coreB 5 354 182 0.312966
coreB 6 335 158 0.310655
coreB 7 323 142 0.308217
coreB 8 308 132 0.308104
coreB 9 303 121 0.313873
coreB 10 289 114 0.308804
coreB 11 276 107 0.200881
coreB 12 291 98 0.304306
coreB 13 261 92 0.317326
coreB 14 275 87 0.305866
coreB 15 266 85 0.304442
coreB 16 249 81 0.302943
coreB 17 258 78 0.305904
coreB 18 259 74 0.324225
coreB 19 220 70 0.303663
coreB 20 227 67 0.305686
coreB 21 223 65 0.322001
coreB 22 227 62 0.200695
coreB 23 219 60 0.300772
coreB 24 228 59 0.300858
coreB 25 208 57 0.30021
coreB 26 200 55 0.300081
coreB 27 185 53 0.587996
coreB 28 175 52 0.30318
coreB 29 173 51 0.299697
coreB 30 180 49 0.298362
coreB 31 178 48 0.299444
coreB 32 175 47 0.185388
coreB 33 173 46 0.304032
coreB 34 170 45 0.303912
coreB 35 163 44 0.298477
coreB 36 157 43 0.2996
coreB 37 147 42 0.299628
coreB 38 152 41 0.297517
coreB 39 156 40 0.29825
total 3.46957
coreA 1 340 3675 0.192618
coreA 2 337 3477 0.347297
coreA 3 335 3286 0.340157
coreA 4 331 3110 0.338197
coreA 5 322 2949 0.640388
coreA 6 334 2825 0.336875
coreA 7 318 2688 0.349365
coreA 8 313 2577 0.299085
coreA 9 310 2455 0.336428
coreA 10 312 2343 0.332851
coreA 11 315 2258 0.330962
coreA 12 310 2168 0.334494
coreA 13 305 2096 0.329488
coreA 14 298 2009 0.328761
coreA 15 302 1936 0.329201
coreA 16 293 1865 0.326813
coreA 17 301 1805 0.324427
coreA 18 286 1740 2.44044
coreA 19 294 1680 0.327768
coreA 20 290 1627 0.324922
coreA 21 272 1574 0.323803
coreA 22 277 1528 0.338101
coreA 23 276 1480 0.334516
coreA 24 270 1438 0.33015
coreA 25 269 1397 0.330707
coreA 26 271 1355 0.330334
coreA 27 268 1303 0.260738
coreA 28 265 1270 0.257195
coreA 29 263 1237 0.329319
coreA 30 261 1203 0.33003
coreA 31 258 1177 0.588072
coreA 32 252 1146 0.255403
coreA 33 248 1117 0.328391
coreA 34 260 1086 0.328362
coreA 35 253 1054 0.328416
coreA 36 249 1033 0.329821
coreA 37 244 1000 0.325515
coreA 38 239 966 0.328416
coreA 39 239 938 0.24449
coreB 1 288 884 1.78749
coreB 2 378 373 0.331007
coreB 3 373 264 0.32117
coreB 4 358 207 0.311225
coreB 5 354 182 0.325457
coreB 6 335 158 0.313535
coreB 7 323 142 0.309935
coreB 8 308 132 0.607882
coreB 9 303 121 0.312317
coreB 10 289 114 0.308905
coreB 11 276 107 0.306542
coreB 12 291 98 0.307675
coreB 13 261 92 0.306155
coreB 14 275 87 0.308435
coreB 15 266 85 0.304848
coreB 16 249 81 0.303701
coreB 17 258 78 0.302916
coreB 18 259 74 0.293944
coreB 19 220 70 0.301314
coreB 20 227 67 0.303192
coreB 21 223 65 0.69344
coreB 22 227 62 0.30224
coreB 23 219 60 0.304229
coreB 24 228 59 0.302795
coreB 25 208 57 0.304529
coreB 26 200 55 0.304954
coreB 27 185 53 0.329455
coreB 28 175 52 0.298962
coreB 29 173 51 0.29955
coreB 30 180 49 0.244556
coreB 31 178 48 0.255544
coreB 32 175 47 0.212593
coreB 33 173 46 0.301291
coreB 34 170 45 0.301379
coreB 35 163 44 0.301267
coreB 36 157 43 0.695041
coreB 37 147 42 0.299
coreB 38 152 41 0.363828
coreB 39 156 40 0.250693
total 3.50992
coreA 1 340 3675 0.193567
coreA 2 337 3477 0.346918
coreA 3 335 3286 0.342866
coreA 4 331 3110 0.336501
coreA 5 322 2949 0.671779
coreA 6 334 2825 0.333462
coreA 7 318 2688 0.339911
coreA 8 313 2577 0.334569
coreA 9 310 2455 0.333411
coreA 10 312 2343 0.331632
coreA 11 315 2258 0.332072
coreA 12 310 2168 0.327173
coreA 13 305 2096 0.333555
coreA 14 298 2009 0.329486
coreA 15 302 1936 0.329912
coreA 16 293 1865 0.327922
coreA 17 301 1805 0.324837
coreA 18 286 1740 0.327338
coreA 19 294 1680 0.326889
coreA 20 290 1627 0.324809
coreA 21 272 1574 0.323295
coreA 22 277 1528 0.325792
coreA 23 276 1480 0.331785
coreA 24 270 1438 0.331305
coreA 25 269 1397 0.329564
coreA 26 271 1355 0.332283
coreA 27 268 1303 0.466275
coreA 28 265 1270 0.636644
coreA 29 263 1237 0.334039
coreA 30 261 1203 0.455665
coreA 31 258 1177 0.330716
coreA 32 252 1146 0.332942
coreA 33 248 1117 0.328183
coreA 34 260 1086 0.326954
coreA 35 253 1054 0.329391
coreA 36 249 1033 0.184511
coreA 37 244 1000 0.182952
coreA 38 239 966 0.301251
coreA 39 239 938 0.176968
coreB 1 288 884 1.98928
coreB 2 378 373 0.330414
coreB 3 373 264 0.320831
coreB 4 358 207 0.313425
coreB 5 354 182 0.315683
coreB 6 335 158 0.307635
coreB 7 323 142 1.27041
coreB 8 308 132 0.30351
coreB 9 303 121 0.308828
coreB 10 289 114 0.307777
coreB 11 276 107 0.308239
coreB 12 291 98 0.309991
coreB 13 261 92 0.552106
coreB 14 275 87 0.304702
coreB 15 266 85 0.307198
coreB 16 249 81 0.305514
coreB 17 258 78 0.303696
coreB 18 259 74 0.832479
coreB 19 220 70 0.303198
coreB 20 227 67 0.30618
coreB 21 223 65 0.303875
coreB 22 227 62 0.2304
coreB 23 219 60 0.300687
coreB 24 228 59 0.302249
coreB 25 208 57 0.305789
coreB 26 200 55 0.306379
coreB 27 185 53 0.237354
coreB 28 175 52 0.530675
coreB 29 173 51 0.298602
coreB 30 180 49 0.298777
coreB 31 178 48 0.300493
coreB 32 175 47 0.300283
coreB 33 173 46 0.300055
coreB 34 170 45 0.299459
coreB 35 163 44 0.530088
coreB 36 157 43 0.295797
coreB 37 147 42 0.298796
coreB 38 152 41 0.297947
coreB 39 156 40 0.297207
total 3.68531
coreA 1 340 3675 0.187321
coreA 2 337 3477 0.348913
coreA 3 335 3286 0.341409
coreA 4 331 3110 0.335478
coreA 5 322 2949 0.330402
coreA 6 334 2825 0.333392
coreA 7 318 2688 0.33583
coreA 8 313 2577 0.332726
coreA 9 310 2455 0.331345
coreA 10 312 2343 0.332858
coreA 11 315 2258 0.331794
coreA 12 310 2168 0.330314
coreA 13 305 2096 0.327257
coreA 14 298 2009 0.330863
coreA 15 302 1936 0.327273
coreA 16 293 1865 0.329129
coreA 17 301 1805 0.329878
coreA 18 286 1740 0.330739
coreA 19 294 1680 0.328965
coreA 20 290 1627 0.328369
coreA 21 272 1574 0.331726
coreA 22 277 1528 0.451558
coreA 23 276 1480 0.331609
coreA 24 270 1438 0.329973
coreA 25 269 1397 0.329119
coreA 26 271 1355 0.32873
coreA 27 268 1303 0.329767
coreA 28 265 1270 0.326778
coreA 29 263 1237 0.327829
coreA 30 261 1203 0.331586
coreA 31 258 1177 0.33264
coreA 32 252 1146 0.344064
coreA 33 248 1117 0.333308
coreA 34 260 1086 0.332024
coreA 35 253 1054 0.331676
coreA 36 249 1033 0.367379
coreA 37 244 1000 0.298815
coreA 38 239 966 0.274876
coreA 39 239 938 0.270881
coreB 1 288 884 0.22349
coreB 2 378 373 0.329504
coreB 3 373 264 0.320767
coreB 4 358 207 0.312983
coreB 5 354 182 0.310909
coreB 6 335 158 0.309281
coreB 7 323 142 0.305281
coreB 8 308 132 0.303881
coreB 9 303 121 0.314096
coreB 10 289 114 0.341832
coreB 11 276 107 0.308556
coreB 12 291 98 0.308579
coreB 13 261 92 0.651163
coreB 14 275 87 0.30535
coreB 15 266 85 0.305363
coreB 16 249 81 0.305228
coreB 17 258 78 0.304252
coreB 18 259 74 1.08727
coreB 19 220 70 0.304655
coreB 20 227 67 0.329383
coreB 21 223 65 0.336556
coreB 22 227 62 0.437538
coreB 23 219 60 0.303801
coreB 24 228 59 0.305033
coreB 25 208 57 0.30382
coreB 26 200 55 0.303305
coreB 27 185 53 0.304979
coreB 28 175 52 0.305313
coreB 29 173 51 0.304629
coreB 30 180 49 0.306749
coreB 31 178 48 0.303381
coreB 32 175 47 1.21364
coreB 33 173 46 0.299974
coreB 34 170 45 0.302313
coreB 35 163 44 0.302244
coreB 36 157 43 0.303057
coreB 37 147 42 0.303423
coreB 38 152 41 0.298751
coreB 39 156 40 0.299924
total 3.60892
coreA 1 340 3675 0.177522
coreA 2 337 3477 0.365149
coreA 3 335 3286 0.400135
coreA 4 331 3110 0.349533
coreA 5 322 2949 0.330091
coreA 6 334 2825 0.336578
coreA 7 318 2688 0.337992
coreA 8 313 2577 0.333593
coreA 9 310 2455 0.337532
coreA 10 312 2343 0.334477
coreA 11 315 2258 0.333558
coreA 12 310 2168 0.333812
coreA 13 305 2096 0.332577
coreA 14 298 2009 0.331788
coreA 15 302 1936 0.330569
coreA 16 293 1865 0.364503
coreA 17 301 1805 0.348691
coreA 18 286 1740 1.00394
coreA 19 294 1680 0.351982
coreA 20 290 1627 0.328953
coreA 21 272 1574 0.326848
coreA 22 277 1528 0.340158
coreA 23 276 1480 0.336056
coreA 24 270 1438 0.332583
coreA 25 269 1397 0.348835
coreA 26 271 1355 0.329472
coreA 27 268 1303 1.96876
coreA 28 265 1270 1.97674
coreA 29 263 1237 0.329164
coreA 30 261 1203 0.329033
coreA 31 258 1177 0.331975
coreA 32 252 1146 0.33017
coreA 33 248 1117 0.33118
coreA 34 260 1086 0.329656
coreA 35 253 1054 0.346234
coreA 36 249 1033 0.328366
coreA 37 244 1000 0.326879
coreA 38 239 966 0.350341
coreA 39 239 938 0.334753
coreB 1 288 884 0.209151
coreB 2 378 373 0.355269
coreB 3 373 264 0.387281
coreB 4 358 207 0.325443
coreB 5 354 182 0.310923
coreB 6 335 158 0.311177
coreB 7 323 142 0.308513
coreB 8 308 132 0.304359
coreB 9 303 121 0.311311
coreB 10 289 114 0.43728
coreB 11 276 107 0.212519
coreB 12 291 98 0.311296
coreB 13 261 92 0.192155
coreB 14 275 87 0.308966
coreB 15 266 85 0.312435
coreB 16 249 81 0.304551
coreB 17 258 78 0.302565
coreB 18 259 74 0.489047
coreB 19 220 70 0.301956
coreB 20 227 67 0.302878
coreB 21 223 65 0.304028
coreB 22 227 62 0.300424
coreB 23 219 60 0.302985
coreB 24 228 59 0.305754
coreB 25 208 57 0.305213
coreB 26 200 55 0.30068
coreB 27 185 53 0.298565
coreB 28 175 52 0.397385
coreB 29 173 51 0.299595
coreB 30 180 49 0.298257
coreB 31 178 48 0.43177
coreB 32 175 47 0.200224
coreB 33 173 46 0.306562
coreB 34 170 45 0.3085
coreB 35 163 44 0.30625
coreB 36 157 43 0.565856
coreB 37 147 42 0.301913
coreB 38 152 41 1.06484
coreB 39 156 40 0.300024
total 3.62056
coreA 1 340 3675 0.187459
coreA 2 337 3477 0.35241
coreA 3 335 3286 0.34081
coreA 4 331 3110 0.332197
coreA 5 322 2949 0.332849
coreA 6 334 2825 0.335481
coreA 7 318 2688 0.338233
coreA 8 313 2577 0.332692
coreA 9 310 2455 0.343832
coreA 10 312 2343 0.342342
coreA 11 315 2258 0.325055
coreA 12 310 2168 0.328921
coreA 13 305 2096 1.91815
coreA 14 298 2009 0.330989
coreA 15 302 1936 0.329323
coreA 16 293 1865 0.326675
coreA 17 301 1805 0.329808
coreA 18 286 1740 2.05685
coreA 19 294 1680 0.332617
coreA 20 290 1627 0.331477
coreA 21 272 1574 0.326354
coreA 22 277 1528 0.339101
coreA 23 276 1480 0.339804
coreA 24 270 1438 0.339599
coreA 25 269 1397 0.328886
coreA 26 271 1355 0.329566
coreA 27 268 1303 2.09236
coreA 28 265 1270 1.90186
coreA 29 263 1237 0.338147
coreA 30 261 1203 0.337492
coreA 31 258 1177 1.931
coreA 32 252 1146 0.331768
coreA 33 248 1117 0.335661
coreA 34 260 1086 0.334113
coreA 35 253 1054 0.327689
coreA 36 249 1033 0.329269
coreA 37 244 1000 0.331582
coreA 38 239 966 1.87896
coreA 39 239 938 1.88372
coreB 1 288 884 0.231529
coreB 2 378 373 0.336138
coreB 3 373 264 0.325038
coreB 4 358 207 0.31548
coreB 5 354 182 0.316451
coreB 6 335 158 0.318434
coreB 7 323 142 0.310412
coreB 8 308 132 1.59374
coreB 9 303 121 0.310593
coreB 10 289 114 0.966228
coreB 11 276 107 0.295029
coreB 12 291 98 0.306715
coreB 13 261 92 0.324007
coreB 14 275 87 0.323584
coreB 15 266 85 0.307958
coreB 16 249 81 0.303614
coreB 17 258 78 0.495195
coreB 18 259 74 0.595006
coreB 19 220 70 0.31305
coreB 20 227 67 0.301563
coreB 21 223 65 0.303424
coreB 22 227 62 0.299787
coreB 23 219 60 0.32361
coreB 24 228 59 0.303216
coreB 25 208 57 0.289565
coreB 26 200 55 0.301023
coreB 27 185 53 0.445404
coreB 28 175 52 0.245032
coreB 29 173 51 0.298848
coreB 30 180 49 0.731569
coreB 31 178 48 0.299352
coreB 32 175 47 0.281722
coreB 33 173 46 0.304378
coreB 34 170 45 0.510212
coreB 35 163 44 0.256837
coreB 36 157 43 0.235477
coreB 37 147 42 0.31295
coreB 38 152 41 0.245697
coreB 39 156 40 0.419105
total 3.73613
coreA 1 340 3675 0.187823
coreA 2 337 3477 0.344017
coreA 3 335 3286 0.336202
coreA 4 331 3110 0.331372
coreA 5 322 2949 2.90559
coreA 6 334 2825 0.329262
coreA 7 318 2688 0.341197
coreA 8 313 2577 0.338799
coreA 9 310 2455 0.333865
coreA 10 312 2343 0.336197
coreA 11 315 2258 0.331821
coreA 12 310 2168 0.329305
coreA 13 305 2096 0.326367
coreA 14 298 2009 0.328043
coreA 15 302 1936 0.331858
coreA 16 293 1865 0.333209
coreA 17 301 1805 0.328679
coreA 18 286 1740 0.327815
coreA 19 294 1680 0.331364
coreA 20 290 1627 0.327205
coreA 21 272 1574 0.328544
coreA 22 277 1528 0.335203
coreA 23 276 1480 0.332246
coreA 24 270 1438 0.335584
coreA 25 269 1397 0.331241
coreA 26 271 1355 0.329563
coreA 27 268 1303 0.327913
coreA 28 265 1270 1.54826
coreA 29 263 1237 0.328698
coreA 30 261 1203 0.339643
coreA 31 258 1177 0.326237
coreA 32 252 1146 0.325018
coreA 33 248 1117 0.332318
coreA 34 260 1086 0.327899
coreA 35 253 1054 0.326939
coreA 36 249 1033 0.328907
coreA 37 244 1000 0.332125
coreA 38 239 966 0.327333
coreA 39 239 938 0.325464
coreB 1 288 884 0.225614
coreB 2 378 373 0.328911
coreB 3 373 264 0.332885
coreB 4 358 207 0.319844
coreB 5 354 182 0.314171
coreB 6 335 158 0.311361
coreB 7 323 142 0.335283
coreB 8 308 132 0.309893
coreB 9 303 121 0.31514
coreB 10 289 114 0.309047
coreB 11 276 107 0.580426
coreB 12 291 98 0.307696
coreB 13 261 92 0.299071
coreB 14 275 87 0.31453
coreB 15 266 85 0.307374
coreB 16 249 81 0.306161
coreB 17 258 78 0.310297
coreB 18 259 74 0.307617
coreB 19 220 70 0.315088
coreB 20 227 67 0.303308
coreB 21 223 65 0.303323
coreB 22 227 62 0.483447
coreB 23 219 60 0.310747
coreB 24 228 59 0.303835
coreB 25 208 57 0.306901
coreB 26 200 55 0.295767
coreB 27 185 53 0.307602
coreB 28 175 52 0.29651
coreB 29 173 51 0.300629
coreB 30 180 49 0.778158
coreB 31 178 48 0.30125
coreB 32 175 47 0.301323
coreB 33 173 46 0.309005
coreB 34 170 45 0.302323
coreB 35 163 44 0.301123
coreB 36 157 43 0.29568
coreB 37 147 42 0.46298
coreB 38 152 41 0.278255
coreB 39 156 40 0.27553
total 3.54373
coreA 1 340 3675 0.186784
coreA 2 337 3477 0.346368
coreA 3 335 3286 0.334889
coreA 4 331 3110 0.334766
coreA 5 322 2949 0.335765
coreA 6 334 2825 0.334797
coreA 7 318 2688 0.335666
coreA 8 313 2577 0.337995
coreA 9 310 2455 0.333275
coreA 10 312 2343 0.329593
coreA 11 315 2258 0.671056
coreA 12 310 2168 0.330452
coreA 13 305 2096 0.328033
coreA 14 298 2009 0.329317
coreA 15 302 1936 0.325623
coreA 16 293 1865 0.330538
coreA 17 301 1805 0.330827
coreA 18 286 1740 0.378184
coreA 19 294 1680 0.325408
coreA 20 290 1627 0.325163
coreA 21 272 1574 0.366452
coreA 22 277 1528 0.229557
coreA 23 276 1480 0.333033
coreA 24 270 1438 0.32919
coreA 25 269 1397 0.329919
coreA 26 271 1355 0.329313
coreA 27 268 1303 0.328818
coreA 28 265 1270 0.329716
coreA 29 263 1237 0.330218
coreA 30 261 1203 0.327051
coreA 31 258 1177 0.327961
coreA 32 252 1146 0.326323
coreA 33 248 1117 0.327053
coreA 34 260 1086 0.327378
coreA 35 253 1054 0.327134
coreA 36 249 1033 0.328577
coreA 37 244 1000 0.222764
coreA 38 239 966 0.208146
coreA 39 239 938 0.209967
coreB 1 288 884 1.90388
coreB 2 378 373 0.333025
coreB 3 373 264 0.319167
coreB 4 358 207 0.310747
coreB 5 354 182 0.326736
coreB 6 335 158 0.309985
coreB 7 323 142 0.195738
coreB 8 308 132 0.194073
coreB 9 303 121 0.310111
coreB 10 289 114 0.307584
coreB 11 276 107 0.305954
coreB 12 291 98 0.306109
coreB 13 261 92 0.37401
coreB 14 275 87 0.308157
coreB 15 266 85 0.303746
coreB 16 249 81 0.302987
coreB 17 258 78 0.302331
coreB 18 259 74 0.372916
coreB 19 220 70 0.30243
coreB 20 227 67 0.303519
coreB 21 223 65 0.302663
coreB 22 227 62 0.663679
coreB 23 219 60 0.300159
coreB 24 228 59 0.302555
coreB 25 208 57 0.302805
coreB 26 200 55 0.301318
coreB 27 185 53 0.3005
coreB 28 175 52 0.302312
coreB 29 173 51 0.30088
coreB 30 180 49 0.30017
coreB 31 178 48 0.301823
coreB 32 175 47 0.473287
coreB 33 173 46 0.299812
coreB 34 170 45 0.300273
coreB 35 163 44 0.300369
coreB 36 157 43 0.300434
coreB 37 147 42 0.301944
coreB 38 152 41 0.298829
coreB 39 156 40 0.296672
total 3.59745
coreA 1 340 3675 0.194679
coreA 2 337 3477 0.346234
coreA 3 335 3286 0.338639
coreA 4 331 3110 0.332156
coreA 5 322 2949 0.723349
coreA 6 334 2825 0.331496
coreA 7 318 2688 0.334148
coreA 8 313 2577 0.332889
coreA 9 310 2455 0.334675
coreA 10 312 2343 0.332204
coreA 11 315 2258 0.332781
coreA 12 310 2168 0.330511
coreA 13 305 2096 0.329542
coreA 14 298 2009 0.330424
coreA 15 302 1936 0.32671
coreA 16 293 1865 0.325027
coreA 17 301 1805 0.330544
coreA 18 286 1740 0.281796
coreA 19 294 1680 0.325164
coreA 20 290 1627 0.324023
coreA 21 272 1574 0.32517
coreA 22 277 1528 0.332325
coreA 23 276 1480 0.33278
coreA 24 270 1438 0.330288
coreA 25 269 1397 0.329069
coreA 26 271 1355 0.330346
coreA 27 268 1303 0.263523
coreA 28 265 1270 0.328667
coreA 29 263 1237 0.328036
coreA 30 261 1203 0.330284
coreA 31 258 1177 0.325948
coreA 32 252 1146 0.254564
coreA 33 248 1117 0.328967
coreA 34 260 1086 0.32928
coreA 35 253 1054 0.328931
coreA 36 249 1033 0.328964
coreA 37 244 1000 0.328809
coreA 38 239 966 0.241991
coreA 39 239 938 0.248131
coreB 1 288 884 1.93233
coreB 2 378 373 0.333551
coreB 3 373 264 0.321461
coreB 4 358 207 0.594135
coreB 5 354 182 0.531952
coreB 6 335 158 0.311245
coreB 7 323 142 1.35334
coreB 8 308 132 1.48226
coreB 9 303 121 0.311831
coreB 10 289 114 0.307904
coreB 11 276 107 0.30515
coreB 12 291 98 0.308286
coreB 13 261 92 0.306397
coreB 14 275 87 0.305694
coreB 15 266 85 0.305044
coreB 16 249 81 0.306187
coreB 17 258 78 0.304024
coreB 18 259 74 0.30285
coreB 19 220 70 0.302642
coreB 20 227 67 0.302732
coreB 21 223 65 0.301595
coreB 22 227 62 0.303481
coreB 23 219 60 0.301247
coreB 24 228 59 0.301652
coreB 25 208 57 0.305023
coreB 26 200 55 0.260432
coreB 27 185 53 0.270415
coreB 28 175 52 0.489897
coreB 29 173 51 0.276768
coreB 30 180 49 0.254206
coreB 31 178 48 0.246395
coreB 32 175 47 0.252014
coreB 33 173 46 0.301381
coreB 34 170 45 0.490016
coreB 35 163 44 0.617447
coreB 36 157 43 0.483958
coreB 37 147 42 0.298427
coreB 38 152 41 0.476061
coreB 39 156 40 0.29787
total 3.83661
