coreA 1 340 3675 0.239552
coreA 2 337 3477 0.355709
coreA 3 335 3286 0.397498
coreA 4 331 3110 0.344578
coreA 5 322 2949 0.335289
coreA 6 334 2825 0.33404
coreA 7 318 2688 0.335624
coreA 8 313 2577 0.333223
coreA 9 310 2455 0.334624
coreA 10 312 2343 0.336966
coreA 11 315 2258 0.259223
coreA 12 310 2168 0.331979
coreA 13 305 2096 0.27943
coreA 14 298 2009 0.335217
coreA 15 302 1936 0.343265
coreA 16 293 1865 0.337172
coreA 17 301 1805 0.329181
coreA 18 286 1740 0.329543
coreA 19 294 1680 0.327463
coreA 20 290 1627 0.326536
coreA 21 272 1574 0.332118
coreA 22 277 1528 0.334021
coreA 23 276 1480 0.333835
coreA 24 270 1438 0.381233
coreA 25 269 1397 0.345657
coreA 26 271 1355 0.331193
coreA 27 268 1303 0.330953
coreA 28 265 1270 0.332984
coreA 29 263 1237 0.333039
coreA 30 261 1203 0.332742
coreA 31 258 1177 0.332359
coreA 32 252 1146 0.327312
coreA 33 248 1117 0.328972
coreA 34 260 1086 0.339021
coreA 35 253 1054 0.333665
coreA 36 249 1033 0.326763
coreA 37 244 1000 0.327454
coreA 38 239 966 0.326532
coreA 39 239 938 0.326177
coreB 1 288 884 3.50974
coreB 2 378 373 0.193597
coreB 3 373 264 0.178441
coreB 4 358 207 0.31656
coreB 5 354 182 0.312647
coreB 6 335 158 0.309283
coreB 7 323 142 0.304441
coreB 8 308 132 0.303694
coreB 9 303 121 0.309028
coreB 10 289 114 0.305493
coreB 11 276 107 0.20355
coreB 12 291 98 0.19418
coreB 13 261 92 0.202881
coreB 14 275 87 0.20268
coreB 15 266 85 0.307212
coreB 16 249 81 0.304856
coreB 17 258 78 0.304585
coreB 18 259 74 0.303785
coreB 19 220 70 0.302971
coreB 20 227 67 0.304094
coreB 21 223 65 0.3033
coreB 22 227 62 0.623824
coreB 23 219 60 0.197907
coreB 24 228 59 0.305639
coreB 25 208 57 0.303227
coreB 26 200 55 0.30343
coreB 27 185 53 0.300721
coreB 28 175 52 0.301774
coreB 29 173 51 0.300927
coreB 30 180 49 0.30145
coreB 31 178 48 0.612766
coreB 32 175 47 0.193175
coreB 33 173 46 0.301984
coreB 34 170 45 0.302875
coreB 35 163 44 0.301925
coreB 36 157 43 0.302237
coreB 37 147 42 0.30215
coreB 38 152 41 0.300624
coreB 39 156 40 0.300935
total 6.97889
coreA 1 340 3675 0.250542
coreA 2 337 3477 0.349344
coreA 3 335 3286 0.34001
coreA 4 331 3110 0.336745
coreA 5 322 2949 0.336434
coreA 6 334 2825 0.334147
coreA 7 318 2688 0.339577
coreA 8 313 2577 0.332225
coreA 9 310 2455 0.328659
coreA 10 312 2343 0.328934
coreA 11 315 2258 0.327026
coreA 12 310 2168 0.329291
coreA 13 305 2096 0.328555
coreA 14 298 2009 0.328778
coreA 15 302 1936 0.329311
coreA 16 293 1865 0.329587
coreA 17 301 1805 0.328789
coreA 18 286 1740 0.329069
coreA 19 294 1680 0.324379
coreA 20 290 1627 0.323031
coreA 21 272 1574 0.326257
coreA 22 277 1528 0.33558
coreA 23 276 1480 0.338249
coreA 24 270 1438 0.332081
coreA 25 269 1397 0.331332
coreA 26 271 1355 0.330564
coreA 27 268 1303 0.330615
coreA 28 265 1270 0.331137
coreA 29 263 1237 0.330619
coreA 30 261 1203 0.32886
coreA 31 258 1177 0.329473
coreA 32 252 1146 0.328553
coreA 33 248 1117 0.332539
coreA 34 260 1086 0.330057
coreA 35 253 1054 0.327744
coreA 36 249 1033 0.327889
coreA 37 244 1000 0.327191
coreA 38 239 966 0.329577
coreA 39 239 938 0.328763
coreB 1 288 884 0.2946
coreB 2 378 373 0.329867
coreB 3 373 264 0.321598
coreB 4 358 207 0.313585
coreB 5 354 182 0.313175
coreB 6 335 158 0.309883
coreB 7 323 142 0.310898
coreB 8 308 132 0.306164
coreB 9 303 121 0.311596
coreB 10 289 114 0.309085
coreB 11 276 107 0.309135
coreB 12 291 98 0.307439
coreB 13 261 92 0.307702
coreB 14 275 87 0.307196
coreB 15 266 85 0.306349
coreB 16 249 81 0.304377
coreB 17 258 78 0.306065
coreB 18 259 74 0.303165
coreB 19 220 70 0.303841
coreB 20 227 67 0.302761
coreB 21 223 65 0.302435
coreB 22 227 62 0.302537
coreB 23 219 60 0.305252
coreB 24 228 59 0.30392
coreB 25 208 57 0.304995
coreB 26 200 55 0.304455
coreB 27 185 53 0.302691
coreB 28 175 52 0.30263
coreB 29 173 51 0.300027
coreB 30 180 49 0.299319
coreB 31 178 48 0.269506
coreB 32 175 47 0.182909
coreB 33 173 46 0.301216
coreB 34 170 45 0.302509
coreB 35 163 44 0.299882
coreB 36 157 43 0.396626
coreB 37 147 42 0.299833
coreB 38 152 41 0.299577
coreB 39 156 40 0.308817
total 6.58095
coreA 1 340 3675 0.237826
coreA 2 337 3477 0.345144
coreA 3 335 3286 0.338263
coreA 4 331 3110 0.335107
coreA 5 322 2949 0.3329
coreA 6 334 2825 0.346312
coreA 7 318 2688 0.334037
coreA 8 313 2577 0.329917
coreA 9 310 2455 0.328936
coreA 10 312 2343 0.331104
coreA 11 315 2258 0.241911
coreA 12 310 2168 0.33124
coreA 13 305 2096 0.243223
coreA 14 298 2009 0.330657
coreA 15 302 1936 0.325003
coreA 16 293 1865 0.325804
coreA 17 301 1805 0.328207
coreA 18 286 1740 0.326288
coreA 19 294 1680 0.32802
coreA 20 290 1627 0.32691
coreA 21 272 1574 0.325874
coreA 22 277 1528 0.329347
coreA 23 276 1480 0.333585
coreA 24 270 1438 0.330809
coreA 25 269 1397 0.33038
coreA 26 271 1355 0.328281
coreA 27 268 1303 0.333121
coreA 28 265 1270 0.338148
coreA 29 263 1237 0.329739
coreA 30 261 1203 0.328395
coreA 31 258 1177 0.329901
coreA 32 252 1146 0.328407
coreA 33 248 1117 0.329763
coreA 34 260 1086 0.329205
coreA 35 253 1054 0.328555
coreA 36 249 1033 0.326823
coreA 37 244 1000 0.334849
coreA 38 239 966 0.328984
coreA 39 239 938 0.326102
coreB 1 288 884 3.4755
coreB 2 378 373 0.191046
coreB 3 373 264 0.177914
coreB 4 358 207 0.318507
coreB 5 354 182 0.31146
coreB 6 335 158 0.308037
coreB 7 323 142 0.303901
coreB 8 308 132 0.303018
coreB 9 303 121 0.308546
coreB 10 289 114 0.322615
coreB 11 276 107 0.188301
coreB 12 291 98 0.205358
coreB 13 261 92 0.206938
coreB 14 275 87 0.202407
coreB 15 266 85 0.306813
coreB 16 249 81 0.304677
coreB 17 258 78 0.302634
coreB 18 259 74 0.613343
coreB 19 220 70 0.205953
coreB 20 227 67 0.303233
coreB 21 223 65 0.302823
coreB 22 227 62 0.627881
coreB 23 219 60 0.195686
coreB 24 228 59 0.302912
coreB 25 208 57 0.301082
coreB 26 200 55 0.303657
coreB 27 185 53 0.302037
coreB 28 175 52 0.300772
coreB 29 173 51 0.305081
coreB 30 180 49 0.300491
coreB 31 178 48 0.301969
coreB 32 175 47 0.30009
coreB 33 173 46 0.303639
coreB 34 170 45 0.300978
coreB 35 163 44 0.300761
coreB 36 157 43 0.300682
coreB 37 147 42 0.298632
coreB 38 152 41 0.299217
coreB 39 156 40 0.301647
total 6.9416
coreA 1 340 3675 0.249645
coreA 2 337 3477 0.342138
coreA 3 335 3286 0.335641
coreA 4 331 3110 0.332985
coreA 5 322 2949 0.330146
coreA 6 334 2825 0.329878
coreA 7 318 2688 0.334105
coreA 8 313 2577 0.333299
coreA 9 310 2455 0.332452
coreA 10 312 2343 0.332603
coreA 11 315 2258 0.330112
coreA 12 310 2168 0.331456
coreA 13 305 2096 0.330486
coreA 14 298 2009 0.330743
coreA 15 302 1936 0.329644
coreA 16 293 1865 0.329444
coreA 17 301 1805 0.328491
coreA 18 286 1740 0.328001
coreA 19 294 1680 0.328147
coreA 20 290 1627 0.327465
coreA 21 272 1574 0.327432
coreA 22 277 1528 0.337795
coreA 23 276 1480 0.331603
coreA 24 270 1438 0.329589
coreA 25 269 1397 0.328377
coreA 26 271 1355 0.32797
coreA 27 268 1303 0.327945
coreA 28 265 1270 0.327769
coreA 29 263 1237 0.327506
coreA 30 261 1203 0.326794
coreA 31 258 1177 0.330273
coreA 32 252 1146 0.325699
coreA 33 248 1117 0.326007
coreA 34 260 1086 0.332207
coreA 35 253 1054 0.330391
coreA 36 249 1033 0.324324
coreA 37 244 1000 0.328963
coreA 38 239 966 2.51613
coreA 39 239 938 0.325642
coreB 1 288 884 0.286966
coreB 2 378 373 0.326512
coreB 3 373 264 0.319256
coreB 4 358 207 0.312602
coreB 5 354 182 0.310191
coreB 6 335 158 0.30927
coreB 7 323 142 0.307111
coreB 8 308 132 0.305548
coreB 9 303 121 0.314487
coreB 10 289 114 0.310994
coreB 11 276 107 0.31039
coreB 12 291 98 0.309521
coreB 13 261 92 0.309223
coreB 14 275 87 0.308429
coreB 15 266 85 0.306627
coreB 16 249 81 0.30652
coreB 17 258 78 0.302971
coreB 18 259 74 0.301478
coreB 19 220 70 0.304464
coreB 20 227 67 0.303994
coreB 21 223 65 0.302746
coreB 22 227 62 0.301795
coreB 23 219 60 0.303939
coreB 24 228 59 0.303177
coreB 25 208 57 0.302454
coreB 26 200 55 0.30228
coreB 27 185 53 0.301376
coreB 28 175 52 0.301698
coreB 29 173 51 0.300092
coreB 30 180 49 0.248091
coreB 31 178 48 0.30367
coreB 32 175 47 0.303153
coreB 33 173 46 0.30143
coreB 34 170 45 0.300546
coreB 35 163 44 0.299948
coreB 36 157 43 0.658249
coreB 37 147 42 0.298759
coreB 38 152 41 0.297197
coreB 39 156 40 0.663885
total 6.58737
coreA 1 340 3675 0.237692
coreA 2 337 3477 0.346882
coreA 3 335 3286 0.336621
coreA 4 331 3110 0.334157
coreA 5 322 2949 0.332846
coreA 6 334 2825 0.332684
coreA 7 318 2688 0.334015
coreA 8 313 2577 0.333453
coreA 9 310 2455 0.329315
coreA 10 312 2343 0.328595
coreA 11 315 2258 0.327108
coreA 12 310 2168 0.331127
coreA 13 305 2096 0.332213
coreA 14 298 2009 0.329712
coreA 15 302 1936 0.327877
coreA 16 293 1865 0.327206
coreA 17 301 1805 0.32639
coreA 18 286 1740 0.328897
coreA 19 294 1680 0.32736
coreA 20 290 1627 0.32977
coreA 21 272 1574 0.32638
coreA 22 277 1528 0.334167
coreA 23 276 1480 0.332886
coreA 24 270 1438 0.331837
coreA 25 269 1397 0.330053
coreA 26 271 1355 0.32806
coreA 27 268 1303 0.327996
coreA 28 265 1270 0.328829
coreA 29 263 1237 0.330005
coreA 30 261 1203 0.329358
coreA 31 258 1177 0.32987
coreA 32 252 1146 0.329564
coreA 33 248 1117 0.330095
coreA 34 260 1086 0.328945
coreA 35 253 1054 0.329078
coreA 36 249 1033 0.331328
coreA 37 244 1000 0.326263
coreA 38 239 966 0.327181
coreA 39 239 938 0.328835
coreB 1 288 884 0.282185
coreB 2 378 373 0.32766
coreB 3 373 264 0.319329
coreB 4 358 207 0.314188
coreB 5 354 182 0.311899
coreB 6 335 158 0.310349
coreB 7 323 142 0.308455
coreB 8 308 132 0.30739
coreB 9 303 121 0.312185
coreB 10 289 114 0.311399
coreB 11 276 107 0.310002
coreB 12 291 98 0.309179
coreB 13 261 92 0.309258
coreB 14 275 87 0.310365
coreB 15 266 85 0.3109
coreB 16 249 81 0.316289
coreB 17 258 78 0.308365
coreB 18 259 74 0.305633
coreB 19 220 70 0.308261
coreB 20 227 67 0.304728
coreB 21 223 65 0.301635
coreB 22 227 62 0.301496
coreB 23 219 60 0.306645
coreB 24 228 59 0.309286
coreB 25 208 57 0.305937
coreB 26 200 55 0.305317
coreB 27 185 53 0.303898
coreB 28 175 52 0.301573
coreB 29 173 51 0.303821
coreB 30 180 49 0.304203
coreB 31 178 48 0.299528
coreB 32 175 47 0.267679
coreB 33 173 46 0.307436
coreB 34 170 45 0.30452
coreB 35 163 44 0.302046
coreB 36 157 43 0.301359
coreB 37 147 42 0.301304
coreB 38 152 41 0.285559
coreB 39 156 40 0.29001
total 6.50265
coreA 1 340 3675 0.22293
coreA 2 337 3477 0.346326
coreA 3 335 3286 0.374223
coreA 4 331 3110 0.356792
coreA 5 322 2949 0.333228
coreA 6 334 2825 0.330984
coreA 7 318 2688 0.333031
coreA 8 313 2577 0.332418
coreA 9 310 2455 0.337956
coreA 10 312 2343 0.335777
coreA 11 315 2258 0.232297
coreA 12 310 2168 0.332056
coreA 13 305 2096 0.328131
coreA 14 298 2009 0.3304
coreA 15 302 1936 0.330071
coreA 16 293 1865 0.330047
coreA 17 301 1805 0.329562
coreA 18 286 1740 0.333459
coreA 19 294 1680 0.327031
coreA 20 290 1627 0.328411
coreA 21 272 1574 0.328933
coreA 22 277 1528 0.346298
coreA 23 276 1480 0.344935
coreA 24 270 1438 0.357083
coreA 25 269 1397 0.345849
coreA 26 271 1355 0.332426
coreA 27 268 1303 0.331058
coreA 28 265 1270 0.32948
coreA 29 263 1237 0.329874
coreA 30 261 1203 0.330967
coreA 31 258 1177 0.329657
coreA 32 252 1146 0.326362
coreA 33 248 1117 0.333934
coreA 34 260 1086 0.342085
coreA 35 253 1054 0.339261
coreA 36 249 1033 2.24134
coreA 37 244 1000 0.330752
coreA 38 239 966 0.347149
coreA 39 239 938 0.339861
coreB 1 288 884 3.50357
coreB 2 378 373 0.193843
coreB 3 373 264 0.179747
coreB 4 358 207 0.318295
coreB 5 354 182 0.314732
coreB 6 335 158 0.309445
coreB 7 323 142 0.305878
coreB 8 308 132 1.39687
coreB 9 303 121 0.213089
coreB 10 289 114 0.31231
coreB 11 276 107 0.30696
coreB 12 291 98 0.281746
coreB 13 261 92 0.308322
coreB 14 275 87 0.306297
coreB 15 266 85 0.307808
coreB 16 249 81 0.305109
coreB 17 258 78 0.306459
coreB 18 259 74 0.278323
coreB 19 220 70 0.244221
coreB 20 227 67 0.303762
coreB 21 223 65 0.303052
coreB 22 227 62 0.24675
coreB 23 219 60 0.244581
coreB 24 228 59 0.303997
coreB 25 208 57 0.301307
coreB 26 200 55 0.303905
coreB 27 185 53 0.301526
coreB 28 175 52 0.301464
coreB 29 173 51 0.302631
coreB 30 180 49 0.299509
coreB 31 178 48 1.14731
coreB 32 175 47 0.186196
coreB 33 173 46 0.304558
coreB 34 170 45 0.301494
coreB 35 163 44 0.30084
coreB 36 157 43 0.299532
coreB 37 147 42 0.302995
coreB 38 152 41 0.300384
coreB 39 156 40 0.301589
total 6.89567
coreA 1 340 3675 0.258067
coreA 2 337 3477 0.34936
coreA 3 335 3286 0.341491
coreA 4 331 3110 0.336952
coreA 5 322 2949 0.335615
coreA 6 334 2825 0.334595
coreA 7 318 2688 0.335907
coreA 8 313 2577 0.334196
coreA 9 310 2455 0.331765
coreA 10 312 2343 0.330587
coreA 11 315 2258 0.328907
coreA 12 310 2168 0.330148
coreA 13 305 2096 0.329946
coreA 14 298 2009 0.331432
coreA 15 302 1936 0.327954
coreA 16 293 1865 0.328769
coreA 17 301 1805 0.328768
coreA 18 286 1740 0.329853
coreA 19 294 1680 0.326997
coreA 20 290 1627 0.326801
coreA 21 272 1574 0.329573
coreA 22 277 1528 0.335616
coreA 23 276 1480 0.33704
coreA 24 270 1438 0.333669
coreA 25 269 1397 0.331253
coreA 26 271 1355 0.330545
coreA 27 268 1303 0.330657
coreA 28 265 1270 0.330233
coreA 29 263 1237 0.330324
coreA 30 261 1203 0.331631
coreA 31 258 1177 0.330124
coreA 32 252 1146 0.33045
coreA 33 248 1117 0.329664
coreA 34 260 1086 0.328404
coreA 35 253 1054 0.3295
coreA 36 249 1033 0.330901
coreA 37 244 1000 0.329855
coreA 38 239 966 0.328568
coreA 39 239 938 0.329772
coreB 1 288 884 0.298743
coreB 2 378 373 0.328206
coreB 3 373 264 0.320224
coreB 4 358 207 0.313628
coreB 5 354 182 0.312666
coreB 6 335 158 0.30952
coreB 7 323 142 0.308571
coreB 8 308 132 0.305967
coreB 9 303 121 0.314691
coreB 10 289 114 0.310983
coreB 11 276 107 0.309677
coreB 12 291 98 0.307843
coreB 13 261 92 0.30881
coreB 14 275 87 0.306732
coreB 15 266 85 0.307095
coreB 16 249 81 0.305751
coreB 17 258 78 0.306862
coreB 18 259 74 0.304048
coreB 19 220 70 0.304022
coreB 20 227 67 0.305826
coreB 21 223 65 0.306116
coreB 22 227 62 0.172607
coreB 23 219 60 0.305922
coreB 24 228 59 0.30451
coreB 25 208 57 0.304202
coreB 26 200 55 0.305041
coreB 27 185 53 0.303258
coreB 28 175 52 0.301809
coreB 29 173 51 0.30302
coreB 30 180 49 0.304595
coreB 31 178 48 0.300913
coreB 32 175 47 0.282225
coreB 33 173 46 0.301458
coreB 34 170 45 0.300723
coreB 35 163 44 0.300325
coreB 36 157 43 0.301689
coreB 37 147 42 0.301492
coreB 38 152 41 0.299421
coreB 39 156 40 0.746828
total 6.59866
coreA 1 340 3675 0.24635
coreA 2 337 3477 0.344387
coreA 3 335 3286 0.336399
coreA 4 331 3110 0.334284
coreA 5 322 2949 0.331993
coreA 6 334 2825 0.331332
coreA 7 318 2688 0.334963
coreA 8 313 2577 0.334778
coreA 9 310 2455 0.332785
coreA 10 312 2343 0.333349
coreA 11 315 2258 0.331242
coreA 12 310 2168 0.336819
coreA 13 305 2096 0.332808
coreA 14 298 2009 0.332234
coreA 15 302 1936 0.328923
coreA 16 293 1865 0.328481
coreA 17 301 1805 0.328608
coreA 18 286 1740 0.327656
coreA 19 294 1680 0.326902
coreA 20 290 1627 0.329233
coreA 21 272 1574 0.326218
coreA 22 277 1528 0.333532
coreA 23 276 1480 0.333241
coreA 24 270 1438 0.330609
coreA 25 269 1397 0.33043
coreA 26 271 1355 0.328693
coreA 27 268 1303 0.327431
coreA 28 265 1270 0.327074
coreA 29 263 1237 0.327374
coreA 30 261 1203 0.325611
coreA 31 258 1177 0.325666
coreA 32 252 1146 0.327863
coreA 33 248 1117 0.335258
coreA 34 260 1086 0.329375
coreA 35 253 1054 0.328645
coreA 36 249 1033 0.32877
coreA 37 244 1000 0.328266
coreA 38 239 966 0.328454
coreA 39 239 938 0.844696
coreB 1 288 884 0.293186
coreB 2 378 373 0.328603
coreB 3 373 264 0.319494
coreB 4 358 207 0.31525
coreB 5 354 182 0.311453
coreB 6 335 158 0.30965
coreB 7 323 142 0.30879
coreB 8 308 132 0.307401
coreB 9 303 121 0.314094
coreB 10 289 114 0.31092
coreB 11 276 107 0.310865
coreB 12 291 98 0.319938
coreB 13 261 92 0.312616
coreB 14 275 87 0.309186
coreB 15 266 85 0.308108
coreB 16 249 81 0.306681
coreB 17 258 78 0.306761
coreB 18 259 74 0.304711
coreB 19 220 70 0.304619
coreB 20 227 67 0.305675
coreB 21 223 65 0.305515
coreB 22 227 62 0.304269
coreB 23 219 60 0.304104
coreB 24 228 59 0.315892
coreB 25 208 57 0.305772
coreB 26 200 55 0.30332
coreB 27 185 53 0.302556
coreB 28 175 52 0.301228
coreB 29 173 51 0.302076
coreB 30 180 49 0.301997
coreB 31 178 48 0.306425
coreB 32 175 47 0.302464
coreB 33 173 46 0.304267
coreB 34 170 45 0.304215
coreB 35 163 44 0.307269
coreB 36 157 43 0.222168
coreB 37 147 42 0.302443
coreB 38 152 41 0.485876
coreB 39 156 40 0.298873
total 6.56277
coreA 1 340 3675 0.239877
coreA 2 337 3477 0.347927
coreA 3 335 3286 0.339818
coreA 4 331 3110 0.335957
coreA 5 322 2949 0.336315
coreA 6 334 2825 0.333861
coreA 7 318 2688 0.335938
coreA 8 313 2577 0.333804
coreA 9 310 2455 0.331335
coreA 10 312 2343 0.330062
coreA 11 315 2258 0.328955
coreA 12 310 2168 0.329911
coreA 13 305 2096 0.33313
coreA 14 298 2009 0.330257
coreA 15 302 1936 0.330177
coreA 16 293 1865 0.327245
coreA 17 301 1805 0.326956
coreA 18 286 1740 0.327339
coreA 19 294 1680 0.326744
coreA 20 290 1627 0.326193
coreA 21 272 1574 0.326361
coreA 22 277 1528 0.333933
coreA 23 276 1480 0.334912
coreA 24 270 1438 0.334373
coreA 25 269 1397 0.332155
coreA 26 271 1355 0.330379
coreA 27 268 1303 0.329476
coreA 28 265 1270 0.330268
coreA 29 263 1237 0.330986
coreA 30 261 1203 0.331433
coreA 31 258 1177 0.331824
coreA 32 252 1146 0.330938
coreA 33 248 1117 0.330871
coreA 34 260 1086 0.333134
coreA 35 253 1054 0.330498
coreA 36 249 1033 0.330765
coreA 37 244 1000 0.331668
coreA 38 239 966 0.331249
coreA 39 239 938 0.330681
coreB 1 288 884 0.283398
coreB 2 378 373 0.328014
coreB 3 373 264 0.321901
coreB 4 358 207 0.313609
coreB 5 354 182 0.311696
coreB 6 335 158 0.309225
coreB 7 323 142 0.307328
coreB 8 308 132 0.305772
coreB 9 303 121 0.311006
coreB 10 289 114 0.310096
coreB 11 276 107 0.307086
coreB 12 291 98 0.308617
coreB 13 261 92 0.308812
coreB 14 275 87 0.307251
coreB 15 266 85 0.306908
coreB 16 249 81 0.305756
coreB 17 258 78 0.304013
coreB 18 259 74 0.303557
coreB 19 220 70 0.303785
coreB 20 227 67 0.304541
coreB 21 223 65 0.313266
coreB 22 227 62 0.200752
coreB 23 219 60 0.305772
coreB 24 228 59 0.306426
coreB 25 208 57 0.304759
coreB 26 200 55 0.304571
coreB 27 185 53 0.30267
coreB 28 175 52 0.301567
coreB 29 173 51 0.303303
coreB 30 180 49 0.597428
coreB 31 178 48 0.303411
coreB 32 175 47 0.29578
coreB 33 173 46 0.30474
coreB 34 170 45 0.300237
coreB 35 163 44 0.300142
coreB 36 157 43 0.299337
coreB 37 147 42 0.299081
coreB 38 152 41 0.299518
coreB 39 156 40 0.299275
total 6.52392
coreA 1 340 3675 0.247227
coreA 2 337 3477 0.343251
coreA 3 335 3286 0.337778
coreA 4 331 3110 0.337667
coreA 5 322 2949 0.333229
coreA 6 334 2825 0.330721
coreA 7 318 2688 0.333824
coreA 8 313 2577 0.3326
coreA 9 310 2455 0.330982
coreA 10 312 2343 0.333068
coreA 11 315 2258 0.328587
coreA 12 310 2168 0.331624
coreA 13 305 2096 0.326222
coreA 14 298 2009 0.330856
coreA 15 302 1936 0.328902
coreA 16 293 1865 0.332903
coreA 17 301 1805 0.330829
coreA 18 286 1740 0.32861
coreA 19 294 1680 0.326472
coreA 20 290 1627 0.32639
coreA 21 272 1574 0.32575
coreA 22 277 1528 0.336272
coreA 23 276 1480 0.331466
coreA 24 270 1438 0.331049
coreA 25 269 1397 0.331381
coreA 26 271 1355 0.330118
coreA 27 268 1303 0.327819
coreA 28 265 1270 0.326944
coreA 29 263 1237 0.326756
coreA 30 261 1203 0.326288
coreA 31 258 1177 0.328392
coreA 32 252 1146 0.32567
coreA 33 248 1117 0.324742
coreA 34 260 1086 0.327517
coreA 35 253 1054 0.328681
coreA 36 249 1033 0.325298
coreA 37 244 1000 0.329094
coreA 38 239 966 0.329071
coreA 39 239 938 0.327297
coreB 1 288 884 0.294582
coreB 2 378 373 0.328809
coreB 3 373 264 0.324085
coreB 4 358 207 0.317021
coreB 5 354 182 0.313555
coreB 6 335 158 0.309156
coreB 7 323 142 0.30881
coreB 8 308 132 0.306967
coreB 9 303 121 0.313536
coreB 10 289 114 0.313734
coreB 11 276 107 0.309229
coreB 12 291 98 0.310863
coreB 13 261 92 0.309318
coreB 14 275 87 0.310367
coreB 15 266 85 0.308872
coreB 16 249 81 0.30559
coreB 17 258 78 1.41246
coreB 18 259 74 1.26147
coreB 19 220 70 0.303183
coreB 20 227 67 0.30607
coreB 21 223 65 0.302106
coreB 22 227 62 1.44976
coreB 23 219 60 0.304129
coreB 24 228 59 0.304248
coreB 25 208 57 0.304115
coreB 26 200 55 0.304407
coreB 27 185 53 0.302999
coreB 28 175 52 0.301567
coreB 29 173 51 0.302129
coreB 30 180 49 0.299962
coreB 31 178 48 0.26575
coreB 32 175 47 0.245912
coreB 33 173 46 0.300637
coreB 34 170 45 0.300514
coreB 35 163 44 0.251209
coreB 36 157 43 0.386901
coreB 37 147 42 0.301752
coreB 38 152 41 0.613076
coreB 39 156 40 0.297798
total 6.75185
