coreA 1 340 3675 0.150056
coreA 2 337 3477 0.518312
coreA 3 335 3286 0.421373
coreA 4 331 3110 0.349325
coreA 5 322 2949 0.343433
coreA 6 334 2825 0.477076
coreA 7 318 2688 0.34709
coreA 8 313 2577 0.342023
coreA 9 310 2455 0.342076
coreA 10 312 2343 0.337766
coreA 11 315 2258 0.348828
coreA 12 310 2168 0.33518
coreA 13 305 2096 0.348333
coreA 14 298 2009 0.342712
coreA 15 302 1936 0.473715
coreA 16 293 1865 0.626643
coreA 17 301 1805 0.345852
coreA 18 286 1740 0.46776
coreA 19 294 1680 0.512367
coreA 20 290 1627 0.334423
coreA 21 272 1574 0.333545
coreA 22 277 1528 0.348589
coreA 23 276 1480 1.15723
coreA 24 270 1438 0.348565
coreA 25 269 1397 0.348887
coreA 26 271 1355 0.342431
coreA 27 268 1303 0.165873
coreA 28 265 1270 0.166573
coreA 29 263 1237 0.38576
coreA 30 261 1203 0.356569
coreA 31 258 1177 0.502797
coreA 32 252 1146 0.162233
coreA 33 248 1117 0.368558
coreA 34 260 1086 0.159191
coreA 35 253 1054 0.161589
coreA 36 249 1033 0.174631
coreA 37 244 1000 0.343504
coreA 38 239 966 0.816161
coreA 39 239 938 0.157534
coreB 1 288 884 0.677334
coreB 2 378 373 0.463441
coreB 3 373 264 0.591959
coreB 4 358 207 0.442324
coreB 5 354 182 0.430322
coreB 6 335 158 0.443023
coreB 7 323 142 0.566625
coreB 8 308 132 0.375032
coreB 9 303 121 0.411639
coreB 10 289 114 0.558675
coreB 11 276 107 0.385293
coreB 12 291 98 0.658905
coreB 13 261 92 0.408315
coreB 14 275 87 0.401689
coreB 15 266 85 0.398782
coreB 16 249 81 0.549322
coreB 17 258 78 0.408358
coreB 18 259 74 0.55126
coreB 19 220 70 0.555368
coreB 20 227 67 0.367301
coreB 21 223 65 0.352139
coreB 22 227 62 0.385916
coreB 23 219 60 0.537057
coreB 24 228 59 0.378647
coreB 25 208 57 0.348307
coreB 26 200 55 0.334382
coreB 27 185 53 0.338924
coreB 28 175 52 0.365328
coreB 29 173 51 0.372665
coreB 30 180 49 0.325157
coreB 31 178 48 0.35423
coreB 32 175 47 0.524989
coreB 33 173 46 0.537892
coreB 34 170 45 0.375867
coreB 35 163 44 0.328133
coreB 36 157 43 0.309032
coreB 37 147 42 0.321201
coreB 38 152 41 0.349808
coreB 39 156 40 0.336885
total 1.44275
coreA 1 340 3675 0.174311
coreA 2 337 3477 0.363259
coreA 3 335 3286 0.365449
coreA 4 331 3110 0.359919
coreA 5 322 2949 1.23329
coreA 6 334 2825 0.358208
coreA 7 318 2688 0.351734
coreA 8 313 2577 0.420855
coreA 9 310 2455 0.365884
coreA 10 312 2343 0.886306
coreA 11 315 2258 0.346774
coreA 12 310 2168 0.347072
coreA 13 305 2096 0.194082
coreA 14 298 2009 0.340527
coreA 15 302 1936 0.1954
coreA 16 293 1865 0.346358
coreA 17 301 1805 0.340676
coreA 18 286 1740 0.385278
coreA 19 294 1680 0.340765
coreA 20 290 1627 0.339265
coreA 21 272 1574 0.338777
coreA 22 277 1528 0.18549
coreA 23 276 1480 0.360294
coreA 24 270 1438 0.349534
coreA 25 269 1397 0.387624
coreA 26 271 1355 0.350575
coreA 27 268 1303 0.176985
coreA 28 265 1270 0.347533
coreA 29 263 1237 0.415296
coreA 30 261 1203 0.173105
coreA 31 258 1177 0.357053
coreA 32 252 1146 0.523566
coreA 33 248 1117 0.353735
coreA 34 260 1086 0.342916
coreA 35 253 1054 0.364013
coreA 36 249 1033 0.167855
coreA 37 244 1000 0.51114
coreA 38 239 966 0.171208
coreA 39 239 938 0.357244
coreB 1 288 884 0.726565
coreB 2 378 373 0.352488
coreB 3 373 264 0.352394
coreB 4 358 207 0.327778
coreB 5 354 182 0.321875
coreB 6 335 158 0.319963
coreB 7 323 142 0.313094
coreB 8 308 132 0.314252
coreB 9 303 121 0.323951
coreB 10 289 114 0.317351
coreB 11 276 107 0.313493
coreB 12 291 98 0.325898
coreB 13 261 92 0.312067
coreB 14 275 87 0.320208
coreB 15 266 85 0.322621
coreB 16 249 81 0.31161
coreB 17 258 78 0.315538
coreB 18 259 74 0.251618
coreB 19 220 70 0.317402
coreB 20 227 67 0.150953
coreB 21 223 65 0.307806
coreB 22 227 62 0.253594
coreB 23 219 60 0.311166
coreB 24 228 59 0.315751
coreB 25 208 57 0.44817
coreB 26 200 55 0.324094
coreB 27 185 53 0.140361
coreB 28 175 52 0.139125
coreB 29 173 51 0.317334
coreB 30 180 49 0.31748
coreB 31 178 48 0.309522
coreB 32 175 47 0.133632
coreB 33 173 46 0.318803
coreB 34 170 45 0.129901
coreB 35 163 44 0.30941
coreB 36 157 43 0.560351
coreB 37 147 42 0.316891
coreB 38 152 41 0.24106
coreB 39 156 40 0.310394
total 1.50008
coreA 1 340 3675 0.149811
coreA 2 337 3477 0.978147
coreA 3 335 3286 0.345031
coreA 4 331 3110 0.723202
coreA 5 322 2949 0.668948
coreA 6 334 2825 0.569461
coreA 7 318 2688 0.549255
coreA 8 313 2577 0.342308
coreA 9 310 2455 0.348487
coreA 10 312 2343 0.963664
coreA 11 315 2258 0.963114
coreA 12 310 2168 0.967497
coreA 13 305 2096 0.336162
coreA 14 298 2009 0.333768
coreA 15 302 1936 0.336374
coreA 16 293 1865 0.331894
coreA 17 301 1805 0.332496
coreA 18 286 1740 0.336195
coreA 19 294 1680 0.329757
coreA 20 290 1627 0.329917
coreA 21 272 1574 0.330815
coreA 22 277 1528 0.516817
coreA 23 276 1480 0.337058
coreA 24 270 1438 0.335747
coreA 25 269 1397 0.335743
coreA 26 271 1355 0.349202
coreA 27 268 1303 0.337852
coreA 28 265 1270 0.344331
coreA 29 263 1237 1.00422
coreA 30 261 1203 0.832144
coreA 31 258 1177 0.334751
coreA 32 252 1146 0.331972
coreA 33 248 1117 0.33422
coreA 34 260 1086 0.63289
coreA 35 253 1054 0.628533
coreA 36 249 1033 0.226213
coreA 37 244 1000 0.33048
coreA 38 239 966 0.632894
coreA 39 239 938 0.627694
coreB 1 288 884 0.525243
coreB 2 378 373 0.526173
coreB 3 373 264 0.331763
coreB 4 358 207 0.325117
coreB 5 354 182 0.315085
coreB 6 335 158 0.313366
coreB 7 323 142 0.294109
coreB 8 308 132 0.31875
coreB 9 303 121 0.320619
coreB 10 289 114 0.314365
coreB 11 276 107 0.480153
coreB 12 291 98 0.591367
coreB 13 261 92 0.47713
coreB 14 275 87 0.307249
coreB 15 266 85 0.303367
coreB 16 249 81 0.316197
coreB 17 258 78 0.303843
coreB 18 259 74 0.459055
coreB 19 220 70 0.308833
coreB 20 227 67 0.303591
coreB 21 223 65 0.304933
coreB 22 227 62 0.307647
coreB 23 219 60 0.452671
coreB 24 228 59 0.584742
coreB 25 208 57 0.309738
coreB 26 200 55 0.308983
coreB 27 185 53 0.304947
coreB 28 175 52 0.312607
coreB 29 173 51 0.309146
coreB 30 180 49 0.453961
coreB 31 178 48 0.307932
coreB 32 175 47 0.313773
coreB 33 173 46 0.299968
coreB 34 170 45 0.307017
coreB 35 163 44 0.307271
coreB 36 157 43 0.31646
coreB 37 147 42 0.301891
coreB 38 152 41 0.301315
coreB 39 156 40 0.303089
total 1.23879
coreA 1 340 3675 0.148396
coreA 2 337 3477 0.435565
coreA 3 335 3286 0.421145
coreA 4 331 3110 0.412732
coreA 5 322 2949 0.415403
coreA 6 334 2825 0.4189
coreA 7 318 2688 0.401597
coreA 8 313 2577 0.407241
coreA 9 310 2455 0.40266
coreA 10 312 2343 0.53963
coreA 11 315 2258 0.550631
coreA 12 310 2168 0.374674
coreA 13 305 2096 0.547155
coreA 14 298 2009 0.649757
coreA 15 302 1936 0.653046
coreA 16 293 1865 0.522945
coreA 17 301 1805 0.532519
coreA 18 286 1740 0.532231
coreA 19 294 1680 0.527918
coreA 20 290 1627 0.348983
coreA 21 272 1574 0.36361
coreA 22 277 1528 0.512979
coreA 23 276 1480 0.328772
coreA 24 270 1438 0.334197
coreA 25 269 1397 0.352494
coreA 26 271 1355 0.522767
coreA 27 268 1303 0.514924
coreA 28 265 1270 0.324905
coreA 29 263 1237 0.631662
coreA 30 261 1203 0.315808
coreA 31 258 1177 0.334556
coreA 32 252 1146 0.318681
coreA 33 248 1117 0.314384
coreA 34 260 1086 0.314444
coreA 35 253 1054 0.317014
coreA 36 249 1033 0.327384
coreA 37 244 1000 0.312742
coreA 38 239 966 0.31278
coreA 39 239 938 0.309214
coreB 1 288 884 0.815491
coreB 2 378 373 0.364036
coreB 3 373 264 0.330499
coreB 4 358 207 0.327863
coreB 5 354 182 0.256197
coreB 6 335 158 0.319622
coreB 7 323 142 0.242175
coreB 8 308 132 0.316164
coreB 9 303 121 0.32762
coreB 10 289 114 0.359797
coreB 11 276 107 0.322378
coreB 12 291 98 0.329196
coreB 13 261 92 0.134387
coreB 14 275 87 0.320431
coreB 15 266 85 0.316975
coreB 16 249 81 0.312887
coreB 17 258 78 0.310647
coreB 18 259 74 0.137968
coreB 19 220 70 0.311523
coreB 20 227 67 0.13857
coreB 21 223 65 0.308966
coreB 22 227 62 0.12894
coreB 23 219 60 0.32341
coreB 24 228 59 0.316627
coreB 25 208 57 0.312303
coreB 26 200 55 0.332893
coreB 27 185 53 0.316037
coreB 28 175 52 0.308732
coreB 29 173 51 0.336573
coreB 30 180 49 0.452294
coreB 31 178 48 0.306959
coreB 32 175 47 0.309264
coreB 33 173 46 0.307559
coreB 34 170 45 0.329937
coreB 35 163 44 0.307797
coreB 36 157 43 0.11978
coreB 37 147 42 0.30723
coreB 38 152 41 0.309046
coreB 39 156 40 0.307269
total 1.56601
coreA 1 340 3675 0.15266
coreA 2 337 3477 0.371337
coreA 3 335 3286 0.371985
coreA 4 331 3110 0.345422
coreA 5 322 2949 0.348549
coreA 6 334 2825 0.350872
coreA 7 318 2688 0.489092
coreA 8 313 2577 0.347051
coreA 9 310 2455 0.347542
coreA 10 312 2343 0.389468
coreA 11 315 2258 0.429604
coreA 12 310 2168 0.48872
coreA 13 305 2096 0.37409
coreA 14 298 2009 0.33703
coreA 15 302 1936 0.497305
coreA 16 293 1865 0.340498
coreA 17 301 1805 0.335392
coreA 18 286 1740 0.335182
coreA 19 294 1680 1.28642
coreA 20 290 1627 0.331435
coreA 21 272 1574 0.330291
coreA 22 277 1528 0.163371
coreA 23 276 1480 0.402869
coreA 24 270 1438 0.161103
coreA 25 269 1397 0.33941
coreA 26 271 1355 0.343236
coreA 27 268 1303 1.29279
coreA 28 265 1270 0.338416
coreA 29 263 1237 0.335297
coreA 30 261 1203 0.95841
coreA 31 258 1177 0.336558
coreA 32 252 1146 0.144196
coreA 33 248 1117 0.335716
coreA 34 260 1086 0.144801
coreA 35 253 1054 0.3372
coreA 36 249 1033 0.953271
coreA 37 244 1000 0.333323
coreA 38 239 966 0.143563
coreA 39 239 938 0.144057
coreB 1 288 884 0.651613
coreB 2 378 373 0.361947
coreB 3 373 264 0.350413
coreB 4 358 207 0.338339
coreB 5 354 182 0.342067
coreB 6 335 158 0.327114
coreB 7 323 142 0.319955
coreB 8 308 132 0.512908
coreB 9 303 121 0.628601
coreB 10 289 114 0.509972
coreB 11 276 107 0.329
coreB 12 291 98 0.302286
coreB 13 261 92 0.315368
coreB 14 275 87 0.292687
coreB 15 266 85 0.295607
coreB 16 249 81 0.295523
coreB 17 258 78 0.629304
coreB 18 259 74 0.291324
coreB 19 220 70 0.291221
coreB 20 227 67 0.504558
coreB 21 223 65 0.289852
coreB 22 227 62 0.289108
coreB 23 219 60 0.299815
coreB 24 228 59 0.496354
coreB 25 208 57 0.465853
coreB 26 200 55 0.285615
coreB 27 185 53 0.6231
coreB 28 175 52 0.58058
coreB 29 173 51 0.490659
coreB 30 180 49 0.492011
coreB 31 178 48 0.460102
coreB 32 175 47 0.28094
coreB 33 173 46 0.7084
coreB 34 170 45 0.455622
coreB 35 163 44 0.457766
coreB 36 157 43 0.27511
coreB 37 147 42 0.614548
coreB 38 152 41 0.265964
coreB 39 156 40 0.270437
total 1.53143
coreA 1 340 3675 0.151835
coreA 2 337 3477 0.60494
coreA 3 335 3286 0.455698
coreA 4 331 3110 0.444294
coreA 5 322 2949 0.437526
coreA 6 334 2825 0.567011
coreA 7 318 2688 0.440167
coreA 8 313 2577 0.467031
coreA 9 310 2455 0.425936
coreA 10 312 2343 0.646202
coreA 11 315 2258 0.566705
coreA 12 310 2168 0.399767
coreA 13 305 2096 0.392006
coreA 14 298 2009 0.575214
coreA 15 302 1936 0.660612
coreA 16 293 1865 0.382909
coreA 17 301 1805 0.383464
coreA 18 286 1740 0.372063
coreA 19 294 1680 0.372629
coreA 20 290 1627 0.356413
coreA 21 272 1574 0.365617
coreA 22 277 1528 0.365932
coreA 23 276 1480 0.364126
coreA 24 270 1438 0.541706
coreA 25 269 1397 0.532353
coreA 26 271 1355 0.351627
coreA 27 268 1303 0.530296
coreA 28 265 1270 0.35861
coreA 29 263 1237 0.350055
coreA 30 261 1203 0.3425
coreA 31 258 1177 0.348331
coreA 32 252 1146 0.348473
coreA 33 248 1117 0.52246
coreA 34 260 1086 0.351836
coreA 35 253 1054 0.34794
coreA 36 249 1033 0.370824
coreA 37 244 1000 0.356105
coreA 38 239 966 0.363306
coreA 39 239 938 0.518508
coreB 1 288 884 0.821168
coreB 2 378 373 0.410402
coreB 3 373 264 0.422211
coreB 4 358 207 0.367552
coreB 5 354 182 0.358776
coreB 6 335 158 0.347205
coreB 7 323 142 0.314234
coreB 8 308 132 0.220044
coreB 9 303 121 0.329504
coreB 10 289 114 0.191912
coreB 11 276 107 0.328295
coreB 12 291 98 0.327733
coreB 13 261 92 0.493187
coreB 14 275 87 0.516507
coreB 15 266 85 0.321367
coreB 16 249 81 0.31937
coreB 17 258 78 0.351516
coreB 18 259 74 0.505582
coreB 19 220 70 0.317397
coreB 20 227 67 0.632524
coreB 21 223 65 0.317395
coreB 22 227 62 0.181991
coreB 23 219 60 0.314577
coreB 24 228 59 0.421936
coreB 25 208 57 0.315207
coreB 26 200 55 0.317999
coreB 27 185 53 0.476558
coreB 28 175 52 0.310703
coreB 29 173 51 0.328362
coreB 30 180 49 0.154334
coreB 31 178 48 0.160058
coreB 32 175 47 0.170767
coreB 33 173 46 0.314671
coreB 34 170 45 0.314335
coreB 35 163 44 0.335296
coreB 36 157 43 0.315676
coreB 37 147 42 0.311081
coreB 38 152 41 0.380852
coreB 39 156 40 0.315222
total 1.5593
coreA 1 340 3675 0.157224
coreA 2 337 3477 0.378748
coreA 3 335 3286 1.09957
coreA 4 331 3110 0.375098
coreA 5 322 2949 0.862453
coreA 6 334 2825 0.373908
coreA 7 318 2688 0.194064
coreA 8 313 2577 0.187343
coreA 9 310 2455 0.360156
coreA 10 312 2343 0.351345
coreA 11 315 2258 0.345986
coreA 12 310 2168 0.356522
coreA 13 305 2096 0.491856
coreA 14 298 2009 0.344266
coreA 15 302 1936 0.350053
coreA 16 293 1865 0.347547
coreA 17 301 1805 0.340367
coreA 18 286 1740 0.34159
coreA 19 294 1680 0.340579
coreA 20 290 1627 0.339185
coreA 21 272 1574 0.386806
coreA 22 277 1528 0.907567
coreA 23 276 1480 0.363049
coreA 24 270 1438 0.355472
coreA 25 269 1397 0.352056
coreA 26 271 1355 0.353859
coreA 27 268 1303 0.153617
coreA 28 265 1270 0.156423
coreA 29 263 1237 0.357544
coreA 30 261 1203 0.346987
coreA 31 258 1177 0.363318
coreA 32 252 1146 0.155821
coreA 33 248 1117 0.345889
coreA 34 260 1086 0.34429
coreA 35 253 1054 0.505605
coreA 36 249 1033 0.496819
coreA 37 244 1000 0.362386
coreA 38 239 966 0.147686
coreA 39 239 938 0.5511
coreB 1 288 884 0.67662
coreB 2 378 373 0.342618
coreB 3 373 264 0.328266
coreB 4 358 207 0.44264
coreB 5 354 182 0.314203
coreB 6 335 158 0.311899
coreB 7 323 142 0.31046
coreB 8 308 132 0.310754
coreB 9 303 121 0.315587
coreB 10 289 114 0.262676
coreB 11 276 107 0.311446
coreB 12 291 98 0.309941
coreB 13 261 92 0.313945
coreB 14 275 87 0.307818
coreB 15 266 85 0.14613
coreB 16 249 81 0.254451
coreB 17 258 78 0.314983
coreB 18 259 74 0.14367
coreB 19 220 70 0.308227
coreB 20 227 67 0.452083
coreB 21 223 65 0.303146
coreB 22 227 62 0.244267
coreB 23 219 60 0.307552
coreB 24 228 59 0.304262
coreB 25 208 57 0.305092
coreB 26 200 55 0.307187
coreB 27 185 53 0.302521
coreB 28 175 52 0.303073
coreB 29 173 51 0.316398
coreB 30 180 49 0.304754
coreB 31 178 48 0.307105
coreB 32 175 47 0.131401
coreB 33 173 46 0.308806
coreB 34 170 45 0.129853
coreB 35 163 44 0.301307
coreB 36 157 43 0.133769
coreB 37 147 42 0.301819
coreB 38 152 41 0.348817
coreB 39 156 40 0.305367
total 1.42709
coreA 1 340 3675 0.147559
coreA 2 337 3477 0.36053
coreA 3 335 3286 0.507019
coreA 4 331 3110 0.350927
coreA 5 322 2949 0.345783
coreA 6 334 2825 0.377953
coreA 7 318 2688 0.342022
coreA 8 313 2577 0.342532
coreA 9 310 2455 0.339494
coreA 10 312 2343 0.340025
coreA 11 315 2258 0.333292
coreA 12 310 2168 0.36943
coreA 13 305 2096 0.177259
coreA 14 298 2009 0.331363
coreA 15 302 1936 0.330743
coreA 16 293 1865 0.333645
coreA 17 301 1805 0.333302
coreA 18 286 1740 0.168289
coreA 19 294 1680 0.331149
coreA 20 290 1627 0.500685
coreA 21 272 1574 0.329946
coreA 22 277 1528 0.168127
coreA 23 276 1480 0.343228
coreA 24 270 1438 0.339045
coreA 25 269 1397 0.334625
coreA 26 271 1355 0.332618
coreA 27 268 1303 0.165679
coreA 28 265 1270 0.490087
coreA 29 263 1237 0.332978
coreA 30 261 1203 0.332882
coreA 31 258 1177 0.33087
coreA 32 252 1146 0.157959
coreA 33 248 1117 0.330799
coreA 34 260 1086 0.159231
coreA 35 253 1054 0.333048
coreA 36 249 1033 0.332892
coreA 37 244 1000 0.32914
coreA 38 239 966 0.339059
coreA 39 239 938 0.333034
coreB 1 288 884 0.672514
coreB 2 378 373 0.352428
coreB 3 373 264 0.329619
coreB 4 358 207 0.320091
coreB 5 354 182 0.173982
coreB 6 335 158 0.315581
coreB 7 323 142 0.170907
coreB 8 308 132 0.306098
coreB 9 303 121 0.315716
coreB 10 289 114 0.454931
coreB 11 276 107 0.478586
coreB 12 291 98 0.314394
coreB 13 261 92 0.15515
coreB 14 275 87 0.307201
coreB 15 266 85 0.306456
coreB 16 249 81 0.314706
coreB 17 258 78 0.315198
coreB 18 259 74 0.444833
coreB 19 220 70 0.301675
coreB 20 227 67 0.307188
coreB 21 223 65 0.310398
coreB 22 227 62 0.30603
coreB 23 219 60 0.31367
coreB 24 228 59 0.146853
coreB 25 208 57 0.301786
coreB 26 200 55 0.305832
coreB 27 185 53 0.138726
coreB 28 175 52 0.142659
coreB 29 173 51 0.301244
coreB 30 180 49 0.305815
coreB 31 178 48 0.30524
coreB 32 175 47 0.133196
coreB 33 173 46 0.30139
coreB 34 170 45 0.30575
coreB 35 163 44 0.304597
coreB 36 157 43 0.300396
coreB 37 147 42 0.299652
coreB 38 152 41 0.244604
coreB 39 156 40 0.299205
total 1.30094
coreA 1 340 3675 0.156999
coreA 2 337 3477 0.358051
coreA 3 335 3286 0.354945
coreA 4 331 3110 0.345284
coreA 5 322 2949 0.682759
coreA 6 334 2825 0.349978
coreA 7 318 2688 0.519949
coreA 8 313 2577 0.348461
coreA 9 310 2455 0.344988
coreA 10 312 2343 0.347645
coreA 11 315 2258 0.340955
coreA 12 310 2168 0.34374
coreA 13 305 2096 0.340951
coreA 14 298 2009 0.502626
coreA 15 302 1936 0.337647
coreA 16 293 1865 0.339497
coreA 17 301 1805 0.333789
coreA 18 286 1740 0.495589
coreA 19 294 1680 0.334237
coreA 20 290 1627 0.492398
coreA 21 272 1574 0.337715
coreA 22 277 1528 0.157748
coreA 23 276 1480 0.34349
coreA 24 270 1438 0.150016
coreA 25 269 1397 0.487183
coreA 26 271 1355 0.352578
coreA 27 268 1303 0.548721
coreA 28 265 1270 0.350399
coreA 29 263 1237 0.338868
coreA 30 261 1203 0.338805
coreA 31 258 1177 0.336555
coreA 32 252 1146 0.333951
coreA 33 248 1117 0.341976
coreA 34 260 1086 0.339267
coreA 35 253 1054 0.347492
coreA 36 249 1033 0.343036
coreA 37 244 1000 0.333146
coreA 38 239 966 0.340133
coreA 39 239 938 0.335153
coreB 1 288 884 0.848334
coreB 2 378 373 0.356055
coreB 3 373 264 0.334999
coreB 4 358 207 0.324209
coreB 5 354 182 0.173625
coreB 6 335 158 0.316092
coreB 7 323 142 0.162761
coreB 8 308 132 0.163712
coreB 9 303 121 0.339698
coreB 10 289 114 0.316876
coreB 11 276 107 0.319002
coreB 12 291 98 0.315949
coreB 13 261 92 0.314061
coreB 14 275 87 0.326931
coreB 15 266 85 0.31812
coreB 16 249 81 0.309883
coreB 17 258 78 0.312211
coreB 18 259 74 0.30676
coreB 19 220 70 0.315046
coreB 20 227 67 0.147408
coreB 21 223 65 0.309252
coreB 22 227 62 0.306774
coreB 23 219 60 0.311218
coreB 24 228 59 0.307839
coreB 25 208 57 0.339614
coreB 26 200 55 0.305931
coreB 27 185 53 0.141488
coreB 28 175 52 0.345942
coreB 29 173 51 0.309319
coreB 30 180 49 0.305337
coreB 31 178 48 0.315317
coreB 32 175 47 0.448054
coreB 33 173 46 0.306568
coreB 34 170 45 0.135026
coreB 35 163 44 0.303646
coreB 36 157 43 0.255398
coreB 37 147 42 0.307746
coreB 38 152 41 0.139087
coreB 39 156 40 0.45689
total 1.50896
coreA 1 340 3675 0.146642
coreA 2 337 3477 0.360702
coreA 3 335 3286 0.347828
coreA 4 331 3110 0.515481
coreA 5 322 2949 0.345853
coreA 6 334 2825 0.381382
coreA 7 318 2688 0.16824
coreA 8 313 2577 0.493249
coreA 9 310 2455 0.338152
coreA 10 312 2343 0.154848
coreA 11 315 2258 0.153772
coreA 12 310 2168 0.336034
coreA 13 305 2096 0.293664
coreA 14 298 2009 0.347961
coreA 15 302 1936 0.482638
coreA 16 293 1865 0.330912
coreA 17 301 1805 0.454082
coreA 18 286 1740 0.329627
coreA 19 294 1680 0.336526
coreA 20 290 1627 0.278322
coreA 21 272 1574 0.336516
coreA 22 277 1528 0.341724
coreA 23 276 1480 0.341071
coreA 24 270 1438 0.34599
coreA 25 269 1397 0.453592
coreA 26 271 1355 0.493058
coreA 27 268 1303 0.495669
coreA 28 265 1270 0.605147
coreA 29 263 1237 0.374187
coreA 30 261 1203 0.487537
coreA 31 258 1177 0.631146
coreA 32 252 1146 0.499722
coreA 33 248 1117 0.333134
coreA 34 260 1086 0.333974
coreA 35 253 1054 1.42391
coreA 36 249 1033 0.411138
coreA 37 244 1000 0.609253
coreA 38 239 966 0.407921
coreA 39 239 938 0.338837
coreB 1 288 884 0.774675
coreB 2 378 373 0.627481
coreB 3 373 264 0.515457
coreB 4 358 207 0.523062
coreB 5 354 182 0.596121
coreB 6 335 158 0.708383
coreB 7 323 142 0.332667
coreB 8 308 132 0.607208
coreB 9 303 121 0.486723
coreB 10 289 114 0.359568
coreB 11 276 107 0.336459
coreB 12 291 98 0.326918
coreB 13 261 92 0.492613
coreB 14 275 87 0.302919
coreB 15 266 85 0.325216
coreB 16 249 81 0.565685
coreB 17 258 78 0.474142
coreB 18 259 74 0.322007
coreB 19 220 70 0.458838
coreB 20 227 67 0.278721
coreB 21 223 65 0.465016
coreB 22 227 62 0.451101
coreB 23 219 60 0.267325
coreB 24 228 59 0.310541
coreB 25 208 57 0.27177
coreB 26 200 55 0.305098
coreB 27 185 53 0.257584
coreB 28 175 52 0.295259
coreB 29 173 51 0.260349
coreB 30 180 49 0.293394
coreB 31 178 48 0.26614
coreB 32 175 47 0.262821
coreB 33 173 46 0.273618
coreB 34 170 45 0.46745
coreB 35 163 44 0.262939
coreB 36 157 43 0.269514
coreB 37 147 42 0.440396
coreB 38 152 41 0.456318
coreB 39 156 40 0.44561
total 1.65529
