coreA 1 340 3675 0.327224
coreA 2 337 3477 0.341099
coreA 3 335 3286 0.354102
coreA 4 331 3110 0.320263
coreA 5 322 2949 0.318397
coreA 6 334 2825 0.32104
coreA 7 318 2688 0.315136
coreA 8 313 2577 0.317088
coreA 9 310 2455 0.319294
coreA 10 312 2343 0.312098
coreA 11 315 2258 0.311989
coreA 12 310 2168 0.311144
coreA 13 305 2096 0.311605
coreA 14 298 2009 0.318916
coreA 15 302 1936 0.327565
coreA 16 293 1865 0.326483
coreA 17 301 1805 0.315235
coreA 18 286 1740 0.317048
coreA 19 294 1680 0.314635
coreA 20 290 1627 0.312525
coreA 21 272 1574 0.313692
coreA 22 277 1528 0.318403
coreA 23 276 1480 0.318866
coreA 24 270 1438 0.315827
coreA 25 269 1397 0.311265
coreA 26 271 1355 0.31358
coreA 27 268 1303 0.309549
coreA 28 265 1270 0.312226
coreA 29 263 1237 0.30897
coreA 30 261 1203 0.308292
coreA 31 258 1177 0.310099
coreA 32 252 1146 0.309029
coreA 33 248 1117 0.30791
coreA 34 260 1086 0.30936
coreA 35 253 1054 0.3134
coreA 36 249 1033 0.313815
coreA 37 244 1000 0.313317
coreA 38 239 966 0.312668
coreA 39 239 938 0.315418
coreB 1 288 884 0.354289
coreB 2 378 373 0.327104
coreB 3 373 264 0.316064
coreB 4 358 207 0.317496
coreB 5 354 182 0.30947
coreB 6 335 158 0.306048
coreB 7 323 142 0.303919
coreB 8 308 132 0.3011
coreB 9 303 121 0.299624
coreB 10 289 114 0.297713
coreB 11 276 107 0.294029
coreB 12 291 98 0.295043
coreB 13 261 92 0.292288
coreB 14 275 87 0.291249
coreB 15 266 85 0.291301
coreB 16 249 81 0.291087
coreB 17 258 78 0.289723
coreB 18 259 74 0.289473
coreB 19 220 70 0.286605
coreB 20 227 67 0.287924
coreB 21 223 65 0.28651
coreB 22 227 62 0.285523
coreB 23 219 60 0.286521
coreB 24 228 59 0.284228
coreB 25 208 57 0.284144
coreB 26 200 55 0.288229
coreB 27 185 53 0.286146
coreB 28 175 52 0.284322
coreB 29 173 51 0.285378
coreB 30 180 49 0.287921
coreB 31 178 48 0.281366
coreB 32 175 47 0.283727
coreB 33 173 46 0.282921
coreB 34 170 45 0.280658
coreB 35 163 44 0.285125
coreB 36 157 43 0.283941
coreB 37 147 42 0.279873
coreB 38 152 41 0.281068
coreB 39 156 40 0.282122
total 24.1562
coreA 1 340 3675 0.323559
coreA 2 337 3477 0.322371
coreA 3 335 3286 0.323641
coreA 4 331 3110 0.320564
coreA 5 322 2949 0.316972
coreA 6 334 2825 0.316133
coreA 7 318 2688 0.314105
coreA 8 313 2577 0.314736
coreA 9 310 2455 0.315657
coreA 10 312 2343 0.311829
coreA 11 315 2258 0.311473
coreA 12 310 2168 0.312481
coreA 13 305 2096 0.311695
coreA 14 298 2009 0.318018
coreA 15 302 1936 0.318146
coreA 16 293 1865 0.315053
coreA 17 301 1805 0.319916
coreA 18 286 1740 0.31612
coreA 19 294 1680 0.315276
coreA 20 290 1627 0.316922
coreA 21 272 1574 0.315236
coreA 22 277 1528 0.311362
coreA 23 276 1480 0.313457
coreA 24 270 1438 0.311454
coreA 25 269 1397 0.311409
coreA 26 271 1355 0.311438
coreA 27 268 1303 0.311343
coreA 28 265 1270 0.312578
coreA 29 263 1237 0.307445
coreA 30 261 1203 0.305867
coreA 31 258 1177 0.30674
coreA 32 252 1146 0.309266
coreA 33 248 1117 0.310181
coreA 34 260 1086 0.309079
coreA 35 253 1054 0.306765
coreA 36 249 1033 0.305623
coreA 37 244 1000 0.303781
coreA 38 239 966 0.304307
coreA 39 239 938 0.301998
coreB 1 288 884 0.342141
coreB 2 378 373 0.321794
coreB 3 373 264 0.309815
coreB 4 358 207 0.312405
coreB 5 354 182 0.309187
coreB 6 335 158 0.305894
coreB 7 323 142 0.30379
coreB 8 308 132 0.302906
coreB 9 303 121 0.298523
coreB 10 289 114 0.29955
coreB 11 276 107 0.296228
coreB 12 291 98 0.299052
coreB 13 261 92 0.295069
coreB 14 275 87 0.295195
coreB 15 266 85 0.294921
coreB 16 249 81 0.291085
coreB 17 258 78 0.289031
coreB 18 259 74 0.290789
coreB 19 220 70 0.289193
coreB 20 227 67 0.289164
coreB 21 223 65 0.287042
coreB 22 227 62 0.29105
coreB 23 219 60 0.286338
coreB 24 228 59 0.287488
coreB 25 208 57 0.288084
coreB 26 200 55 0.288801
coreB 27 185 53 0.286323
coreB 28 175 52 0.283683
coreB 29 173 51 0.283324
coreB 30 180 49 0.284703
coreB 31 178 48 0.281996
coreB 32 175 47 0.281803
coreB 33 173 46 0.281732
coreB 34 170 45 0.2806
coreB 35 163 44 0.280878
coreB 36 157 43 0.282314
coreB 37 147 42 0.279397
coreB 38 152 41 0.280794
coreB 39 156 40 0.280337
total 23.9901
coreA 1 340 3675 0.321483
coreA 2 337 3477 0.322925
coreA 3 335 3286 0.320823
coreA 4 331 3110 0.320082
coreA 5 322 2949 0.315822
coreA 6 334 2825 0.316903
coreA 7 318 2688 0.316267
coreA 8 313 2577 0.313003
coreA 9 310 2455 0.313198
coreA 10 312 2343 0.311204
coreA 11 315 2258 0.310496
coreA 12 310 2168 0.31211
coreA 13 305 2096 0.311483
coreA 14 298 2009 0.319362
coreA 15 302 1936 0.319393
coreA 16 293 1865 0.32528
coreA 17 301 1805 0.316022
coreA 18 286 1740 0.314988
coreA 19 294 1680 0.317448
coreA 20 290 1627 0.313296
coreA 21 272 1574 0.312643
coreA 22 277 1528 0.31217
coreA 23 276 1480 0.310223
coreA 24 270 1438 0.308685
coreA 25 269 1397 0.310531
coreA 26 271 1355 0.309306
coreA 27 268 1303 0.309859
coreA 28 265 1270 0.312102
coreA 29 263 1237 0.307159
coreA 30 261 1203 0.306932
coreA 31 258 1177 0.306259
coreA 32 252 1146 0.305932
coreA 33 248 1117 0.305931
coreA 34 260 1086 0.305317
coreA 35 253 1054 0.305459
coreA 36 249 1033 0.303767
coreA 37 244 1000 0.302973
coreA 38 239 966 0.304973
coreA 39 239 938 0.305084
coreB 1 288 884 0.343609
coreB 2 378 373 0.32299
coreB 3 373 264 0.312155
coreB 4 358 207 0.313222
coreB 5 354 182 0.309692
coreB 6 335 158 0.307309
coreB 7 323 142 0.3047
coreB 8 308 132 0.304782
coreB 9 303 121 0.298066
coreB 10 289 114 0.304392
coreB 11 276 107 0.29477
coreB 12 291 98 0.296729
coreB 13 261 92 0.29215
coreB 14 275 87 0.291592
coreB 15 266 85 0.292297
coreB 16 249 81 0.291338
coreB 17 258 78 0.289244
coreB 18 259 74 0.29081
coreB 19 220 70 0.288727
coreB 20 227 67 0.288643
coreB 21 223 65 0.287676
coreB 22 227 62 0.28709
coreB 23 219 60 0.28642
coreB 24 228 59 0.287319
coreB 25 208 57 0.285078
coreB 26 200 55 0.285898
coreB 27 185 53 0.284392
coreB 28 175 52 0.282798
coreB 29 173 51 0.284887
coreB 30 180 49 0.282918
coreB 31 178 48 0.282852
coreB 32 175 47 0.282947
coreB 33 173 46 0.282634
coreB 34 170 45 0.283766
coreB 35 163 44 0.283923
coreB 36 157 43 0.281795
coreB 37 147 42 0.280616
coreB 38 152 41 0.281667
coreB 39 156 40 0.280972
total 23.9627
coreA 1 340 3675 0.324602
coreA 2 337 3477 0.322928
coreA 3 335 3286 0.323236
coreA 4 331 3110 0.320544
coreA 5 322 2949 0.325513
coreA 6 334 2825 0.31664
coreA 7 318 2688 0.314376
coreA 8 313 2577 0.313081
coreA 9 310 2455 0.311887
coreA 10 312 2343 0.312494
coreA 11 315 2258 0.310598
coreA 12 310 2168 0.3104
coreA 13 305 2096 0.309027
coreA 14 298 2009 0.317583
coreA 15 302 1936 0.317142
coreA 16 293 1865 0.321369
coreA 17 301 1805 0.320051
coreA 18 286 1740 0.322644
coreA 19 294 1680 0.321864
coreA 20 290 1627 0.319179
coreA 21 272 1574 0.318176
coreA 22 277 1528 0.317952
coreA 23 276 1480 0.317479
coreA 24 270 1438 0.314841
coreA 25 269 1397 0.315956
coreA 26 271 1355 0.312514
coreA 27 268 1303 0.311547
coreA 28 265 1270 0.308784
coreA 29 263 1237 0.308308
coreA 30 261 1203 0.306949
coreA 31 258 1177 0.309245
coreA 32 252 1146 0.305612
coreA 33 248 1117 0.30705
coreA 34 260 1086 0.308779
coreA 35 253 1054 0.308343
coreA 36 249 1033 0.306395
coreA 37 244 1000 0.30517
coreA 38 239 966 0.308426
coreA 39 239 938 0.303645
coreB 1 288 884 0.345338
coreB 2 378 373 0.321845
coreB 3 373 264 0.311627
coreB 4 358 207 0.3116
coreB 5 354 182 0.309124
coreB 6 335 158 0.305457
coreB 7 323 142 0.302402
coreB 8 308 132 0.303763
coreB 9 303 121 0.300105
coreB 10 289 114 0.301933
coreB 11 276 107 0.296138
coreB 12 291 98 0.295413
coreB 13 261 92 0.294189
coreB 14 275 87 0.293123
coreB 15 266 85 0.291871
coreB 16 249 81 0.292
coreB 17 258 78 0.290407
coreB 18 259 74 0.290355
coreB 19 220 70 0.289923
coreB 20 227 67 0.290355
coreB 21 223 65 0.287658
coreB 22 227 62 0.287482
coreB 23 219 60 0.28641
coreB 24 228 59 0.286812
coreB 25 208 57 0.286343
coreB 26 200 55 0.286653
coreB 27 185 53 0.28682
coreB 28 175 52 0.285018
coreB 29 173 51 0.284943
coreB 30 180 49 0.284351
coreB 31 178 48 0.282713
coreB 32 175 47 0.28303
coreB 33 173 46 0.283611
coreB 34 170 45 0.285357
coreB 35 163 44 0.284115
coreB 36 157 43 0.283107
coreB 37 147 42 0.280998
coreB 38 152 41 0.280668
coreB 39 156 40 0.282633
total 24.0496
coreA 1 340 3675 0.324109
coreA 2 337 3477 0.322563
coreA 3 335 3286 0.323941
coreA 4 331 3110 0.320446
coreA 5 322 2949 0.319239
coreA 6 334 2825 0.31791
coreA 7 318 2688 0.314931
coreA 8 313 2577 0.314315
coreA 9 310 2455 0.313339
coreA 10 312 2343 0.312575
coreA 11 315 2258 0.313442
coreA 12 310 2168 0.31201
coreA 13 305 2096 0.312261
coreA 14 298 2009 0.318719
coreA 15 302 1936 0.319299
coreA 16 293 1865 0.318647
coreA 17 301 1805 0.317372
coreA 18 286 1740 0.317294
coreA 19 294 1680 0.318185
coreA 20 290 1627 0.314584
coreA 21 272 1574 0.315188
coreA 22 277 1528 0.31276
coreA 23 276 1480 0.31521
coreA 24 270 1438 0.315844
coreA 25 269 1397 0.311199
coreA 26 271 1355 0.311364
coreA 27 268 1303 0.310001
coreA 28 265 1270 0.310673
coreA 29 263 1237 0.313252
coreA 30 261 1203 0.309015
coreA 31 258 1177 0.310623
coreA 32 252 1146 0.309964
coreA 33 248 1117 0.306231
coreA 34 260 1086 0.30832
coreA 35 253 1054 0.306843
coreA 36 249 1033 0.306587
coreA 37 244 1000 0.308063
coreA 38 239 966 0.304571
coreA 39 239 938 0.306082
coreB 1 288 884 0.34753
coreB 2 378 373 0.322952
coreB 3 373 264 0.311928
coreB 4 358 207 0.311431
coreB 5 354 182 0.310489
coreB 6 335 158 0.309995
coreB 7 323 142 0.30424
coreB 8 308 132 0.302193
coreB 9 303 121 0.297655
coreB 10 289 114 0.296832
coreB 11 276 107 0.295152
coreB 12 291 98 0.296684
coreB 13 261 92 0.292834
coreB 14 275 87 0.294982
coreB 15 266 85 0.29376
coreB 16 249 81 0.292576
coreB 17 258 78 0.29115
coreB 18 259 74 0.28988
coreB 19 220 70 0.29102
coreB 20 227 67 0.289531
coreB 21 223 65 0.286634
coreB 22 227 62 0.288599
coreB 23 219 60 0.289531
coreB 24 228 59 0.286271
coreB 25 208 57 0.288001
coreB 26 200 55 0.286311
coreB 27 185 53 0.285186
coreB 28 175 52 0.286581
coreB 29 173 51 0.287183
coreB 30 180 49 0.283629
coreB 31 178 48 0.286916
coreB 32 175 47 0.283918
coreB 33 173 46 0.281175
coreB 34 170 45 0.282772
coreB 35 163 44 0.285389
coreB 36 157 43 0.281063
coreB 37 147 42 0.280304
coreB 38 152 41 0.280499
coreB 39 156 40 0.280461
total 24.044
coreA 1 340 3675 0.335276
coreA 2 337 3477 0.365468
coreA 3 335 3286 0.355133
coreA 4 331 3110 0.323906
coreA 5 322 2949 0.320732
coreA 6 334 2825 0.322474
coreA 7 318 2688 0.320209
coreA 8 313 2577 0.317306
coreA 9 310 2455 0.317891
coreA 10 312 2343 0.317762
coreA 11 315 2258 0.316776
coreA 12 310 2168 0.319856
coreA 13 305 2096 0.315552
coreA 14 298 2009 0.323124
coreA 15 302 1936 0.3288
coreA 16 293 1865 0.322184
coreA 17 301 1805 0.319836
coreA 18 286 1740 0.319616
coreA 19 294 1680 0.319722
coreA 20 290 1627 0.317637
coreA 21 272 1574 0.315918
coreA 22 277 1528 0.315571
coreA 23 276 1480 0.315543
coreA 24 270 1438 0.314682
coreA 25 269 1397 0.312289
coreA 26 271 1355 0.313575
coreA 27 268 1303 0.312146
coreA 28 265 1270 0.30994
coreA 29 263 1237 0.311384
coreA 30 261 1203 0.311821
coreA 31 258 1177 0.310606
coreA 32 252 1146 0.311639
coreA 33 248 1117 0.313738
coreA 34 260 1086 0.307309
coreA 35 253 1054 0.306833
coreA 36 249 1033 0.311671
coreA 37 244 1000 0.308169
coreA 38 239 966 0.306062
coreA 39 239 938 0.308179
coreB 1 288 884 0.349369
coreB 2 378 373 0.323413
coreB 3 373 264 0.315675
coreB 4 358 207 0.315603
coreB 5 354 182 0.308304
coreB 6 335 158 0.30681
coreB 7 323 142 0.304868
coreB 8 308 132 0.300319
coreB 9 303 121 0.299549
coreB 10 289 114 0.2995
coreB 11 276 107 0.297866
coreB 12 291 98 0.296195
coreB 13 261 92 0.296176
coreB 14 275 87 0.296935
coreB 15 266 85 0.300857
coreB 16 249 81 0.295538
coreB 17 258 78 0.291607
coreB 18 259 74 0.289914
coreB 19 220 70 0.289833
coreB 20 227 67 0.29103
coreB 21 223 65 0.289851
coreB 22 227 62 0.290857
coreB 23 219 60 0.287792
coreB 24 228 59 0.286569
coreB 25 208 57 0.285772
coreB 26 200 55 0.287967
coreB 27 185 53 0.288301
coreB 28 175 52 0.288855
coreB 29 173 51 0.289139
coreB 30 180 49 0.288102
coreB 31 178 48 0.28495
coreB 32 175 47 0.282942
coreB 33 173 46 0.285129
coreB 34 170 45 0.283833
coreB 35 163 44 0.284222
coreB 36 157 43 0.281421
coreB 37 147 42 0.281633
coreB 38 152 41 0.282281
coreB 39 156 40 0.282534
total 24.2873
coreA 1 340 3675 0.326412
coreA 2 337 3477 0.322039
coreA 3 335 3286 0.3227
coreA 4 331 3110 0.3245
coreA 5 322 2949 0.317419
coreA 6 334 2825 0.316819
coreA 7 318 2688 0.317162
coreA 8 313 2577 0.315353
coreA 9 310 2455 0.315213
coreA 10 312 2343 0.315384
coreA 11 315 2258 0.313756
coreA 12 310 2168 0.310842
coreA 13 305 2096 0.311504
coreA 14 298 2009 0.317921
coreA 15 302 1936 0.317369
coreA 16 293 1865 0.323569
coreA 17 301 1805 0.318887
coreA 18 286 1740 0.316009
coreA 19 294 1680 0.319416
coreA 20 290 1627 0.317135
coreA 21 272 1574 0.318672
coreA 22 277 1528 0.313763
coreA 23 276 1480 0.313231
coreA 24 270 1438 0.310291
coreA 25 269 1397 0.312098
coreA 26 271 1355 0.311729
coreA 27 268 1303 0.309448
coreA 28 265 1270 0.309365
coreA 29 263 1237 0.309863
coreA 30 261 1203 0.3086
coreA 31 258 1177 0.309025
coreA 32 252 1146 0.308406
coreA 33 248 1117 0.308237
coreA 34 260 1086 0.306224
coreA 35 253 1054 0.307825
coreA 36 249 1033 0.307289
coreA 37 244 1000 0.305381
coreA 38 239 966 0.306059
coreA 39 239 938 0.305473
coreB 1 288 884 0.350424
coreB 2 378 373 0.323106
coreB 3 373 264 0.311322
coreB 4 358 207 0.312814
coreB 5 354 182 0.309335
coreB 6 335 158 0.306441
coreB 7 323 142 0.305175
coreB 8 308 132 0.300994
coreB 9 303 121 0.301411
coreB 10 289 114 0.299161
coreB 11 276 107 0.296812
coreB 12 291 98 0.296766
coreB 13 261 92 0.29574
coreB 14 275 87 0.295737
coreB 15 266 85 0.29444
coreB 16 249 81 0.293318
coreB 17 258 78 0.293315
coreB 18 259 74 0.290488
coreB 19 220 70 0.290133
coreB 20 227 67 0.29381
coreB 21 223 65 0.286968
coreB 22 227 62 0.287171
coreB 23 219 60 0.288728
coreB 24 228 59 0.289134
coreB 25 208 57 0.28424
coreB 26 200 55 0.2869
coreB 27 185 53 0.284622
coreB 28 175 52 0.28264
coreB 29 173 51 0.285624
coreB 30 180 49 0.284461
coreB 31 178 48 0.283531
coreB 32 175 47 0.283637
coreB 33 173 46 0.283862
coreB 34 170 45 0.283929
coreB 35 163 44 0.283145
coreB 36 157 43 0.281848
coreB 37 147 42 0.281873
coreB 38 152 41 0.283974
coreB 39 156 40 0.281351
total 24.0627
coreA 1 340 3675 0.322861
coreA 2 337 3477 0.323427
coreA 3 335 3286 0.322463
coreA 4 331 3110 0.320191
coreA 5 322 2949 0.31762
coreA 6 334 2825 0.319223
coreA 7 318 2688 0.315722
coreA 8 313 2577 0.314455
coreA 9 310 2455 0.313955
coreA 10 312 2343 0.321039
coreA 11 315 2258 0.31311
coreA 12 310 2168 0.317113
coreA 13 305 2096 0.316992
coreA 14 298 2009 0.318425
coreA 15 302 1936 0.316346
coreA 16 293 1865 0.316409
coreA 17 301 1805 0.315507
coreA 18 286 1740 0.315065
coreA 19 294 1680 0.315476
coreA 20 290 1627 0.314413
coreA 21 272 1574 0.316717
coreA 22 277 1528 0.313275
coreA 23 276 1480 0.313568
coreA 24 270 1438 0.31496
coreA 25 269 1397 0.312107
coreA 26 271 1355 0.311857
coreA 27 268 1303 0.309152
coreA 28 265 1270 0.310643
coreA 29 263 1237 0.309719
coreA 30 261 1203 0.30741
coreA 31 258 1177 0.307957
coreA 32 252 1146 0.307373
coreA 33 248 1117 0.306075
coreA 34 260 1086 0.30592
coreA 35 253 1054 0.305727
coreA 36 249 1033 0.30293
coreA 37 244 1000 0.30178
coreA 38 239 966 0.30431
coreA 39 239 938 0.306489
coreB 1 288 884 0.344402
coreB 2 378 373 0.325102
coreB 3 373 264 0.314847
coreB 4 358 207 0.313956
coreB 5 354 182 0.311531
coreB 6 335 158 0.30669
coreB 7 323 142 0.30272
coreB 8 308 132 0.301613
coreB 9 303 121 0.301947
coreB 10 289 114 0.299492
coreB 11 276 107 0.296871
coreB 12 291 98 0.295759
coreB 13 261 92 0.2952
coreB 14 275 87 0.295898
coreB 15 266 85 0.293007
coreB 16 249 81 0.294886
coreB 17 258 78 0.2923
coreB 18 259 74 0.289479
coreB 19 220 70 0.290054
coreB 20 227 67 0.290761
coreB 21 223 65 0.287601
coreB 22 227 62 0.289488
coreB 23 219 60 0.28908
coreB 24 228 59 0.286016
coreB 25 208 57 0.285383
coreB 26 200 55 0.287683
coreB 27 185 53 0.285457
coreB 28 175 52 0.285607
coreB 29 173 51 0.285232
coreB 30 180 49 0.283661
coreB 31 178 48 0.28761
coreB 32 175 47 0.288621
coreB 33 173 46 0.290078
coreB 34 170 45 0.285942
coreB 35 163 44 0.282264
coreB 36 157 43 0.286951
coreB 37 147 42 0.283728
coreB 38 152 41 0.281884
coreB 39 156 40 0.287195
total 24.0702
coreA 1 340 3675 0.322409
coreA 2 337 3477 0.321818
coreA 3 335 3286 0.322219
coreA 4 331 3110 0.32484
coreA 5 322 2949 0.317841
coreA 6 334 2825 0.317405
coreA 7 318 2688 0.315576
coreA 8 313 2577 0.313263
coreA 9 310 2455 0.315889
coreA 10 312 2343 0.314045
coreA 11 315 2258 0.310969
coreA 12 310 2168 0.312561
coreA 13 305 2096 0.313752
coreA 14 298 2009 0.318043
coreA 15 302 1936 0.315743
coreA 16 293 1865 0.316602
coreA 17 301 1805 0.316967
coreA 18 286 1740 0.314614
coreA 19 294 1680 0.316438
coreA 20 290 1627 0.313746
coreA 21 272 1574 0.313238
coreA 22 277 1528 0.313413
coreA 23 276 1480 0.311641
coreA 24 270 1438 0.312359
coreA 25 269 1397 0.312442
coreA 26 271 1355 0.311756
coreA 27 268 1303 0.310809
coreA 28 265 1270 0.309848
coreA 29 263 1237 0.310417
coreA 30 261 1203 0.309962
coreA 31 258 1177 0.314099
coreA 32 252 1146 0.309956
coreA 33 248 1117 0.306819
coreA 34 260 1086 0.306957
coreA 35 253 1054 0.307453
coreA 36 249 1033 0.305445
coreA 37 244 1000 0.304229
coreA 38 239 966 0.30702
coreA 39 239 938 0.304089
coreB 1 288 884 0.344865
coreB 2 378 373 0.322892
coreB 3 373 264 0.315459
coreB 4 358 207 0.312868
coreB 5 354 182 0.309806
coreB 6 335 158 0.308401
coreB 7 323 142 0.304001
coreB 8 308 132 0.302288
coreB 9 303 121 0.299841
coreB 10 289 114 0.298674
coreB 11 276 107 0.296187
coreB 12 291 98 0.296865
coreB 13 261 92 0.293383
coreB 14 275 87 0.294023
coreB 15 266 85 0.294105
coreB 16 249 81 0.293086
coreB 17 258 78 0.291529
coreB 18 259 74 0.293245
coreB 19 220 70 0.291485
coreB 20 227 67 0.292724
coreB 21 223 65 0.288844
coreB 22 227 62 0.289062
coreB 23 219 60 0.29025
coreB 24 228 59 0.286953
coreB 25 208 57 0.287735
coreB 26 200 55 0.288552
coreB 27 185 53 0.285462
coreB 28 175 52 0.285014
coreB 29 173 51 0.287306
coreB 30 180 49 0.284735
coreB 31 178 48 0.284384
coreB 32 175 47 0.283992
coreB 33 173 46 0.28382
coreB 34 170 45 0.285734
coreB 35 163 44 0.281855
coreB 36 157 43 0.282915
coreB 37 147 42 0.284631
coreB 38 152 41 0.282492
coreB 39 156 40 0.281587
total 24.0542
coreA 1 340 3675 0.322976
coreA 2 337 3477 0.324656
coreA 3 335 3286 0.324217
coreA 4 331 3110 0.322905
coreA 5 322 2949 0.319434
coreA 6 334 2825 0.319427
coreA 7 318 2688 0.317676
coreA 8 313 2577 0.314407
coreA 9 310 2455 0.315941
coreA 10 312 2343 0.314866
coreA 11 315 2258 0.312061
coreA 12 310 2168 0.315454
coreA 13 305 2096 0.315587
coreA 14 298 2009 0.318807
coreA 15 302 1936 0.320135
coreA 16 293 1865 0.319584
coreA 17 301 1805 0.3176
coreA 18 286 1740 0.317305
coreA 19 294 1680 0.319902
coreA 20 290 1627 0.317312
coreA 21 272 1574 0.314602
coreA 22 277 1528 0.317044
coreA 23 276 1480 0.316424
coreA 24 270 1438 0.312993
coreA 25 269 1397 0.312506
coreA 26 271 1355 0.310776
coreA 27 268 1303 0.311869
coreA 28 265 1270 0.312163
coreA 29 263 1237 0.31091
coreA 30 261 1203 0.311447
coreA 31 258 1177 0.310307
coreA 32 252 1146 0.313818
coreA 33 248 1117 0.307271
coreA 34 260 1086 0.308494
coreA 35 253 1054 0.309955
coreA 36 249 1033 0.305535
coreA 37 244 1000 0.306731
coreA 38 239 966 0.308996
coreA 39 239 938 0.305764
coreB 1 288 884 0.347055
coreB 2 378 373 0.325118
coreB 3 373 264 0.312629
coreB 4 358 207 0.313193
coreB 5 354 182 0.312348
coreB 6 335 158 0.309371
coreB 7 323 142 0.305684
coreB 8 308 132 0.303897
coreB 9 303 121 0.301862
coreB 10 289 114 0.300446
coreB 11 276 107 0.297507
coreB 12 291 98 0.299667
coreB 13 261 92 0.297201
coreB 14 275 87 0.300191
coreB 15 266 85 0.305274
coreB 16 249 81 0.297331
coreB 17 258 78 0.29122
coreB 18 259 74 0.291725
coreB 19 220 70 0.289214
coreB 20 227 67 0.291815
coreB 21 223 65 0.288724
coreB 22 227 62 0.290113
coreB 23 219 60 0.291024
coreB 24 228 59 0.287088
coreB 25 208 57 0.28575
coreB 26 200 55 0.288406
coreB 27 185 53 0.287238
coreB 28 175 52 0.285551
coreB 29 173 51 0.287094
coreB 30 180 49 0.286692
coreB 31 178 48 0.284946
coreB 32 175 47 0.285704
coreB 33 173 46 0.283777
coreB 34 170 45 0.283339
coreB 35 163 44 0.284867
coreB 36 157 43 0.283573
coreB 37 147 42 0.286474
coreB 38 152 41 0.289273
coreB 39 156 40 0.283481
total 24.17
