coreA 1 340 3675 0.157022
coreA 2 337 3477 1.00312
coreA 3 335 3286 0.346494
coreA 4 331 3110 0.344096
coreA 5 322 2949 0.339391
coreA 6 334 2825 0.337251
coreA 7 318 2688 0.338597
coreA 8 313 2577 0.706788
coreA 9 310 2455 0.338083
coreA 10 312 2343 0.335071
coreA 11 315 2258 0.332051
coreA 12 310 2168 0.335838
coreA 13 305 2096 0.333629
coreA 14 298 2009 0.332404
coreA 15 302 1936 1.0135
coreA 16 293 1865 0.332342
coreA 17 301 1805 0.331352
coreA 18 286 1740 1.42347
coreA 19 294 1680 0.331932
coreA 20 290 1627 0.328417
coreA 21 272 1574 0.331701
coreA 22 277 1528 0.33542
coreA 23 276 1480 0.334715
coreA 24 270 1438 0.33384
coreA 25 269 1397 0.352963
coreA 26 271 1355 0.342887
coreA 27 268 1303 0.237161
coreA 28 265 1270 0.352796
coreA 29 263 1237 0.338767
coreA 30 261 1203 0.207246
coreA 31 258 1177 0.344015
coreA 32 252 1146 0.364761
coreA 33 248 1117 0.334519
coreA 34 260 1086 0.33226
coreA 35 253 1054 0.330201
coreA 36 249 1033 0.332691
coreA 37 244 1000 0.330793
coreA 38 239 966 0.346794
coreA 39 239 938 0.34737
coreB 1 288 884 0.190627
coreB 2 378 373 0.335623
coreB 3 373 264 0.321085
coreB 4 358 207 0.350754
coreB 5 354 182 0.353159
coreB 6 335 158 0.332818
coreB 7 323 142 0.309205
coreB 8 308 132 0.242776
coreB 9 303 121 0.31335
coreB 10 289 114 0.336459
coreB 11 276 107 0.765835
coreB 12 291 98 0.324175
coreB 13 261 92 1.0058
coreB 14 275 87 0.311415
coreB 15 266 85 0.336802
coreB 16 249 81 0.68915
coreB 17 258 78 0.322165
coreB 18 259 74 0.313705
coreB 19 220 70 0.309064
coreB 20 227 67 0.333487
coreB 21 223 65 0.331091
coreB 22 227 62 0.226111
coreB 23 219 60 0.307183
coreB 24 228 59 0.331546
coreB 25 208 57 0.573503
coreB 26 200 55 0.307732
coreB 27 185 53 0.227615
coreB 28 175 52 0.308996
coreB 29 173 51 0.303553
coreB 30 180 49 0.320865
coreB 31 178 48 0.303119
coreB 32 175 47 0.220953
coreB 33 173 46 0.301614
coreB 34 170 45 0.320278
coreB 35 163 44 0.311913
coreB 36 157 43 0.234678
coreB 37 147 42 0.316024
coreB 38 152 41 0.646501
coreB 39 156 40 0.317222
total 2.02357
coreA 1 340 3675 0.160009
coreA 2 337 3477 0.352954
coreA 3 335 3286 0.352947
coreA 4 331 3110 0.348645
coreA 5 322 2949 0.348374
coreA 6 334 2825 0.341553
coreA 7 318 2688 0.346508
coreA 8 313 2577 0.531171
coreA 9 310 2455 0.337605
coreA 10 312 2343 0.330649
coreA 11 315 2258 0.328154
coreA 12 310 2168 0.337045
coreA 13 305 2096 0.330064
coreA 14 298 2009 0.332528
coreA 15 302 1936 0.327624
coreA 16 293 1865 0.32925
coreA 17 301 1805 0.32866
coreA 18 286 1740 0.527964
coreA 19 294 1680 0.329843
coreA 20 290 1627 0.618647
coreA 21 272 1574 0.327852
coreA 22 277 1528 0.332476
coreA 23 276 1480 0.335116
coreA 24 270 1438 0.33302
coreA 25 269 1397 0.332359
coreA 26 271 1355 0.331757
coreA 27 268 1303 0.322837
coreA 28 265 1270 0.333701
coreA 29 263 1237 0.33328
coreA 30 261 1203 0.329134
coreA 31 258 1177 0.332066
coreA 32 252 1146 0.504236
coreA 33 248 1117 0.330226
coreA 34 260 1086 0.330159
coreA 35 253 1054 0.347179
coreA 36 249 1033 0.16514
coreA 37 244 1000 0.33031
coreA 38 239 966 0.156913
coreA 39 239 938 0.329163
coreB 1 288 884 1.1269
coreB 2 378 373 0.348059
coreB 3 373 264 0.33147
coreB 4 358 207 0.360477
coreB 5 354 182 0.447669
coreB 6 335 158 0.310243
coreB 7 323 142 0.605112
coreB 8 308 132 0.305476
coreB 9 303 121 0.309097
coreB 10 289 114 0.321586
coreB 11 276 107 0.309341
coreB 12 291 98 0.306738
coreB 13 261 92 0.304726
coreB 14 275 87 0.30573
coreB 15 266 85 0.298802
coreB 16 249 81 0.295039
coreB 17 258 78 0.293844
coreB 18 259 74 0.456125
coreB 19 220 70 0.30473
coreB 20 227 67 0.303435
coreB 21 223 65 0.585619
coreB 22 227 62 0.284453
coreB 23 219 60 0.301827
coreB 24 228 59 0.300328
coreB 25 208 57 1.01275
coreB 26 200 55 0.301868
coreB 27 185 53 0.732313
coreB 28 175 52 0.993234
coreB 29 173 51 0.29993
coreB 30 180 49 0.586444
coreB 31 178 48 0.301736
coreB 32 175 47 0.30215
coreB 33 173 46 0.301285
coreB 34 170 45 0.278727
coreB 35 163 44 0.266085
coreB 36 157 43 0.255416
coreB 37 147 42 0.298193
coreB 38 152 41 0.572986
coreB 39 156 40 0.424686
total 2.23486
coreA 1 340 3675 0.162779
coreA 2 337 3477 0.355638
coreA 3 335 3286 0.973903
coreA 4 331 3110 2.12281
coreA 5 322 2949 0.338711
coreA 6 334 2825 0.335087
coreA 7 318 2688 0.336646
coreA 8 313 2577 0.334649
coreA 9 310 2455 0.340629
coreA 10 312 2343 0.636994
coreA 11 315 2258 1.78391
coreA 12 310 2168 0.515433
coreA 13 305 2096 0.632418
coreA 14 298 2009 0.333977
coreA 15 302 1936 0.31721
coreA 16 293 1865 0.630005
coreA 17 301 1805 0.332498
coreA 18 286 1740 0.496231
coreA 19 294 1680 0.329372
coreA 20 290 1627 0.292407
coreA 21 272 1574 0.33008
coreA 22 277 1528 0.479239
coreA 23 276 1480 0.347278
coreA 24 270 1438 0.291213
coreA 25 269 1397 0.293979
coreA 26 271 1355 0.296078
coreA 27 268 1303 0.285271
coreA 28 265 1270 0.287487
coreA 29 263 1237 0.335285
coreA 30 261 1203 0.467765
coreA 31 258 1177 0.333284
coreA 32 252 1146 0.612101
coreA 33 248 1117 0.332001
coreA 34 260 1086 0.463096
coreA 35 253 1054 0.280675
coreA 36 249 1033 0.455176
coreA 37 244 1000 0.277156
coreA 38 239 966 0.276785
coreA 39 239 938 0.276273
coreB 1 288 884 1.14904
coreB 2 378 373 0.352575
coreB 3 373 264 0.316686
coreB 4 358 207 0.325926
coreB 5 354 182 0.315541
coreB 6 335 158 0.507194
coreB 7 323 142 0.300171
coreB 8 308 132 0.299773
coreB 9 303 121 0.316375
coreB 10 289 114 0.292985
coreB 11 276 107 0.492291
coreB 12 291 98 0.507663
coreB 13 261 92 0.288549
coreB 14 275 87 0.308753
coreB 15 266 85 0.61865
coreB 16 249 81 0.475403
coreB 17 258 78 0.305471
coreB 18 259 74 0.720177
coreB 19 220 70 0.304516
coreB 20 227 67 0.30445
coreB 21 223 65 0.303252
coreB 22 227 62 0.302525
coreB 23 219 60 0.303031
coreB 24 228 59 0.269572
coreB 25 208 57 0.303145
coreB 26 200 55 0.303415
coreB 27 185 53 0.464968
coreB 28 175 52 0.260306
coreB 29 173 51 0.301841
coreB 30 180 49 0.26342
coreB 31 178 48 0.302654
coreB 32 175 47 0.302673
coreB 33 173 46 0.301707
coreB 34 170 45 0.481115
coreB 35 163 44 0.252503
coreB 36 157 43 0.264319
coreB 37 147 42 0.305422
coreB 38 152 41 0.48712
coreB 39 156 40 0.48412
total 2.37949
coreA 1 340 3675 0.161283
coreA 2 337 3477 0.360151
coreA 3 335 3286 0.658509
coreA 4 331 3110 0.640911
coreA 5 322 2949 0.359063
coreA 6 334 2825 0.337644
coreA 7 318 2688 0.361037
coreA 8 313 2577 0.356547
coreA 9 310 2455 0.33619
coreA 10 312 2343 0.52857
coreA 11 315 2258 0.693513
coreA 12 310 2168 0.935272
coreA 13 305 2096 0.689186
coreA 14 298 2009 0.329629
coreA 15 302 1936 0.331232
coreA 16 293 1865 0.327162
coreA 17 301 1805 0.328236
coreA 18 286 1740 0.328767
coreA 19 294 1680 0.328033
coreA 20 290 1627 1.46805
coreA 21 272 1574 0.495656
coreA 22 277 1528 0.319947
coreA 23 276 1480 0.336214
coreA 24 270 1438 0.310413
coreA 25 269 1397 0.302939
coreA 26 271 1355 0.304772
coreA 27 268 1303 0.295572
coreA 28 265 1270 0.298878
coreA 29 263 1237 0.30789
coreA 30 261 1203 0.301628
coreA 31 258 1177 0.60224
coreA 32 252 1146 0.596682
coreA 33 248 1117 0.329058
coreA 34 260 1086 0.305428
coreA 35 253 1054 0.464263
coreA 36 249 1033 0.46304
coreA 37 244 1000 0.331703
coreA 38 239 966 0.471525
coreA 39 239 938 0.329394
coreB 1 288 884 1.16824
coreB 2 378 373 0.33914
coreB 3 373 264 0.344688
coreB 4 358 207 0.473161
coreB 5 354 182 0.471879
coreB 6 335 158 0.311461
coreB 7 323 142 0.300663
coreB 8 308 132 0.312694
coreB 9 303 121 0.315474
coreB 10 289 114 0.312323
coreB 11 276 107 0.471137
coreB 12 291 98 0.308151
coreB 13 261 92 0.60758
coreB 14 275 87 0.307291
coreB 15 266 85 0.307765
coreB 16 249 81 0.62108
coreB 17 258 78 0.305527
coreB 18 259 74 0.582896
coreB 19 220 70 0.302305
coreB 20 227 67 0.438161
coreB 21 223 65 0.30151
coreB 22 227 62 0.582047
coreB 23 219 60 0.302677
coreB 24 228 59 0.592454
coreB 25 208 57 0.300762
coreB 26 200 55 0.303471
coreB 27 185 53 0.274248
coreB 28 175 52 0.30047
coreB 29 173 51 0.733366
coreB 30 180 49 0.302331
coreB 31 178 48 0.300465
coreB 32 175 47 0.300381
coreB 33 173 46 0.300498
coreB 34 170 45 0.282732
coreB 35 163 44 0.430997
coreB 36 157 43 0.254662
coreB 37 147 42 0.251434
coreB 38 152 41 0.254964
coreB 39 156 40 0.249683
total 2.16814
coreA 1 340 3675 0.163394
coreA 2 337 3477 0.350558
coreA 3 335 3286 0.345493
coreA 4 331 3110 0.338518
coreA 5 322 2949 0.341043
coreA 6 334 2825 0.334767
coreA 7 318 2688 0.498362
coreA 8 313 2577 0.338392
coreA 9 310 2455 0.332585
coreA 10 312 2343 0.335516
coreA 11 315 2258 0.161739
coreA 12 310 2168 0.336169
coreA 13 305 2096 0.338186
coreA 14 298 2009 0.329221
coreA 15 302 1936 0.330063
coreA 16 293 1865 0.334217
coreA 17 301 1805 0.504901
coreA 18 286 1740 0.496002
coreA 19 294 1680 0.329206
coreA 20 290 1627 0.330837
coreA 21 272 1574 0.49822
coreA 22 277 1528 0.33544
coreA 23 276 1480 0.336398
coreA 24 270 1438 0.335207
coreA 25 269 1397 1.03759
coreA 26 271 1355 0.333017
coreA 27 268 1303 0.320142
coreA 28 265 1270 0.344303
coreA 29 263 1237 0.331344
coreA 30 261 1203 0.331128
coreA 31 258 1177 0.331039
coreA 32 252 1146 0.327673
coreA 33 248 1117 0.329655
coreA 34 260 1086 0.327619
coreA 35 253 1054 0.329272
coreA 36 249 1033 0.601077
coreA 37 244 1000 0.328136
coreA 38 239 966 0.329296
coreA 39 239 938 0.337184
coreB 1 288 884 1.21586
coreB 2 378 373 0.332843
coreB 3 373 264 0.341793
coreB 4 358 207 0.319287
coreB 5 354 182 0.310548
coreB 6 335 158 0.307646
coreB 7 323 142 0.313348
coreB 8 308 132 0.304114
coreB 9 303 121 0.309875
coreB 10 289 114 0.47028
coreB 11 276 107 0.306372
coreB 12 291 98 0.307004
coreB 13 261 92 0.30607
coreB 14 275 87 0.305461
coreB 15 266 85 0.43891
coreB 16 249 81 0.321005
coreB 17 258 78 0.302978
coreB 18 259 74 0.305226
coreB 19 220 70 0.302058
coreB 20 227 67 0.305131
coreB 21 223 65 0.433024
coreB 22 227 62 0.300638
coreB 23 219 60 0.300192
coreB 24 228 59 0.303213
coreB 25 208 57 0.302894
coreB 26 200 55 0.301281
coreB 27 185 53 0.673554
coreB 28 175 52 0.298696
coreB 29 173 51 0.300071
coreB 30 180 49 0.30284
coreB 31 178 48 0.568255
coreB 32 175 47 0.560134
coreB 33 173 46 0.302088
coreB 34 170 45 0.309868
coreB 35 163 44 0.130414
coreB 36 157 43 0.131769
coreB 37 147 42 0.306236
coreB 38 152 41 0.311789
coreB 39 156 40 0.430811
total 2.28367
coreA 1 340 3675 0.159875
coreA 2 337 3477 1.07409
coreA 3 335 3286 0.342454
coreA 4 331 3110 0.340374
coreA 5 322 2949 1.50317
coreA 6 334 2825 1.84531
coreA 7 318 2688 1.50214
coreA 8 313 2577 0.338957
coreA 9 310 2455 0.33561
coreA 10 312 2343 1.49149
coreA 11 315 2258 0.335966
coreA 12 310 2168 0.334849
coreA 13 305 2096 0.698224
coreA 14 298 2009 0.332833
coreA 15 302 1936 0.33213
coreA 16 293 1865 0.330991
coreA 17 301 1805 0.331314
coreA 18 286 1740 1.32029
coreA 19 294 1680 0.329328
coreA 20 290 1627 1.33502
coreA 21 272 1574 0.32875
coreA 22 277 1528 0.316069
coreA 23 276 1480 0.337913
coreA 24 270 1438 1.46922
coreA 25 269 1397 0.325526
coreA 26 271 1355 1.46566
coreA 27 268 1303 0.722124
coreA 28 265 1270 0.671099
coreA 29 263 1237 1.46799
coreA 30 261 1203 0.335776
coreA 31 258 1177 0.30393
coreA 32 252 1146 1.28286
coreA 33 248 1117 0.330943
coreA 34 260 1086 0.330962
coreA 35 253 1054 0.359397
coreA 36 249 1033 0.353494
coreA 37 244 1000 0.32148
coreA 38 239 966 1.28454
coreA 39 239 938 0.344007
coreB 1 288 884 0.535994
coreB 2 378 373 0.336244
coreB 3 373 264 0.386049
coreB 4 358 207 0.357447
coreB 5 354 182 0.48419
coreB 6 335 158 0.310783
coreB 7 323 142 0.320435
coreB 8 308 132 0.299221
coreB 9 303 121 0.318165
coreB 10 289 114 0.323354
coreB 11 276 107 0.626671
coreB 12 291 98 0.32105
coreB 13 261 92 0.472583
coreB 14 275 87 0.313101
coreB 15 266 85 0.3377
coreB 16 249 81 0.475383
coreB 17 258 78 0.344996
coreB 18 259 74 0.488599
coreB 19 220 70 0.306679
coreB 20 227 67 0.316197
coreB 21 223 65 0.344578
coreB 22 227 62 0.482326
coreB 23 219 60 0.305759
coreB 24 228 59 0.319923
coreB 25 208 57 0.476179
coreB 26 200 55 0.251325
coreB 27 185 53 0.214484
coreB 28 175 52 0.230173
coreB 29 173 51 0.244697
coreB 30 180 49 0.220246
coreB 31 178 48 0.224293
coreB 32 175 47 0.208819
coreB 33 173 46 0.302252
coreB 34 170 45 0.309475
coreB 35 163 44 0.31619
coreB 36 157 43 0.477132
coreB 37 147 42 0.318901
coreB 38 152 41 0.474751
coreB 39 156 40 0.445707
total 2.11707
coreA 1 340 3675 0.163515
coreA 2 337 3477 0.353511
coreA 3 335 3286 0.8778
coreA 4 331 3110 0.342338
coreA 5 322 2949 0.357306
coreA 6 334 2825 0.33577
coreA 7 318 2688 0.348409
coreA 8 313 2577 0.336511
coreA 9 310 2455 0.334696
coreA 10 312 2343 0.340492
coreA 11 315 2258 0.673598
coreA 12 310 2168 1.9714
coreA 13 305 2096 0.336668
coreA 14 298 2009 0.335492
coreA 15 302 1936 0.332093
coreA 16 293 1865 0.332642
coreA 17 301 1805 0.33152
coreA 18 286 1740 0.328599
coreA 19 294 1680 0.331241
coreA 20 290 1627 0.326155
coreA 21 272 1574 0.473162
coreA 22 277 1528 0.162271
coreA 23 276 1480 0.335938
coreA 24 270 1438 0.336955
coreA 25 269 1397 1.62105
coreA 26 271 1355 0.338089
coreA 27 268 1303 0.33254
coreA 28 265 1270 0.150465
coreA 29 263 1237 0.334383
coreA 30 261 1203 0.330092
coreA 31 258 1177 0.491594
coreA 32 252 1146 1.29182
coreA 33 248 1117 0.331124
coreA 34 260 1086 0.328342
coreA 35 253 1054 0.327278
coreA 36 249 1033 0.146373
coreA 37 244 1000 0.330684
coreA 38 239 966 0.329326
coreA 39 239 938 0.328766
coreB 1 288 884 1.01419
coreB 2 378 373 0.336329
coreB 3 373 264 0.352082
coreB 4 358 207 0.345935
coreB 5 354 182 0.339274
coreB 6 335 158 0.316042
coreB 7 323 142 0.327059
coreB 8 308 132 0.304679
coreB 9 303 121 0.313867
coreB 10 289 114 0.310192
coreB 11 276 107 0.513229
coreB 12 291 98 0.904066
coreB 13 261 92 1.01417
coreB 14 275 87 0.307339
coreB 15 266 85 0.490014
coreB 16 249 81 0.305676
coreB 17 258 78 0.305201
coreB 18 259 74 0.599589
coreB 19 220 70 0.304
coreB 20 227 67 0.304031
coreB 21 223 65 0.302932
coreB 22 227 62 0.306813
coreB 23 219 60 0.302676
coreB 24 228 59 0.494549
coreB 25 208 57 0.301552
coreB 26 200 55 0.302398
coreB 27 185 53 0.298957
coreB 28 175 52 0.286339
coreB 29 173 51 0.302235
coreB 30 180 49 0.461162
coreB 31 178 48 0.294936
coreB 32 175 47 0.280794
coreB 33 173 46 0.307455
coreB 34 170 45 0.283156
coreB 35 163 44 0.296058
coreB 36 157 43 0.276712
coreB 37 147 42 0.301067
coreB 38 152 41 0.477934
coreB 39 156 40 0.276832
total 2.23105
coreA 1 340 3675 0.162597
coreA 2 337 3477 0.667881
coreA 3 335 3286 0.854469
coreA 4 331 3110 0.340198
coreA 5 322 2949 0.341869
coreA 6 334 2825 0.337066
coreA 7 318 2688 0.336489
coreA 8 313 2577 0.340899
coreA 9 310 2455 0.333878
coreA 10 312 2343 0.362315
coreA 11 315 2258 0.348423
coreA 12 310 2168 0.535009
coreA 13 305 2096 0.345421
coreA 14 298 2009 0.332451
coreA 15 302 1936 0.508393
coreA 16 293 1865 0.641511
coreA 17 301 1805 0.332971
coreA 18 286 1740 0.540598
coreA 19 294 1680 0.332677
coreA 20 290 1627 0.637777
coreA 21 272 1574 0.657664
coreA 22 277 1528 0.497454
coreA 23 276 1480 0.336469
coreA 24 270 1438 0.334913
coreA 25 269 1397 0.315977
coreA 26 271 1355 0.338322
coreA 27 268 1303 0.52762
coreA 28 265 1270 0.324
coreA 29 263 1237 0.337909
coreA 30 261 1203 0.315557
coreA 31 258 1177 0.333589
coreA 32 252 1146 0.318142
coreA 33 248 1117 0.34253
coreA 34 260 1086 0.319071
coreA 35 253 1054 0.320049
coreA 36 249 1033 0.310234
coreA 37 244 1000 0.304724
coreA 38 239 966 0.306471
coreA 39 239 938 0.506593
coreB 1 288 884 1.16037
coreB 2 378 373 0.646302
coreB 3 373 264 0.518548
coreB 4 358 207 0.317815
coreB 5 354 182 0.499511
coreB 6 335 158 0.311087
coreB 7 323 142 0.376534
coreB 8 308 132 0.612602
coreB 9 303 121 0.311897
coreB 10 289 114 0.491078
coreB 11 276 107 0.313005
coreB 12 291 98 0.309092
coreB 13 261 92 0.309574
coreB 14 275 87 0.310948
coreB 15 266 85 0.480936
coreB 16 249 81 0.322975
coreB 17 258 78 0.312598
coreB 18 259 74 0.475046
coreB 19 220 70 0.306141
coreB 20 227 67 0.305684
coreB 21 223 65 0.304734
coreB 22 227 62 0.314784
coreB 23 219 60 0.305065
coreB 24 228 59 0.717846
coreB 25 208 57 0.313706
coreB 26 200 55 0.304212
coreB 27 185 53 0.47228
coreB 28 175 52 0.301349
coreB 29 173 51 0.305117
coreB 30 180 49 0.300371
coreB 31 178 48 0.313309
coreB 32 175 47 0.30859
coreB 33 173 46 0.308106
coreB 34 170 45 0.30754
coreB 35 163 44 0.309492
coreB 36 157 43 0.290379
coreB 37 147 42 0.292807
coreB 38 152 41 0.285002
coreB 39 156 40 0.277397
total 2.27712
coreA 1 340 3675 0.158803
coreA 2 337 3477 0.350139
coreA 3 335 3286 0.367147
coreA 4 331 3110 0.336461
coreA 5 322 2949 0.342621
coreA 6 334 2825 0.705417
coreA 7 318 2688 0.336418
coreA 8 313 2577 0.336349
coreA 9 310 2455 0.333449
coreA 10 312 2343 0.333244
coreA 11 315 2258 0.328084
coreA 12 310 2168 1.34099
coreA 13 305 2096 1.13124
coreA 14 298 2009 0.330452
coreA 15 302 1936 1.20816
coreA 16 293 1865 0.333932
coreA 17 301 1805 0.331349
coreA 18 286 1740 1.0063
coreA 19 294 1680 0.329592
coreA 20 290 1627 0.326905
coreA 21 272 1574 0.333409
coreA 22 277 1528 0.880806
coreA 23 276 1480 0.334291
coreA 24 270 1438 0.334302
coreA 25 269 1397 0.333603
coreA 26 271 1355 0.331919
coreA 27 268 1303 0.330179
coreA 28 265 1270 1.00074
coreA 29 263 1237 0.330619
coreA 30 261 1203 0.327778
coreA 31 258 1177 0.329428
coreA 32 252 1146 1.01056
coreA 33 248 1117 0.331321
coreA 34 260 1086 0.330182
coreA 35 253 1054 0.329505
coreA 36 249 1033 0.328349
coreA 37 244 1000 0.327971
coreA 38 239 966 0.328101
coreA 39 239 938 1.32663
coreB 1 288 884 0.890553
coreB 2 378 373 0.338583
coreB 3 373 264 0.325603
coreB 4 358 207 0.31841
coreB 5 354 182 0.541592
coreB 6 335 158 0.840443
coreB 7 323 142 0.309207
coreB 8 308 132 0.672166
coreB 9 303 121 0.311226
coreB 10 289 114 0.310678
coreB 11 276 107 0.645243
coreB 12 291 98 0.652138
coreB 13 261 92 0.819701
coreB 14 275 87 0.30733
coreB 15 266 85 0.339024
coreB 16 249 81 0.30516
coreB 17 258 78 0.825814
coreB 18 259 74 0.307331
coreB 19 220 70 0.304241
coreB 20 227 67 0.509514
coreB 21 223 65 0.301901
coreB 22 227 62 0.512737
coreB 23 219 60 0.306281
coreB 24 228 59 0.512099
coreB 25 208 57 0.322433
coreB 26 200 55 0.313481
coreB 27 185 53 0.256849
coreB 28 175 52 0.330821
coreB 29 173 51 0.305447
coreB 30 180 49 0.31389
coreB 31 178 48 0.314009
coreB 32 175 47 0.27723
coreB 33 173 46 0.3019
coreB 34 170 45 0.3191
coreB 35 163 44 0.300699
coreB 36 157 43 0.349121
coreB 37 147 42 0.302393
coreB 38 152 41 0.31432
coreB 39 156 40 0.29739
total 2.03975
coreA 1 340 3675 0.163347
coreA 2 337 3477 0.357621
coreA 3 335 3286 0.359043
coreA 4 331 3110 0.52951
coreA 5 322 2949 0.330411
coreA 6 334 2825 0.335573
coreA 7 318 2688 0.512245
coreA 8 313 2577 0.335463
coreA 9 310 2455 0.339513
coreA 10 312 2343 0.510198
coreA 11 315 2258 0.670819
coreA 12 310 2168 0.332495
coreA 13 305 2096 0.287744
coreA 14 298 2009 0.330916
coreA 15 302 1936 0.496698
coreA 16 293 1865 0.330256
coreA 17 301 1805 0.328192
coreA 18 286 1740 0.618737
coreA 19 294 1680 0.327195
coreA 20 290 1627 0.660427
coreA 21 272 1574 0.32683
coreA 22 277 1528 0.489989
coreA 23 276 1480 0.3332
coreA 24 270 1438 0.481167
coreA 25 269 1397 0.608
coreA 26 271 1355 0.333421
coreA 27 268 1303 0.331812
coreA 28 265 1270 0.331187
coreA 29 263 1237 0.330948
coreA 30 261 1203 0.257076
coreA 31 258 1177 0.248216
coreA 32 252 1146 0.242789
coreA 33 248 1117 0.329686
coreA 34 260 1086 0.252682
coreA 35 253 1054 0.237552
coreA 36 249 1033 0.235731
coreA 37 244 1000 0.459881
coreA 38 239 966 0.455462
coreA 39 239 938 0.245979
coreB 1 288 884 1.16604
coreB 2 378 373 0.869319
coreB 3 373 264 0.41232
coreB 4 358 207 0.317147
coreB 5 354 182 0.545691
coreB 6 335 158 0.309626
coreB 7 323 142 0.347654
coreB 8 308 132 0.3454
coreB 9 303 121 0.312187
coreB 10 289 114 0.356657
coreB 11 276 107 0.341016
coreB 12 291 98 0.306297
coreB 13 261 92 0.51687
coreB 14 275 87 0.306871
coreB 15 266 85 0.331131
coreB 16 249 81 0.503985
coreB 17 258 78 0.303487
coreB 18 259 74 0.520135
coreB 19 220 70 0.302094
coreB 20 227 67 0.522283
coreB 21 223 65 0.302388
coreB 22 227 62 0.301563
coreB 23 219 60 0.30109
coreB 24 228 59 0.626251
coreB 25 208 57 0.30069
coreB 26 200 55 0.301762
coreB 27 185 53 0.494629
coreB 28 175 52 0.300924
coreB 29 173 51 0.301327
coreB 30 180 49 0.299384
coreB 31 178 48 0.300905
coreB 32 175 47 0.511934
coreB 33 173 46 0.300305
coreB 34 170 45 0.306245
coreB 35 163 44 0.286845
coreB 36 157 43 0.281859
coreB 37 147 42 0.293595
coreB 38 152 41 0.274984
coreB 39 156 40 0.279651
total 2.18651
