coreA 1 340 3675 0.350781
coreA 2 337 3477 0.3622
coreA 3 335 3286 0.346263
coreA 4 331 3110 0.337978
coreA 5 322 2949 0.335127
coreA 6 334 2825 0.33283
coreA 7 318 2688 0.334536
coreA 8 313 2577 0.345432
coreA 9 310 2455 0.337457
coreA 10 312 2343 0.332781
coreA 11 315 2258 0.332477
coreA 12 310 2168 0.330429
coreA 13 305 2096 0.329055
coreA 14 298 2009 0.330681
coreA 15 302 1936 0.33022
coreA 16 293 1865 0.328301
coreA 17 301 1805 0.33159
coreA 18 286 1740 0.329872
coreA 19 294 1680 0.326871
coreA 20 290 1627 0.327202
coreA 21 272 1574 0.326775
coreA 22 277 1528 0.334582
coreA 23 276 1480 0.344189
coreA 24 270 1438 0.336376
coreA 25 269 1397 0.332993
coreA 26 271 1355 0.333649
coreA 27 268 1303 0.33288
coreA 28 265 1270 0.33617
coreA 29 263 1237 0.333117
coreA 30 261 1203 0.329926
coreA 31 258 1177 0.329844
coreA 32 252 1146 0.330066
coreA 33 248 1117 0.329986
coreA 34 260 1086 0.330591
coreA 35 253 1054 0.330131
coreA 36 249 1033 0.328226
coreA 37 244 1000 0.327697
coreA 38 239 966 0.257079
coreA 39 239 938 0.32884
coreB 1 288 884 0.371791
coreB 2 378 373 0.362481
coreB 3 373 264 0.327854
coreB 4 358 207 0.318446
coreB 5 354 182 0.315713
coreB 6 335 158 0.312214
coreB 7 323 142 0.309401
coreB 8 308 132 0.308128
coreB 9 303 121 0.31952
coreB 10 289 114 0.311236
coreB 11 276 107 0.310139
coreB 12 291 98 0.309784
coreB 13 261 92 0.309849
coreB 14 275 87 0.309134
coreB 15 266 85 0.309146
coreB 16 249 81 0.311567
coreB 17 258 78 0.308637
coreB 18 259 74 0.310282
coreB 19 220 70 0.305629
coreB 20 227 67 0.305453
coreB 21 223 65 0.30474
coreB 22 227 62 0.303685
coreB 23 219 60 0.303525
coreB 24 228 59 0.309626
coreB 25 208 57 0.313004
coreB 26 200 55 0.303951
coreB 27 185 53 0.303008
coreB 28 175 52 0.302483
coreB 29 173 51 0.30185
coreB 30 180 49 0.306716
coreB 31 178 48 0.304028
coreB 32 175 47 0.301144
coreB 33 173 46 0.30276
coreB 34 170 45 0.30278
coreB 35 163 44 0.30222
coreB 36 157 43 0.30195
coreB 37 147 42 0.301641
coreB 38 152 41 0.300172
coreB 39 156 40 0.30059
total 12.8489
coreA 1 340 3675 0.357692
coreA 2 337 3477 0.34353
coreA 3 335 3286 0.340847
coreA 4 331 3110 0.334261
coreA 5 322 2949 0.334221
coreA 6 334 2825 0.334096
coreA 7 318 2688 0.335977
coreA 8 313 2577 0.335283
coreA 9 310 2455 0.333105
coreA 10 312 2343 0.331213
coreA 11 315 2258 0.328822
coreA 12 310 2168 0.330442
coreA 13 305 2096 0.32807
coreA 14 298 2009 0.328052
coreA 15 302 1936 0.328258
coreA 16 293 1865 0.327046
coreA 17 301 1805 0.326787
coreA 18 286 1740 0.327619
coreA 19 294 1680 0.325927
coreA 20 290 1627 0.327784
coreA 21 272 1574 0.324713
coreA 22 277 1528 0.332232
coreA 23 276 1480 0.330542
coreA 24 270 1438 0.33168
coreA 25 269 1397 0.330656
coreA 26 271 1355 0.33062
coreA 27 268 1303 0.330007
coreA 28 265 1270 0.329071
coreA 29 263 1237 0.33089
coreA 30 261 1203 0.328992
coreA 31 258 1177 0.328972
coreA 32 252 1146 0.328168
coreA 33 248 1117 0.329933
coreA 34 260 1086 0.327427
coreA 35 253 1054 0.326638
coreA 36 249 1033 0.330667
coreA 37 244 1000 0.329076
coreA 38 239 966 0.230395
coreA 39 239 938 0.330384
coreB 1 288 884 0.375275
coreB 2 378 373 0.326695
coreB 3 373 264 0.322692
coreB 4 358 207 0.314314
coreB 5 354 182 0.312015
coreB 6 335 158 0.308095
coreB 7 323 142 0.30655
coreB 8 308 132 0.304703
coreB 9 303 121 0.312354
coreB 10 289 114 0.310848
coreB 11 276 107 0.309026
coreB 12 291 98 0.306584
coreB 13 261 92 0.307019
coreB 14 275 87 0.305888
coreB 15 266 85 0.306905
coreB 16 249 81 0.30521
coreB 17 258 78 0.305435
coreB 18 259 74 0.303123
coreB 19 220 70 0.30166
coreB 20 227 67 0.301509
coreB 21 223 65 0.301559
coreB 22 227 62 0.303175
coreB 23 219 60 0.301729
coreB 24 228 59 0.301173
coreB 25 208 57 0.301828
coreB 26 200 55 0.301856
coreB 27 185 53 0.300612
coreB 28 175 52 0.300196
coreB 29 173 51 0.300219
coreB 30 180 49 0.299355
coreB 31 178 48 0.301486
coreB 32 175 47 0.299985
coreB 33 173 46 0.300066
coreB 34 170 45 0.300376
coreB 35 163 44 0.300083
coreB 36 157 43 0.299744
coreB 37 147 42 0.298913
coreB 38 152 41 0.298205
coreB 39 156 40 0.30146
total 12.732
coreA 1 340 3675 0.347824
coreA 2 337 3477 0.342688
coreA 3 335 3286 0.334279
coreA 4 331 3110 0.332296
coreA 5 322 2949 0.329857
coreA 6 334 2825 0.329167
coreA 7 318 2688 0.332349
coreA 8 313 2577 0.33143
coreA 9 310 2455 0.331222
coreA 10 312 2343 0.330872
coreA 11 315 2258 0.329702
coreA 12 310 2168 0.328826
coreA 13 305 2096 0.329454
coreA 14 298 2009 0.326938
coreA 15 302 1936 0.325701
coreA 16 293 1865 0.326599
coreA 17 301 1805 0.32628
coreA 18 286 1740 0.32928
coreA 19 294 1680 0.327242
coreA 20 290 1627 0.323271
coreA 21 272 1574 0.323959
coreA 22 277 1528 0.336309
coreA 23 276 1480 0.330636
coreA 24 270 1438 0.329464
coreA 25 269 1397 0.33093
coreA 26 271 1355 0.328477
coreA 27 268 1303 0.327753
coreA 28 265 1270 0.328399
coreA 29 263 1237 0.327917
coreA 30 261 1203 0.328235
coreA 31 258 1177 0.330033
coreA 32 252 1146 0.3267
coreA 33 248 1117 0.328061
coreA 34 260 1086 0.326435
coreA 35 253 1054 0.327097
coreA 36 249 1033 0.325418
coreA 37 244 1000 0.325921
coreA 38 239 966 0.248824
coreA 39 239 938 0.328399
coreB 1 288 884 0.357497
coreB 2 378 373 0.325278
coreB 3 373 264 0.317676
coreB 4 358 207 0.311435
coreB 5 354 182 0.308714
coreB 6 335 158 0.307346
coreB 7 323 142 0.304739
coreB 8 308 132 0.305235
coreB 9 303 121 0.311152
coreB 10 289 114 0.309198
coreB 11 276 107 0.30692
coreB 12 291 98 0.308073
coreB 13 261 92 0.30449
coreB 14 275 87 0.310767
coreB 15 266 85 0.306006
coreB 16 249 81 0.305893
coreB 17 258 78 0.303798
coreB 18 259 74 0.303717
coreB 19 220 70 0.307339
coreB 20 227 67 0.305835
coreB 21 223 65 0.301652
coreB 22 227 62 0.302811
coreB 23 219 60 0.302993
coreB 24 228 59 0.304247
coreB 25 208 57 0.301543
coreB 26 200 55 0.301802
coreB 27 185 53 0.300725
coreB 28 175 52 0.301062
coreB 29 173 51 0.300446
coreB 30 180 49 0.301427
coreB 31 178 48 0.300237
coreB 32 175 47 0.299728
coreB 33 173 46 0.300741
coreB 34 170 45 0.30139
coreB 35 163 44 0.299826
coreB 36 157 43 0.300529
coreB 37 147 42 0.299938
coreB 38 152 41 0.298808
coreB 39 156 40 0.298974
total 12.6793
coreA 1 340 3675 0.346399
coreA 2 337 3477 0.343594
coreA 3 335 3286 0.336389
coreA 4 331 3110 0.33125
coreA 5 322 2949 0.330424
coreA 6 334 2825 0.329982
coreA 7 318 2688 0.332524
coreA 8 313 2577 0.332978
coreA 9 310 2455 0.32914
coreA 10 312 2343 0.329899
coreA 11 315 2258 0.327025
coreA 12 310 2168 0.327994
coreA 13 305 2096 0.32617
coreA 14 298 2009 0.326842
coreA 15 302 1936 0.329198
coreA 16 293 1865 0.3283
coreA 17 301 1805 0.327124
coreA 18 286 1740 0.325857
coreA 19 294 1680 0.323939
coreA 20 290 1627 0.327565
coreA 21 272 1574 0.32404
coreA 22 277 1528 0.331761
coreA 23 276 1480 0.331316
coreA 24 270 1438 0.329411
coreA 25 269 1397 0.329324
coreA 26 271 1355 0.332005
coreA 27 268 1303 0.330749
coreA 28 265 1270 0.32854
coreA 29 263 1237 0.327966
coreA 30 261 1203 0.327202
coreA 31 258 1177 0.32612
coreA 32 252 1146 0.328459
coreA 33 248 1117 0.326049
coreA 34 260 1086 0.330988
coreA 35 253 1054 0.332439
coreA 36 249 1033 0.327287
coreA 37 244 1000 0.324337
coreA 38 239 966 0.268818
coreA 39 239 938 0.333497
coreB 1 288 884 0.359175
coreB 2 378 373 0.327092
coreB 3 373 264 0.320688
coreB 4 358 207 0.31359
coreB 5 354 182 0.310832
coreB 6 335 158 0.31265
coreB 7 323 142 0.307661
coreB 8 308 132 0.305964
coreB 9 303 121 0.311741
coreB 10 289 114 0.311977
coreB 11 276 107 0.30814
coreB 12 291 98 0.308806
coreB 13 261 92 0.306895
coreB 14 275 87 0.308236
coreB 15 266 85 0.307265
coreB 16 249 81 0.306764
coreB 17 258 78 0.305063
coreB 18 259 74 0.304322
coreB 19 220 70 0.302369
coreB 20 227 67 0.304835
coreB 21 223 65 0.302567
coreB 22 227 62 0.302844
coreB 23 219 60 0.30292
coreB 24 228 59 0.303548
coreB 25 208 57 0.302951
coreB 26 200 55 0.304799
coreB 27 185 53 0.30274
coreB 28 175 52 0.303271
coreB 29 173 51 0.300439
coreB 30 180 49 0.301225
coreB 31 178 48 0.3003
coreB 32 175 47 0.300529
coreB 33 173 46 0.30005
coreB 34 170 45 0.30105
coreB 35 163 44 0.298833
coreB 36 157 43 0.300831
coreB 37 147 42 0.303432
coreB 38 152 41 0.303389
coreB 39 156 40 0.299128
total 12.7045
coreA 1 340 3675 0.345409
coreA 2 337 3477 0.342539
coreA 3 335 3286 0.334135
coreA 4 331 3110 0.3301
coreA 5 322 2949 0.330321
coreA 6 334 2825 0.330055
coreA 7 318 2688 0.331052
coreA 8 313 2577 0.330492
coreA 9 310 2455 0.330988
coreA 10 312 2343 0.327809
coreA 11 315 2258 0.326545
coreA 12 310 2168 0.327603
coreA 13 305 2096 0.32618
coreA 14 298 2009 0.325164
coreA 15 302 1936 0.325368
coreA 16 293 1865 0.324256
coreA 17 301 1805 0.325817
coreA 18 286 1740 0.325143
coreA 19 294 1680 0.323431
coreA 20 290 1627 0.323147
coreA 21 272 1574 0.323042
coreA 22 277 1528 0.330689
coreA 23 276 1480 0.329566
coreA 24 270 1438 0.332077
coreA 25 269 1397 0.329634
coreA 26 271 1355 0.329101
coreA 27 268 1303 0.330836
coreA 28 265 1270 0.327779
coreA 29 263 1237 0.326865
coreA 30 261 1203 0.328412
coreA 31 258 1177 0.326522
coreA 32 252 1146 0.326859
coreA 33 248 1117 0.327666
coreA 34 260 1086 0.32561
coreA 35 253 1054 0.325208
coreA 36 249 1033 0.329049
coreA 37 244 1000 0.326046
coreA 38 239 966 0.293367
coreA 39 239 938 0.32802
coreB 1 288 884 0.359312
coreB 2 378 373 0.328731
coreB 3 373 264 0.321046
coreB 4 358 207 0.313356
coreB 5 354 182 0.311781
coreB 6 335 158 0.310209
coreB 7 323 142 0.308228
coreB 8 308 132 0.306959
coreB 9 303 121 0.31335
coreB 10 289 114 0.312293
coreB 11 276 107 0.30986
coreB 12 291 98 0.309075
coreB 13 261 92 0.308218
coreB 14 275 87 0.308983
coreB 15 266 85 0.30812
coreB 16 249 81 0.307002
coreB 17 258 78 0.305644
coreB 18 259 74 0.305097
coreB 19 220 70 0.303339
coreB 20 227 67 0.305251
coreB 21 223 65 0.303431
coreB 22 227 62 0.303972
coreB 23 219 60 0.303284
coreB 24 228 59 0.304513
coreB 25 208 57 0.303488
coreB 26 200 55 0.304805
coreB 27 185 53 0.302769
coreB 28 175 52 0.303645
coreB 29 173 51 0.3029
coreB 30 180 49 0.302304
coreB 31 178 48 0.305727
coreB 32 175 47 0.302871
coreB 33 173 46 0.300748
coreB 34 170 45 0.302616
coreB 35 163 44 0.302128
coreB 36 157 43 0.300934
coreB 37 147 42 0.300265
coreB 38 152 41 0.300435
coreB 39 156 40 0.299118
total 12.6884
coreA 1 340 3675 0.351683
coreA 2 337 3477 0.359137
coreA 3 335 3286 0.344949
coreA 4 331 3110 0.337033
coreA 5 322 2949 0.335194
coreA 6 334 2825 0.332577
coreA 7 318 2688 0.33594
coreA 8 313 2577 0.345575
coreA 9 310 2455 0.335331
coreA 10 312 2343 0.333334
coreA 11 315 2258 0.330472
coreA 12 310 2168 0.331424
coreA 13 305 2096 0.331601
coreA 14 298 2009 0.329604
coreA 15 302 1936 0.330328
coreA 16 293 1865 0.329158
coreA 17 301 1805 0.328278
coreA 18 286 1740 0.327304
coreA 19 294 1680 0.327864
coreA 20 290 1627 0.333501
coreA 21 272 1574 0.329448
coreA 22 277 1528 0.339179
coreA 23 276 1480 0.34067
coreA 24 270 1438 0.345505
coreA 25 269 1397 0.335661
coreA 26 271 1355 0.333094
coreA 27 268 1303 0.332833
coreA 28 265 1270 0.33023
coreA 29 263 1237 0.329345
coreA 30 261 1203 0.328305
coreA 31 258 1177 0.328985
coreA 32 252 1146 0.328166
coreA 33 248 1117 0.327459
coreA 34 260 1086 0.328487
coreA 35 253 1054 0.326079
coreA 36 249 1033 0.327777
coreA 37 244 1000 0.327485
coreA 38 239 966 0.258097
coreA 39 239 938 0.327632
coreB 1 288 884 0.3732
coreB 2 378 373 0.361161
coreB 3 373 264 0.328659
coreB 4 358 207 0.317322
coreB 5 354 182 0.313916
coreB 6 335 158 0.311374
coreB 7 323 142 0.309707
coreB 8 308 132 0.307472
coreB 9 303 121 0.317795
coreB 10 289 114 0.312611
coreB 11 276 107 0.310315
coreB 12 291 98 0.308623
coreB 13 261 92 0.309477
coreB 14 275 87 0.308074
coreB 15 266 85 0.308082
coreB 16 249 81 0.308414
coreB 17 258 78 0.307467
coreB 18 259 74 0.306006
coreB 19 220 70 0.305937
coreB 20 227 67 0.306251
coreB 21 223 65 0.30759
coreB 22 227 62 0.30562
coreB 23 219 60 0.30639
coreB 24 228 59 0.30517
coreB 25 208 57 0.30786
coreB 26 200 55 0.314566
coreB 27 185 53 0.303272
coreB 28 175 52 0.302959
coreB 29 173 51 0.304011
coreB 30 180 49 0.302462
coreB 31 178 48 0.30338
coreB 32 175 47 0.302194
coreB 33 173 46 0.303155
coreB 34 170 45 0.30267
coreB 35 163 44 0.30215
coreB 36 157 43 0.30196
coreB 37 147 42 0.301361
coreB 38 152 41 0.300086
coreB 39 156 40 0.301291
total 12.8372
coreA 1 340 3675 0.345739
coreA 2 337 3477 0.343722
coreA 3 335 3286 0.334535
coreA 4 331 3110 0.332633
coreA 5 322 2949 0.331187
coreA 6 334 2825 0.329171
coreA 7 318 2688 0.33255
coreA 8 313 2577 0.332208
coreA 9 310 2455 0.329609
coreA 10 312 2343 0.330118
coreA 11 315 2258 0.335051
coreA 12 310 2168 0.330727
coreA 13 305 2096 0.327423
coreA 14 298 2009 0.32745
coreA 15 302 1936 0.32546
coreA 16 293 1865 0.324728
coreA 17 301 1805 0.325813
coreA 18 286 1740 0.325853
coreA 19 294 1680 0.326681
coreA 20 290 1627 0.327054
coreA 21 272 1574 0.324157
coreA 22 277 1528 0.339013
coreA 23 276 1480 0.33508
coreA 24 270 1438 0.334095
coreA 25 269 1397 0.332889
coreA 26 271 1355 0.333959
coreA 27 268 1303 0.331837
coreA 28 265 1270 0.33084
coreA 29 263 1237 0.333675
coreA 30 261 1203 0.329986
coreA 31 258 1177 0.329304
coreA 32 252 1146 0.32884
coreA 33 248 1117 0.328001
coreA 34 260 1086 0.327822
coreA 35 253 1054 0.329207
coreA 36 249 1033 0.326946
coreA 37 244 1000 0.326395
coreA 38 239 966 0.254288
coreA 39 239 938 0.328114
coreB 1 288 884 0.362584
coreB 2 378 373 0.327877
coreB 3 373 264 0.319873
coreB 4 358 207 0.314891
coreB 5 354 182 0.31204
coreB 6 335 158 0.308425
coreB 7 323 142 0.307803
coreB 8 308 132 0.305873
coreB 9 303 121 0.313169
coreB 10 289 114 0.310703
coreB 11 276 107 0.309366
coreB 12 291 98 0.311359
coreB 13 261 92 0.30844
coreB 14 275 87 0.307548
coreB 15 266 85 0.307391
coreB 16 249 81 0.305808
coreB 17 258 78 0.306793
coreB 18 259 74 0.304382
coreB 19 220 70 0.303432
coreB 20 227 67 0.304919
coreB 21 223 65 0.303445
coreB 22 227 62 0.301831
coreB 23 219 60 0.308434
coreB 24 228 59 0.304538
coreB 25 208 57 0.303571
coreB 26 200 55 0.302132
coreB 27 185 53 0.302402
coreB 28 175 52 0.30026
coreB 29 173 51 0.301457
coreB 30 180 49 0.302038
coreB 31 178 48 0.302592
coreB 32 175 47 0.300402
coreB 33 173 46 0.30187
coreB 34 170 45 0.301424
coreB 35 163 44 0.300845
coreB 36 157 43 0.300085
coreB 37 147 42 0.301292
coreB 38 152 41 0.299212
coreB 39 156 40 0.298536
total 12.7274
coreA 1 340 3675 0.347555
coreA 2 337 3477 0.341674
coreA 3 335 3286 0.333945
coreA 4 331 3110 0.330989
coreA 5 322 2949 0.330227
coreA 6 334 2825 0.330279
coreA 7 318 2688 0.331991
coreA 8 313 2577 0.33191
coreA 9 310 2455 0.32958
coreA 10 312 2343 0.329866
coreA 11 315 2258 0.328829
coreA 12 310 2168 0.327879
coreA 13 305 2096 0.327294
coreA 14 298 2009 0.326999
coreA 15 302 1936 0.327679
coreA 16 293 1865 0.326701
coreA 17 301 1805 0.326179
coreA 18 286 1740 0.326211
coreA 19 294 1680 0.324976
coreA 20 290 1627 0.324888
coreA 21 272 1574 0.331174
coreA 22 277 1528 0.333449
coreA 23 276 1480 0.333337
coreA 24 270 1438 0.334174
coreA 25 269 1397 0.330726
coreA 26 271 1355 0.330825
coreA 27 268 1303 0.331127
coreA 28 265 1270 0.330187
coreA 29 263 1237 0.329251
coreA 30 261 1203 0.328902
coreA 31 258 1177 0.327939
coreA 32 252 1146 0.328898
coreA 33 248 1117 0.327674
coreA 34 260 1086 0.32831
coreA 35 253 1054 0.327498
coreA 36 249 1033 0.328951
coreA 37 244 1000 0.326991
coreA 38 239 966 0.264443
coreA 39 239 938 0.329749
coreB 1 288 884 0.358236
coreB 2 378 373 0.328732
coreB 3 373 264 0.318716
coreB 4 358 207 0.313703
coreB 5 354 182 0.311924
coreB 6 335 158 0.30926
coreB 7 323 142 0.306776
coreB 8 308 132 0.308269
coreB 9 303 121 0.311296
coreB 10 289 114 0.309058
coreB 11 276 107 0.308515
coreB 12 291 98 0.308382
coreB 13 261 92 0.306291
coreB 14 275 87 0.306231
coreB 15 266 85 0.306967
coreB 16 249 81 0.306312
coreB 17 258 78 0.304342
coreB 18 259 74 0.304652
coreB 19 220 70 0.302204
coreB 20 227 67 0.303882
coreB 21 223 65 0.302432
coreB 22 227 62 0.305087
coreB 23 219 60 0.302076
coreB 24 228 59 0.303876
coreB 25 208 57 0.305059
coreB 26 200 55 0.304421
coreB 27 185 53 0.302543
coreB 28 175 52 0.303453
coreB 29 173 51 0.302573
coreB 30 180 49 0.302938
coreB 31 178 48 0.303254
coreB 32 175 47 0.30208
coreB 33 173 46 0.301532
coreB 34 170 45 0.303636
coreB 35 163 44 0.303553
coreB 36 157 43 0.30158
coreB 37 147 42 0.300291
coreB 38 152 41 0.301625
coreB 39 156 40 0.300358
total 12.7119
coreA 1 340 3675 0.345623
coreA 2 337 3477 0.344563
coreA 3 335 3286 0.337062
coreA 4 331 3110 0.335391
coreA 5 322 2949 0.332537
coreA 6 334 2825 0.329922
coreA 7 318 2688 0.332119
coreA 8 313 2577 0.332192
coreA 9 310 2455 0.331995
coreA 10 312 2343 0.33001
coreA 11 315 2258 0.32851
coreA 12 310 2168 0.331963
coreA 13 305 2096 0.328016
coreA 14 298 2009 0.331056
coreA 15 302 1936 0.329136
coreA 16 293 1865 0.326864
coreA 17 301 1805 0.326007
coreA 18 286 1740 0.32723
coreA 19 294 1680 0.325127
coreA 20 290 1627 0.324004
coreA 21 272 1574 0.324385
coreA 22 277 1528 0.333634
coreA 23 276 1480 0.330948
coreA 24 270 1438 0.335376
coreA 25 269 1397 0.33118
coreA 26 271 1355 0.331061
coreA 27 268 1303 0.330269
coreA 28 265 1270 0.329509
coreA 29 263 1237 0.328937
coreA 30 261 1203 0.329487
coreA 31 258 1177 0.32867
coreA 32 252 1146 0.327571
coreA 33 248 1117 0.328661
coreA 34 260 1086 0.329615
coreA 35 253 1054 0.326443
coreA 36 249 1033 0.326968
coreA 37 244 1000 0.327337
coreA 38 239 966 0.235331
coreA 39 239 938 0.325916
coreB 1 288 884 0.358568
coreB 2 378 373 0.326989
coreB 3 373 264 0.319578
coreB 4 358 207 0.313795
coreB 5 354 182 0.310506
coreB 6 335 158 0.308782
coreB 7 323 142 0.30623
coreB 8 308 132 0.304708
coreB 9 303 121 0.312428
coreB 10 289 114 0.308911
coreB 11 276 107 0.30769
coreB 12 291 98 0.306466
coreB 13 261 92 0.306551
coreB 14 275 87 0.306004
coreB 15 266 85 0.307711
coreB 16 249 81 0.305838
coreB 17 258 78 0.306138
coreB 18 259 74 0.302958
coreB 19 220 70 0.303035
coreB 20 227 67 0.302869
coreB 21 223 65 0.302556
coreB 22 227 62 0.302311
coreB 23 219 60 0.301983
coreB 24 228 59 0.30157
coreB 25 208 57 0.30257
coreB 26 200 55 0.302397
coreB 27 185 53 0.301717
coreB 28 175 52 0.300718
coreB 29 173 51 0.30123
coreB 30 180 49 0.299786
coreB 31 178 48 0.30063
coreB 32 175 47 0.300371
coreB 33 173 46 0.301096
coreB 34 170 45 0.300725
coreB 35 163 44 0.30199
coreB 36 157 43 0.301399
coreB 37 147 42 0.300412
coreB 38 152 41 0.2976
coreB 39 156 40 0.298706
total 12.6996
coreA 1 340 3675 0.349943
coreA 2 337 3477 0.34432
coreA 3 335 3286 0.334863
coreA 4 331 3110 0.334
coreA 5 322 2949 0.332437
coreA 6 334 2825 0.331071
coreA 7 318 2688 0.334666
coreA 8 313 2577 0.33161
coreA 9 310 2455 0.33907
coreA 10 312 2343 0.334953
coreA 11 315 2258 0.328977
coreA 12 310 2168 0.328725
coreA 13 305 2096 0.331382
coreA 14 298 2009 0.327785
coreA 15 302 1936 0.327281
coreA 16 293 1865 0.32789
coreA 17 301 1805 0.326725
coreA 18 286 1740 0.32763
coreA 19 294 1680 0.329777
coreA 20 290 1627 0.325931
coreA 21 272 1574 0.325637
coreA 22 277 1528 0.333337
coreA 23 276 1480 0.331922
coreA 24 270 1438 0.337257
coreA 25 269 1397 0.337259
coreA 26 271 1355 0.331765
coreA 27 268 1303 0.330241
coreA 28 265 1270 0.330596
coreA 29 263 1237 0.330835
coreA 30 261 1203 0.332202
coreA 31 258 1177 0.331765
coreA 32 252 1146 0.329791
coreA 33 248 1117 0.328423
coreA 34 260 1086 0.329067
coreA 35 253 1054 0.329204
coreA 36 249 1033 0.326527
coreA 37 244 1000 0.327129
coreA 38 239 966 0.230424
coreA 39 239 938 0.327575
coreB 1 288 884 0.35821
coreB 2 378 373 0.326601
coreB 3 373 264 0.317757
coreB 4 358 207 0.312565
coreB 5 354 182 0.309933
coreB 6 335 158 0.307428
coreB 7 323 142 0.30702
coreB 8 308 132 0.303645
coreB 9 303 121 0.309304
coreB 10 289 114 0.311607
coreB 11 276 107 0.307876
coreB 12 291 98 0.307
coreB 13 261 92 0.305121
coreB 14 275 87 0.306506
coreB 15 266 85 0.305141
coreB 16 249 81 0.304984
coreB 17 258 78 0.304843
coreB 18 259 74 0.303437
coreB 19 220 70 0.301748
coreB 20 227 67 0.304193
coreB 21 223 65 0.301403
coreB 22 227 62 0.301633
coreB 23 219 60 0.301648
coreB 24 228 59 0.301932
coreB 25 208 57 0.300667
coreB 26 200 55 0.303239
coreB 27 185 53 0.300329
coreB 28 175 52 0.300209
coreB 29 173 51 0.299053
coreB 30 180 49 0.300931
coreB 31 178 48 0.30027
coreB 32 175 47 0.300217
coreB 33 173 46 0.299696
coreB 34 170 45 0.300917
coreB 35 163 44 0.297927
coreB 36 157 43 0.298863
coreB 37 147 42 0.29815
coreB 38 152 41 0.297785
coreB 39 156 40 0.296526
total 12.708
