coreA 1 6395 108622 17.2701
coreA 2 6395 108622 56.3156
coreA 3 6394 108622 55.3735
coreA 4 6397 108622 56.2411
coreA 5 6396 108622 57.8936
coreA 6 6395 108622 55.3495
coreA 7 6405 108622 57.9011
coreA 8 6403 108622 57.5913
coreA 9 6410 108620 57.5274
coreA 10 6401 108620 57.0377
coreA 11 6401 108620 54.8443
coreA 12 6410 108620 56.6319
coreA 13 6414 108619 54.9256
coreA 14 6413 108618 54.591
coreA 15 6418 108606 56.222
coreA 16 6405 108606 285.379
coreA 17 6412 108601 53.1888
coreA 18 6414 108600 53.2547
coreA 19 6401 108598 55.6798
coreA 20 6405 108594 55.3131
coreA 21 6419 108592 53.3862
coreA 22 6415 108591 54.06
coreA 23 6417 108591 55.6178
coreA 24 6417 108590 54.4694
coreA 25 6430 108586 55.5933
coreA 26 6410 108582 54.4704
coreA 27 6416 108576 457.654
coreA 28 6403 108572 54.1667
coreA 29 6419 108570 53.0947
coreA 30 6413 108566 52.852
coreA 31 6415 108564 53.8812
coreA 32 6411 108563 275.428
coreA 33 6416 108558 52.775
coreA 34 6417 108555 54.3411
coreA 35 6414 108554 53.8358
coreA 36 6404 108554 53.4568
coreA 37 6398 108550 54.112
coreA 38 6382 108545 53.7336
coreA 39 6418 108540 53.8665
coreA 40 6428 108531 53.5502
coreA 41 6431 108529 53.3472
coreA 42 6409 108522 53.6395
coreA 43 6398 108512 53.5441
coreA 44 6387 108502 442.509
coreA 45 6406 108499 52.523
coreA 46 6391 108489 52.0955
coreA 47 6409 108480 441.55
coreA 48 6395 108474 53.0149
coreA 49 6398 108465 53.5821
coreA 50 6403 108456 53.0998
coreA 51 6396 108439 51.7949
coreA 52 6399 108430 406.896
coreA 53 6386 108417 199.781
coreA 54 6407 108407 52.1833
coreA 55 6379 108397 51.8557
coreA 56 6368 108381 51.5343
coreA 57 6394 108367 378.4
coreA 58 6365 108352 51.7141
coreA 59 6380 108342 51.607
coreA 60 6388 108333 51.4524
coreA 61 6403 108320 51.3587
coreA 62 6375 108313 160.919
coreA 63 6359 108293 344.603
coreA 64 6369 108274 52.2125
coreA 65 6385 108256 52.0606
coreA 66 6403 108236 53.1767
coreA 67 6373 108217 52.7618
coreA 68 6379 108197 410.536
coreA 69 6390 108167 52.097
coreA 70 6395 108151 51.9723
coreA 71 6370 108127 406.467
coreA 72 6368 108107 52.6705
coreA 73 6348 108070 52.2967
coreA 74 6399 108032 52.1531
coreA 75 6413 107996 52.0945
coreA 76 6412 107963 347.87
coreA 77 6379 107938 253.803
coreA 78 6348 107901 50.9163
coreA 79 6403 107868 50.6477
coreA 80 6381 107827 50.4519
coreA 81 6369 107781 101.422
coreA 82 6411 107733 51.929
coreA 83 6355 107688 52.1371
coreA 84 6356 107644 51.9391
coreA 85 6370 107598 50.7481
coreA 86 6382 107541 50.4608
coreA 87 6360 107487 50.1902
coreA 88 6363 107409 51.9971
coreA 89 6355 107365 51.9252
coreA 90 6366 107295 441.601
coreA 91 6372 107220 51.5286
coreA 92 6354 107159 51.941
coreA 93 6377 107110 51.5467
coreA 94 6342 107045 51.6587
coreA 95 6359 106978 51.2771
coreA 96 6322 106891 51.4535
coreA 97 6357 106803 50.6569
coreA 98 6338 106683 50.7077
coreA 99 6299 106582 390.609
coreA 100 6358 106489 51.0785
coreA 101 6321 106360 51.5533
coreA 102 6322 106255 52.3269
coreA 103 6336 106140 50.9895
coreA 104 6335 106033 50.0993
coreA 105 6305 105923 49.8677
coreA 106 6338 105802 51.77
coreA 107 6286 105685 50.7486
coreA 108 6338 105549 49.8015
coreA 109 6272 105408 51.4271
coreA 110 6325 105237 51.17
coreA 111 6347 105086 434.344
coreA 112 6324 104968 49.5557
coreA 113 6286 104824 49.0429
coreA 114 6269 104686 50.7056
coreA 115 6309 104530 51.04
coreA 116 6294 104379 50.6973
coreA 117 6306 104231 50.2715
coreA 118 6274 104045 422.754
coreA 119 6262 103867 426.329
coreA 120 6283 103717 391.307
coreA 121 6281 103534 51.147
coreA 122 6267 103337 50.7683
coreA 123 6295 103159 50.3153
coreA 124 6244 102935 101.772
coreA 125 6269 102709 50.8284
coreA 126 6271 102493 50.6235
coreA 127 6238 102299 50.4008
coreA 128 6229 102083 49.1026
coreA 129 6230 101870 49.1064
coreA 130 6214 101659 363.844
coreA 131 6224 101451 49.3539
coreA 132 6199 101199 49.0434
coreA 133 6210 100946 48.7651
coreA 134 6235 100697 359.504
coreA 135 6156 100422 49.902
coreA 136 6197 100195 50.2519
coreA 137 6188 99941 50.1815
coreA 138 6212 99673 49.9791
coreA 139 6181 99416 49.0653
coreA 140 6177 99141 49.9426
coreA 141 6138 98825 50.564
coreA 142 6162 98528 50.3559
coreA 143 6146 98224 405.575
coreA 144 6158 97923 50.9282
coreA 145 6176 97589 50.4971
coreA 146 6117 97256 50.3883
coreA 147 6151 96883 50.321
coreA 148 6092 96568 49.2145
coreA 149 6093 96248 49.3227
coreA 150 6131 95879 49.7209
coreA 151 6097 95516 49.4135
coreA 152 6117 95183 49.0812
coreA 153 6143 94801 48.8752
coreA 154 6096 94426 382.839
coreA 155 6108 94092 49.209
coreA 156 6083 93744 49.0831
coreA 157 6075 93400 383.506
coreA 158 6040 93034 49.0343
coreA 159 6078 92672 391.996
coreA 160 6082 92322 48.9638
coreA 161 6065 91892 48.8144
coreA 162 6055 91504 145.758
coreA 163 6022 91129 49.9018
coreA 164 6043 90745 49.6992
coreA 165 6010 90324 49.5223
coreA 166 6033 89940 49.7145
coreA 167 5993 89569 354.966
coreA 168 5988 89188 48.3925
coreA 169 5982 88777 49.6411
coreA 170 5942 88370 50.0046
coreA 171 5911 87979 49.8973
coreA 172 5955 87565 49.7724
coreA 173 5934 87146 49.2127
coreA 174 5945 86723 48.6157
coreA 175 5846 86319 312.377
coreA 176 5954 85885 257.868
coreA 177 5879 85502 116.606
coreA 178 5887 85020 49.6134
coreA 179 5842 84562 49.4166
coreA 180 5861 84113 155.521
coreA 181 5902 83602 48.8951
coreA 182 5821 83124 48.6795
coreA 183 5812 82668 49.7849
coreA 184 5868 82234 49.8772
coreA 185 5805 81702 48.6765
coreA 186 5805 81248 48.4866
coreA 187 5814 80786 48.3165
coreA 188 5781 80317 48.4037
coreA 189 5791 79878 48.1986
coreA 190 5752 79404 48.471
coreA 191 5724 78920 48.1654
coreA 192 5701 78483 48.0323
coreA 193 5710 78046 47.997
coreA 194 5710 77553 47.7568
coreA 195 5701 77061 47.8466
coreA 196 5667 76571 47.8246
coreA 197 5670 76065 290.384
coreA 198 5643 75596 47.4145
coreA 199 5672 75070 47.3568
coreA 200 5592 74581 48.875
coreA 201 5603 74059 195.669
coreA 202 5618 73584 48.1944
coreA 203 5581 73103 48.1476
coreA 204 5571 72611 47.6478
coreA 205 5556 72146 47.5798
coreA 206 5551 71660 47.7986
coreA 207 5538 71172 47.2687
coreA 208 5550 70623 48.8711
coreA 209 5528 70098 48.2528
coreA 210 5501 69589 46.9477
coreA 211 5491 69098 47.1186
coreA 212 5488 68563 46.7852
coreA 213 5484 68088 48.7892
coreA 214 5429 67582 48.3935
coreA 215 5421 67080 93.2313
coreA 216 5396 66535 47.1736
coreA 217 5407 65991 46.8308
coreA 218 5364 65506 309.657
coreA 219 5407 65041 48.1396
coreA 220 5338 64542 45.6471
coreA 221 5290 64015 47.1301
coreA 222 5308 63521 47.0395
coreA 223 5281 63036 47.0236
coreA 224 5260 62580 46.9028
coreA 225 5254 62062 48.0422
coreA 226 5245 61594 47.9618
coreA 227 5252 61128 48.1691
coreA 228 5219 60699 48.1254
coreA 229 5202 60235 48.1591
coreA 230 5177 59791 311.555
coreA 231 5194 59352 49.6285
coreA 232 5157 58883 47.8838
coreA 233 5125 58431 47.8408
coreA 234 5131 57987 47.5612
coreA 235 5132 57550 49.004
coreA 236 5072 57132 95.6762
coreA 237 5045 56613 47.3147
coreA 238 5050 56063 253.904
coreA 239 5015 55631 99.224
coreA 240 4990 55213 47.8666
coreA 241 5020 54806 47.4576
coreA 242 4997 54350 47.1981
coreA 243 4963 53915 47.3163
coreA 244 4944 53509 378.265
coreA 245 4948 53015 47.6938
coreA 246 4924 52586 48.4928
coreA 247 4896 52168 47.362
coreA 248 4914 51715 47.2502
coreA 249 4878 51318 47.0234
coreA 250 4870 50921 92.8508
coreA 251 4866 50479 144.857
coreA 252 4814 50016 48.5879
coreA 253 4800 49608 48.703
coreA 254 4791 49190 176.633
coreA 255 4798 48755 46.9849
coreA 256 4743 48357 46.8842
coreA 257 4749 47938 46.9462
coreA 258 4690 47507 48.3951
coreA 259 4715 47073 48.0805
coreA 260 4658 46683 473.322
coreA 261 4677 46267 46.9865
coreA 262 4633 45917 46.6632
coreA 263 4608 45498 46.5914
coreA 264 4641 45056 46.5631
coreA 265 4580 44628 383.699
coreA 266 4625 44184 47.0194
coreA 267 4563 43829 46.7595
coreA 268 4543 43447 46.503
coreA 269 4536 43056 46.5252
coreA 270 4528 42658 46.6618
coreA 271 4518 42269 46.6037
coreA 272 4474 41852 251.601
coreA 273 4489 41490 375.462
coreA 274 4443 41095 47.591
coreA 275 4430 40683 47.7091
coreA 276 4396 40282 47.5258
coreA 277 4398 39898 45.9478
coreA 278 4391 39537 382.341
coreA 279 4390 39181 45.9616
coreA 280 4348 38799 47.639
coreA 281 4335 38407 99.3485
coreA 282 4323 38041 47.07
coreA 283 4315 37671 46.0918
coreA 284 4275 37327 45.7974
coreA 285 4253 36940 328.023
coreA 286 4241 36590 45.9504
coreA 287 4205 36250 45.8136
coreA 288 4227 35908 46.1152
coreA 289 4155 35511 47.6873
coreA 290 4161 35134 48.0323
coreA 291 4140 34831 47.3886
coreA 292 4121 34511 47.0936
coreA 293 4101 34114 47.3871
coreA 294 4068 33696 45.5294
coreA 295 4068 33294 206.198
coreA 296 4050 32940 46.8602
coreA 297 4015 32574 45.0806
coreA 298 4049 32223 45.5153
coreA 299 4001 31865 265.533
coreA 300 3989 31534 236.47
coreA 301 3940 31212 45.1574
coreA 302 3922 30897 45.0584
coreA 303 3937 30555 105.984
coreA 304 3915 30238 45.8859
coreA 305 3905 29915 45.7886
coreA 306 3880 29610 46.4074
coreA 307 3831 29278 45.6911
coreA 308 3809 28999 321.16
coreA 309 3776 28694 353.994
coreA 310 3795 28379 45.6149
coreA 311 3793 28049 45.1343
coreA 312 3767 27692 202.861
coreA 313 3763 27414 45.1864
coreA 314 3730 27136 274.185
coreB 1 1126 2017 6.79565
coreB 2 1649 1992 74.5661
coreB 3 1777 1992 42.183
coreB 4 1826 1992 41.958
coreB 5 1888 1628 41.7384
coreB 6 1913 1628 41.384
coreB 7 1900 1628 41.1859
coreB 8 1936 1628 41.2238
coreB 9 1912 1628 127.579
coreB 10 1946 1628 50.5982
coreB 11 1990 1373 34.7374
coreB 12 1997 1373 50.2322
coreB 13 1997 1373 40.83
coreB 14 1951 1373 47.671
coreB 15 1993 1372 45.5018
coreB 16 1986 915 35.9155
coreB 17 2013 915 55.9914
coreB 18 1960 914 38.2071
coreB 19 1974 909 48.4408
coreB 20 1949 837 39.3476
coreB 21 1959 741 31.8622
coreB 22 1978 721 41.3411
coreB 23 1964 719 35.3473
coreB 24 1945 648 44.1148
coreB 25 1952 641 40.62
coreB 26 1947 635 36.0862
coreB 27 1933 628 34.6719
coreB 28 1938 621 53.2444
coreB 29 1926 615 41.5394
coreB 30 1907 610 189.36
coreB 31 1916 604 16.7626
coreB 32 1918 599 15.6814
coreB 33 1917 594 44.0972
coreB 34 1867 590 46.8886
coreB 35 1882 586 40.5661
coreB 36 1865 582 40.6283
coreB 37 1901 577 33.1755
coreB 38 1832 572 48.1945
coreB 39 1828 569 124.359
coreB 40 1848 564 25.2328
coreB 41 1844 560 46.728
coreB 42 1829 557 33.527
coreB 43 1841 553 34.4086
coreB 44 1822 550 47.6654
coreB 45 1793 546 43.9725
coreB 46 1807 543 36.5425
coreB 47 1781 540 49.006
coreB 48 1826 537 41.4401
coreB 49 1803 534 33.2364
coreB 50 1772 531 46.1766
coreB 51 1777 528 44.6931
coreB 52 1814 525 37.6665
coreB 53 1784 522 48.391
coreB 54 1763 520 37.2662
coreB 55 1746 518 31.326
coreB 56 1744 516 43.5787
coreB 57 1730 514 46.0371
coreB 58 1738 511 44.0586
coreB 59 1762 509 36.9247
coreB 60 1754 507 40.493
coreB 61 1743 504 39.8846
coreB 62 1729 502 48.2692
coreB 63 1701 500 48.6092
coreB 64 1714 498 38.6443
coreB 65 1709 496 157.417
coreB 66 1707 494 19.8724
coreB 67 1725 492 15.7221
coreB 68 1724 491 168.573
coreB 69 1722 489 24.642
coreB 70 1665 488 18.4314
coreB 71 1666 486 37.0803
coreB 72 1680 484 46.2476
coreB 73 1704 482 40.7203
coreB 74 1665 480 41.1041
coreB 75 1679 479 42.1183
coreB 76 1647 477 50.0106
coreB 77 1685 476 54.5042
coreB 78 1642 474 41.6307
coreB 79 1623 473 32.0049
coreB 80 1644 471 169.46
coreB 81 1704 470 24.321
coreB 82 1634 468 40.6518
coreB 83 1652 467 121.335
coreB 84 1660 465 40.0752
coreB 85 1638 464 33.1927
coreB 86 1666 463 54.528
coreB 87 1660 461 161.688
coreB 88 1691 460 25.3853
coreB 89 1655 459 17.249
coreB 90 1610 457 41.0198
coreB 91 1654 456 125.592
coreB 92 1595 454 26.5818
coreB 93 1608 454 46.254
coreB 94 1640 452 40.6391
coreB 95 1640 450 41.2026
coreB 96 1612 449 125.776
coreB 97 1588 448 31.0086
coreB 98 1652 447 49.8297
coreB 99 1646 446 41.3405
coreB 100 1628 444 253.482
coreB 101 1601 443 12.0144
coreB 102 1636 442 9.4631
coreB 103 1649 441 41.3333
coreB 104 1656 440 41.5781
coreB 105 1635 438 41.5711
coreB 106 1636 438 283.06
coreB 107 1602 436 10.6832
coreB 108 1644 435 209.09
coreB 109 1609 434 23.3585
coreB 110 1607 433 15.5934
coreB 111 1579 432 39.9821
coreB 112 1607 431 230.774
coreB 113 1584 430 16.1038
coreB 114 1602 429 167.154
coreB 115 1581 428 32.9111
coreB 116 1572 427 21.8741
coreB 117 1575 426 41.4375
coreB 118 1543 425 41.2158
coreB 119 1571 424 35.4662
coreB 120 1561 423 41.25
coreB 121 1546 422 48.9192
coreB 122 1557 421 39.5944
coreB 123 1570 420 41.1926
coreB 124 1558 419 163.104
coreB 125 1588 418 40.9478
coreB 126 1521 418 39.9462
coreB 127 1564 416 41.2229
coreB 128 1563 416 39.9163
coreB 129 1532 415 149.396
coreB 130 1577 414 130.673
coreB 131 1520 413 37.6644
coreB 132 1569 412 27.2413
coreB 133 1550 411 41.3944
coreB 134 1571 410 35.1572
coreB 135 1568 409 53.0483
coreB 136 1522 408 44.2026
coreB 137 1573 407 43.3618
coreB 138 1519 406 174.55
coreB 139 1497 405 33.7507
coreB 140 1533 405 25.488
coreB 141 1515 404 40.9108
coreB 142 1541 403 154.407
coreB 143 1520 402 41.071
coreB 144 1529 401 214.555
coreB 145 1506 401 11.2744
coreB 146 1529 400 40.1142
coreB 147 1550 399 40.1107
coreB 148 1514 398 39.9341
coreB 149 1489 397 45.4632
coreB 150 1509 397 45.9761
coreB 151 1483 396 37.1861
coreB 152 1497 395 47.2927
coreB 153 1472 394 38.4734
coreB 154 1482 393 33.8518
coreB 155 1520 392 52.3024
coreB 156 1482 392 40.7962
coreB 157 1510 391 40.2728
coreB 158 1503 390 39.7567
coreB 159 1477 389 128.919
coreB 160 1468 389 43.0155
coreB 161 1503 388 45.6968
coreB 162 1510 387 39.7537
coreB 163 1509 387 33.7847
coreB 164 1471 386 50.739
coreB 165 1430 386 40.829
coreB 166 1480 385 40.8129
coreB 167 1465 384 36.3154
coreB 168 1448 384 42.5942
coreB 169 1484 383 127.202
coreB 170 1431 382 42.0022
coreB 171 1443 381 38.6885
coreB 172 1475 381 47.0551
coreB 173 1448 380 39.6983
coreB 174 1460 379 40.2722
coreB 175 1444 379 44.3648
coreB 176 1402 378 40.6102
coreB 177 1453 377 32.8209
coreB 178 1400 377 50.0031
coreB 179 1451 376 41.2681
coreB 180 1420 376 40.656
coreB 181 1437 375 41.1028
coreB 182 1419 374 41.0166
coreB 183 1422 374 129.839
coreB 184 1441 373 160.834
coreB 185 1462 373 20.6384
coreB 186 1419 372 14.8546
coreB 187 1428 371 44.8674
coreB 188 1415 371 43.966
coreB 189 1429 370 34.2654
coreB 190 1432 369 45.8286
coreB 191 1389 368 46.6298
coreB 192 1422 368 34.7198
coreB 193 1401 367 41.9346
coreB 194 1447 367 44.3554
coreB 195 1400 366 38.0374
coreB 196 1422 366 53.1754
coreB 197 1441 365 42.5753
coreB 198 1457 364 25.8716
coreB 199 1418 364 53.2435
coreB 200 1407 363 43.802
coreB 201 1428 363 48.8773
coreB 202 1420 362 43.8817
coreB 203 1394 361 42.1303
coreB 204 1409 361 153.044
coreB 205 1401 360 26.356
coreB 206 1366 360 42.4548
coreB 207 1417 359 50.4795
coreB 208 1364 359 35.8763
coreB 209 1386 358 39.2521
coreB 210 1403 358 49.883
coreB 211 1449 357 36.9362
coreB 212 1371 357 43.3251
coreB 213 1393 356 42.3882
coreB 214 1395 356 39.6069
coreB 215 1395 355 46.2093
coreB 216 1429 355 49.5182
coreB 217 1380 354 145.198
coreB 218 1358 354 18.7069
coreB 219 1388 353 39.4093
coreB 220 1351 353 45.797
coreB 221 1382 352 49.0141
coreB 222 1352 352 39.8232
coreB 223 1335 351 40.648
coreB 224 1389 351 39.8398
coreB 225 1364 350 39.9293
coreB 226 1359 350 35.1342
coreB 227 1344 349 51.2438
coreB 228 1362 348 274.209
coreB 229 1363 348 10.4816
coreB 230 1360 347 9.74829
coreB 231 1359 347 288.754
coreB 232 1320 346 8.23689
coreB 233 1353 346 39.5397
coreB 234 1334 345 39.4836
coreB 235 1355 345 188.32
coreB 236 1330 344 39.9172
coreB 237 1321 344 130.927
coreB 238 1293 343 40.7522
coreB 239 1340 343 158.157
coreB 240 1327 342 24.0288
coreB 241 1327 342 39.7508
coreB 242 1312 342 157.271
coreB 243 1283 341 32.6543
coreB 244 1327 341 33.8806
coreB 245 1308 340 45.7321
coreB 246 1295 340 41.211
coreB 247 1293 339 37.923
coreB 248 1306 339 39.7669
coreB 249 1290 339 131.616
coreB 250 1299 338 39.7147
coreB 251 1294 338 39.5011
coreB 252 1321 337 49.9427
coreB 253 1331 337 235.75
coreB 254 1277 336 14.1418
coreB 255 1270 336 12.3035
coreB 256 1283 336 41.2329
coreB 257 1289 335 39.963
coreB 258 1295 334 307.758
coreB 259 1237 334 249.521
coreB 260 1301 333 16.5983
coreB 261 1255 333 13.2427
coreB 262 1252 333 40.3202
coreB 263 1266 332 39.4814
coreB 264 1235 332 39.3949
coreB 265 1265 331 41.1997
coreB 266 1272 331 309.631
coreB 267 1254 331 281.882
coreB 268 1270 330 17.8766
coreB 269 1257 330 14.9087
coreB 270 1254 330 40.4816
coreB 271 1234 329 42.0744
coreB 272 1258 329 39.9053
coreB 273 1253 329 40.7274
coreB 274 1264 328 124.685
coreB 275 1244 328 312.282
coreB 276 1241 327 14.3692
coreB 277 1269 327 10.9385
coreB 278 1236 327 40.9265
coreB 279 1242 326 40.8298
coreB 280 1273 326 42.0122
coreB 281 1244 326 42.1576
coreB 282 1222 326 41.9983
coreB 283 1232 325 39.9434
coreB 284 1203 325 41.0057
coreB 285 1243 324 39.5877
coreB 286 1249 324 41.0653
coreB 287 1201 324 167.514
coreB 288 1220 323 41.5329
coreB 289 1238 323 41.5175
coreB 290 1223 323 40.9878
coreB 291 1229 322 41.293
coreB 292 1226 322 40.9521
coreB 293 1213 322 114.125
coreB 294 1212 321 39.72
coreB 295 1199 321 179.311
coreB 296 1194 321 40.7263
coreB 297 1218 320 37.4267
coreB 298 1242 320 41.9615
coreB 299 1169 320 41.2474
coreB 300 1214 320 35.4564
coreB 301 1199 319 168.751
coreB 302 1223 319 22.4377
coreB 303 1188 319 18.1988
coreB 304 1176 318 42.0215
coreB 305 1230 318 41.3684
coreB 306 1186 318 41.7241
coreB 307 1174 317 39.7655
coreB 308 1181 317 156.276
coreB 309 1216 316 22.0872
coreB 310 1161 316 253.141
coreB 311 1198 316 28.9227
coreB 312 1190 315 20.668
coreB 313 1196 315 40.1721
coreB 314 1197 314 280.413
total 598.935
coreA 1 6395 108622 236.915
coreA 2 6395 108622 53.0161
coreA 3 6394 108622 52.9827
coreA 4 6397 108622 54.2354
coreA 5 6396 108622 50.5712
coreA 6 6395 108622 45.4517
coreA 7 6405 108622 48.0716
coreA 8 6403 108622 53.4022
coreA 9 6410 108620 46.7053
coreA 10 6401 108620 45.4994
coreA 11 6401 108620 42.216
coreA 12 6410 108620 53.046
coreA 13 6414 108619 53.1898
coreA 14 6413 108618 53.0268
coreA 15 6418 108606 140.551
coreA 16 6405 108606 47.7908
coreA 17 6412 108601 52.3027
coreA 18 6414 108600 52.4909
coreA 19 6401 108598 54.4723
coreA 20 6405 108594 52.3135
coreA 21 6419 108592 52.4086
coreA 22 6415 108591 52.2604
coreA 23 6417 108591 52.6722
coreA 24 6417 108590 121.281
coreA 25 6430 108586 54.1289
coreA 26 6410 108582 52.6291
coreA 27 6416 108576 105.238
coreA 28 6403 108572 52.3982
coreA 29 6419 108570 52.3632
coreA 30 6413 108566 135.762
coreA 31 6415 108564 52.1396
coreA 32 6411 108563 110.084
coreA 33 6416 108558 55.1172
coreA 34 6417 108555 54.5373
coreA 35 6414 108554 54.7406
coreA 36 6404 108554 54.4994
coreA 37 6398 108550 51.6539
coreA 38 6382 108545 45.421
coreA 39 6418 108540 53.2541
coreA 40 6428 108531 51.4328
coreA 41 6431 108529 51.6785
coreA 42 6409 108522 51.539
coreA 43 6398 108512 51.493
coreA 44 6387 108502 51.3715
coreA 45 6406 108499 54.1155
coreA 46 6391 108489 54.1477
coreA 47 6409 108480 54.119
coreA 48 6395 108474 53.7671
coreA 49 6398 108465 54.1028
coreA 50 6403 108456 53.8564
coreA 51 6396 108439 51.0549
coreA 52 6399 108430 56.126
coreA 53 6386 108417 58.3963
coreA 54 6407 108407 53.0374
coreA 55 6379 108397 53.1115
coreA 56 6368 108381 52.703
coreA 57 6394 108367 54.0374
coreA 58 6365 108352 52.9528
coreA 59 6380 108342 52.9758
coreA 60 6388 108333 52.8192
coreA 61 6403 108320 53.3409
coreA 62 6375 108313 51.9826
coreA 63 6359 108293 51.8027
coreA 64 6369 108274 51.5992
coreA 65 6385 108256 155.708
coreA 66 6403 108236 53.6881
coreA 67 6373 108217 53.3923
coreA 68 6379 108197 53.5342
coreA 69 6390 108167 55.4826
coreA 70 6395 108151 59.1525
coreA 71 6370 108127 119.785
coreA 72 6368 108107 52.1829
coreA 73 6348 108070 52.298
coreA 74 6399 108032 51.7888
coreA 75 6413 107996 52.0364
coreA 76 6412 107963 52.1753
coreA 77 6379 107938 306.348
coreA 78 6348 107901 51.6006
coreA 79 6403 107868 51.6623
coreA 80 6381 107827 51.5383
coreA 81 6369 107781 51.6541
coreA 82 6411 107733 50.7156
coreA 83 6355 107688 50.7455
coreA 84 6356 107644 50.7577
coreA 85 6370 107598 50.7587
coreA 86 6382 107541 91.2881
coreA 87 6360 107487 58.7927
coreA 88 6363 107409 59.6194
coreA 89 6355 107365 59.0701
coreA 90 6366 107295 59.4795
coreA 91 6372 107220 113.597
coreA 92 6354 107159 95.0159
coreA 93 6377 107110 52.4183
coreA 94 6342 107045 95.1303
coreA 95 6359 106978 96.2401
coreA 96 6322 106891 55.5078
coreA 97 6357 106803 59.8874
coreA 98 6338 106683 50.7541
coreA 99 6299 106582 62.2714
coreA 100 6358 106489 59.2155
coreA 101 6321 106360 50.428
coreA 102 6322 106255 49.3735
coreA 103 6336 106140 50.6388
coreA 104 6335 106033 49.2513
coreA 105 6305 105923 90.4896
coreA 106 6338 105802 48.7982
coreA 107 6286 105685 48.6965
coreA 108 6338 105549 217.475
coreA 109 6272 105408 50.8583
coreA 110 6325 105237 50.5676
coreA 111 6347 105086 194.968
coreA 112 6324 104968 48.5233
coreA 113 6286 104824 48.3016
coreA 114 6269 104686 48.4563
coreA 115 6309 104530 49.3515
coreA 116 6294 104379 49.801
coreA 117 6306 104231 48.4195
coreA 118 6274 104045 48.5472
coreA 119 6262 103867 239.586
coreA 120 6283 103717 252.204
coreA 121 6281 103534 50.1894
coreA 122 6267 103337 50.003
coreA 123 6295 103159 49.8405
coreA 124 6244 102935 49.8179
coreA 125 6269 102709 48.5786
coreA 126 6271 102493 48.5543
coreA 127 6238 102299 48.6674
coreA 128 6229 102083 48.324
coreA 129 6230 101870 62.0722
coreA 130 6214 101659 64.2343
coreA 131 6224 101451 50.3552
coreA 132 6199 101199 52.2036
coreA 133 6210 100946 91.6825
coreA 134 6235 100697 49.5636
coreA 135 6156 100422 49.7818
coreA 136 6197 100195 49.9322
coreA 137 6188 99941 49.6676
coreA 138 6212 99673 49.6811
coreA 139 6181 99416 48.6871
coreA 140 6177 99141 122.519
coreA 141 6138 98825 50.1925
coreA 142 6162 98528 49.9601
coreA 143 6146 98224 50.4101
coreA 144 6158 97923 48.605
coreA 145 6176 97589 48.5123
coreA 146 6117 97256 48.7981
coreA 147 6151 96883 48.7873
coreA 148 6092 96568 88.843
coreA 149 6093 96248 52.1401
coreA 150 6131 95879 49.3399
coreA 151 6097 95516 48.2361
coreA 152 6117 95183 56.0867
coreA 153 6143 94801 49.5059
coreA 154 6096 94426 64.6076
coreA 155 6108 94092 49.9081
coreA 156 6083 93744 49.8813
coreA 157 6075 93400 167.982
coreA 158 6040 93034 49.7912
coreA 159 6078 92672 102.263
coreA 160 6082 92322 48.0453
coreA 161 6065 91892 47.8983
coreA 162 6055 91504 139.585
coreA 163 6022 91129 49.7191
coreA 164 6043 90745 49.6119
coreA 165 6010 90324 49.5644
coreA 166 6033 89940 49.397
coreA 167 5993 89569 65.7437
coreA 168 5988 89188 64.9936
coreA 169 5982 88777 90.361
coreA 170 5942 88370 66.4001
coreA 171 5911 87979 61.2641
coreA 172 5955 87565 50.3159
coreA 173 5934 87146 50.2942
coreA 174 5945 86723 90.6771
coreA 175 5846 86319 48.5337
coreA 176 5954 85885 48.5731
coreA 177 5879 85502 96.2707
coreA 178 5887 85020 49.2206
coreA 179 5842 84562 49.2332
coreA 180 5861 84113 50.069
coreA 181 5902 83602 49.9987
coreA 182 5821 83124 67.3721
coreA 183 5812 82668 69.5586
coreA 184 5868 82234 89.7891
coreA 185 5805 81702 66.9039
coreA 186 5805 81248 47.7565
coreA 187 5814 80786 47.536
coreA 188 5781 80317 67.3884
coreA 189 5791 79878 49.3798
coreA 190 5752 79404 95.1683
coreA 191 5724 78920 65.9407
coreA 192 5701 78483 49.2857
coreA 193 5710 78046 49.1123
coreA 194 5710 77553 49.0974
coreA 195 5701 77061 48.8656
coreA 196 5667 76571 65.9388
coreA 197 5670 76065 61.2413
coreA 198 5643 75596 60.0986
coreA 199 5672 75070 58.1702
coreA 200 5592 74581 57.4664
coreA 201 5603 74059 59.5315
coreA 202 5618 73584 47.4845
coreA 203 5581 73103 47.4176
coreA 204 5571 72611 47.375
coreA 205 5556 72146 47.1124
coreA 206 5551 71660 101.548
coreA 207 5538 71172 96.6212
coreA 208 5550 70623 48.7093
coreA 209 5528 70098 48.6185
coreA 210 5501 69589 48.3405
coreA 211 5491 69098 47.5571
coreA 212 5488 68563 69.2557
coreA 213 5484 68088 46.8643
coreA 214 5429 67582 46.6744
coreA 215 5421 67080 46.6444
coreA 216 5396 66535 46.5539
coreA 217 5407 65991 139.344
coreA 218 5364 65506 46.6091
coreA 219 5407 65041 46.4744
coreA 220 5338 64542 46.6183
coreA 221 5290 64015 48.0611
coreA 222 5308 63521 47.9551
coreA 223 5281 63036 47.8274
coreA 224 5260 62580 47.4069
coreA 225 5254 62062 98.5973
coreA 226 5245 61594 64.0003
coreA 227 5252 61128 49.9119
coreA 228 5219 60699 49.9536
coreA 229 5202 60235 108.992
coreA 230 5177 59791 52.2866
coreA 231 5194 59352 55.3912
coreA 232 5157 58883 47.5475
coreA 233 5125 58431 47.483
coreA 234 5131 57987 47.0193
coreA 235 5132 57550 49.0612
coreA 236 5072 57132 48.5511
coreA 237 5045 56613 47.1129
coreA 238 5050 56063 47.1621
coreA 239 5015 55631 48.4294
coreA 240 4990 55213 47.3865
coreA 241 5020 54806 47.2363
coreA 242 4997 54350 47.2616
coreA 243 4963 53915 47.0744
coreA 244 4944 53509 58.8533
coreA 245 4948 53015 48.6099
coreA 246 4924 52586 52.5813
coreA 247 4896 52168 59.1938
coreA 248 4914 51715 51.0774
coreA 249 4878 51318 46.7223
coreA 250 4870 50921 46.674
coreA 251 4866 50479 46.2528
coreA 252 4814 50016 46.4741
coreA 253 4800 49608 106.822
coreA 254 4791 49190 145.935
coreA 255 4798 48755 46.3526
coreA 256 4743 48357 46.3054
coreA 257 4749 47938 49.1318
coreA 258 4690 47507 46.6816
coreA 259 4715 47073 46.714
coreA 260 4658 46683 46.7301
coreA 261 4677 46267 47.7441
coreA 262 4633 45917 47.6155
coreA 263 4608 45498 100.147
coreA 264 4641 45056 47.0448
coreA 265 4580 44628 46.9888
coreA 266 4625 44184 46.2504
coreA 267 4563 43829 46.1785
coreA 268 4543 43447 45.9836
coreA 269 4536 43056 48.6426
coreA 270 4528 42658 48.7152
coreA 271 4518 42269 46.7567
coreA 272 4474 41852 46.604
coreA 273 4489 41490 46.6973
coreA 274 4443 41095 47.7916
coreA 275 4430 40683 47.7745
coreA 276 4396 40282 192.394
coreA 277 4398 39898 48.4072
coreA 278 4391 39537 48.4755
coreA 279 4390 39181 47.2817
coreA 280 4348 38799 47.3025
coreA 281 4335 38407 47.0623
coreA 282 4323 38041 51.7324
coreA 283 4315 37671 45.4982
coreA 284 4275 37327 45.602
coreA 285 4253 36940 218.023
coreA 286 4241 36590 48.209
coreA 287 4205 36250 191.215
coreA 288 4227 35908 47.2061
coreA 289 4155 35511 46.9233
coreA 290 4161 35134 46.8084
coreA 291 4140 34831 46.7555
coreA 292 4121 34511 47.003
coreA 293 4101 34114 59.1779
coreA 294 4068 33696 47.1105
coreA 295 4068 33294 91.1656
coreA 296 4050 32940 105.518
coreA 297 4015 32574 57.4694
coreA 298 4049 32223 47.2159
coreA 299 4001 31865 47.2599
coreA 300 3989 31534 47.7416
coreA 301 3940 31212 46.7536
coreA 302 3922 30897 46.7109
coreA 303 3937 30555 46.8159
coreA 304 3915 30238 46.7552
coreA 305 3905 29915 46.7591
coreA 306 3880 29610 192.644
coreA 307 3831 29278 47.7411
coreA 308 3809 28999 47.7972
coreA 309 3776 28694 47.7946
coreA 310 3795 28379 45.1047
coreA 311 3793 28049 45.0736
coreA 312 3767 27692 47.4111
coreA 313 3763 27414 45.0971
coreA 314 3730 27136 45.1695
coreB 1 1126 2017 6.36985
coreB 2 1649 1992 41.0156
coreB 3 1777 1992 40.1174
coreB 4 1826 1992 41.1708
coreB 5 1888 1628 41.191
coreB 6 1913 1628 41.3418
coreB 7 1900 1628 39.6647
coreB 8 1936 1628 41.241
coreB 9 1912 1628 509.556
coreB 10 1946 1628 40.9828
coreB 11 1990 1373 40.1361
coreB 12 1997 1373 40.5058
coreB 13 1997 1373 40.5833
coreB 14 1951 1373 40.5326
coreB 15 1993 1372 39.4655
coreB 16 1986 915 41.1809
coreB 17 2013 915 42.6701
coreB 18 1960 914 42.4857
coreB 19 1974 909 239.512
coreB 20 1949 837 41.8263
coreB 21 1959 741 41.8624
coreB 22 1978 721 43.2591
coreB 23 1964 719 40.5941
coreB 24 1945 648 40.2145
coreB 25 1952 641 42.127
coreB 26 1947 635 481.524
coreB 27 1933 628 40.9976
coreB 28 1938 621 39.6441
coreB 29 1926 615 40.0685
coreB 30 1907 610 39.6633
coreB 31 1916 604 92.3354
coreB 32 1918 599 79.0742
coreB 33 1917 594 104.56
coreB 34 1867 590 39.7257
coreB 35 1882 586 40.0334
coreB 36 1865 582 124.96
coreB 37 1901 577 41.6127
coreB 38 1832 572 84.9669
coreB 39 1828 569 40.7579
coreB 40 1848 564 40.6701
coreB 41 1844 560 42.1487
coreB 42 1829 557 40.6676
coreB 43 1841 553 41.0822
coreB 44 1822 550 40.3226
coreB 45 1793 546 39.8746
coreB 46 1807 543 39.603
coreB 47 1781 540 120.103
coreB 48 1826 537 40.6371
coreB 49 1803 534 39.637
coreB 50 1772 531 39.4734
coreB 51 1777 528 41.1946
coreB 52 1814 525 41.5237
coreB 53 1784 522 40.311
coreB 54 1763 520 41.8636
coreB 55 1746 518 188.192
coreB 56 1744 516 40.9493
coreB 57 1730 514 40.7922
coreB 58 1738 511 41.7936
coreB 59 1762 509 40.207
coreB 60 1754 507 40.5578
coreB 61 1743 504 39.5833
coreB 62 1729 502 39.9101
coreB 63 1701 500 40.3654
coreB 64 1714 498 40.3372
coreB 65 1709 496 40.9813
coreB 66 1707 494 40.2369
coreB 67 1725 492 40.3872
coreB 68 1724 491 182.3
coreB 69 1722 489 41.0033
coreB 70 1665 488 41.4535
coreB 71 1666 486 127.437
coreB 72 1680 484 39.7317
coreB 73 1704 482 40.1778
coreB 74 1665 480 39.773
coreB 75 1679 479 40.4991
coreB 76 1647 477 40.941
coreB 77 1685 476 81.0592
coreB 78 1642 474 40.4518
coreB 79 1623 473 40.4235
coreB 80 1644 471 39.9096
coreB 81 1704 470 39.8582
coreB 82 1634 468 40.8594
coreB 83 1652 467 40.9498
coreB 84 1660 465 41.7848
coreB 85 1638 464 40.0015
coreB 86 1666 463 39.9485
coreB 87 1660 461 187.655
coreB 88 1691 460 41.668
coreB 89 1655 459 41.5943
coreB 90 1610 457 40.9878
coreB 91 1654 456 39.9238
coreB 92 1595 454 482.43
coreB 93 1608 454 41.105
coreB 94 1640 452 41.4142
coreB 95 1640 450 121.281
coreB 96 1612 449 40.1475
coreB 97 1588 448 83.6122
coreB 98 1652 447 40.8226
coreB 99 1646 446 105.007
coreB 100 1628 444 40.7461
coreB 101 1601 443 41.9623
coreB 102 1636 442 40.99
coreB 103 1649 441 40.2299
coreB 104 1656 440 39.9801
coreB 105 1635 438 39.4481
coreB 106 1636 438 41.8936
coreB 107 1602 436 41.6575
coreB 108 1644 435 41.5464
coreB 109 1609 434 40.7196
coreB 110 1607 433 40.8718
coreB 111 1579 432 41.0403
coreB 112 1607 431 41.8739
coreB 113 1584 430 45.7849
coreB 114 1602 429 44.9881
coreB 115 1581 428 39.9956
coreB 116 1572 427 39.8772
coreB 117 1575 426 40.031
coreB 118 1543 425 39.9757
coreB 119 1571 424 107.51
coreB 120 1561 423 40.3773
coreB 121 1546 422 40.4461
coreB 122 1557 421 40.6677
coreB 123 1570 420 41.299
coreB 124 1558 419 40.2082
coreB 125 1588 418 41.6685
coreB 126 1521 418 42.2591
coreB 127 1564 416 42.3139
coreB 128 1563 416 39.8074
coreB 129 1532 415 42.6474
coreB 130 1577 414 37.5568
coreB 131 1520 413 40.1138
coreB 132 1569 412 39.8492
coreB 133 1550 411 39.909
coreB 134 1571 410 39.8723
coreB 135 1568 409 77.0576
coreB 136 1522 408 40.8174
coreB 137 1573 407 41.01
coreB 138 1519 406 42.1165
coreB 139 1497 405 39.9054
coreB 140 1533 405 43.5512
coreB 141 1515 404 39.8668
coreB 142 1541 403 39.6531
coreB 143 1520 402 40.269
coreB 144 1529 401 39.8326
coreB 145 1506 401 40.0585
coreB 146 1529 400 39.8179
coreB 147 1550 399 41.1158
coreB 148 1514 398 427.611
coreB 149 1489 397 44.9717
coreB 150 1509 397 42.0702
coreB 151 1483 396 41.6239
coreB 152 1497 395 41.1223
coreB 153 1472 394 39.764
coreB 154 1482 393 441.252
coreB 155 1520 392 41.0909
coreB 156 1482 392 40.1809
coreB 157 1510 391 40.2497
coreB 158 1503 390 40.2728
coreB 159 1477 389 43.2694
coreB 160 1468 389 40.8621
coreB 161 1503 388 40.1539
coreB 162 1510 387 143.502
coreB 163 1509 387 40.8698
coreB 164 1471 386 40.9498
coreB 165 1430 386 40.6555
coreB 166 1480 385 39.7042
coreB 167 1465 384 40.2729
coreB 168 1448 384 41.2971
coreB 169 1484 383 44.5564
coreB 170 1431 382 40.8317
coreB 171 1443 381 67.1835
coreB 172 1475 381 40.591
coreB 173 1448 380 39.6886
coreB 174 1460 379 39.5629
coreB 175 1444 379 40.4919
coreB 176 1402 378 42.9112
coreB 177 1453 377 49.0583
coreB 178 1400 377 40.7113
coreB 179 1451 376 40.8216
coreB 180 1420 376 40.8188
coreB 181 1437 375 40.0571
coreB 182 1419 374 40.1769
coreB 183 1422 374 40.1628
coreB 184 1441 373 40.6776
coreB 185 1462 373 41.0781
coreB 186 1419 372 40.5593
coreB 187 1428 371 40.5818
coreB 188 1415 371 40.5088
coreB 189 1429 370 39.6523
coreB 190 1432 369 42.0027
coreB 191 1389 368 381.476
coreB 192 1422 368 41.8207
coreB 193 1401 367 41.7291
coreB 194 1447 367 471.989
coreB 195 1400 366 42.0364
coreB 196 1422 366 188.019
coreB 197 1441 365 465.237
coreB 198 1457 364 39.6313
coreB 199 1418 364 40.5422
coreB 200 1407 363 39.5566
coreB 201 1428 363 471.739
coreB 202 1420 362 41.8367
coreB 203 1394 361 41.0185
coreB 204 1409 361 41.8307
coreB 205 1401 360 41.0533
coreB 206 1366 360 44.0808
coreB 207 1417 359 46.8385
coreB 208 1364 359 41.8014
coreB 209 1386 358 41.6997
coreB 210 1403 358 39.6837
coreB 211 1449 357 148.08
coreB 212 1371 357 125.997
coreB 213 1393 356 41.0948
coreB 214 1395 356 40.9341
coreB 215 1395 355 41.22
coreB 216 1429 355 40.9599
coreB 217 1380 354 40.1293
coreB 218 1358 354 40.0317
coreB 219 1388 353 40.8122
coreB 220 1351 353 147.809
coreB 221 1382 352 40.5768
coreB 222 1352 352 39.5667
coreB 223 1335 351 40.433
coreB 224 1389 351 40.6878
coreB 225 1364 350 84.2388
coreB 226 1359 350 66.776
coreB 227 1344 349 39.8751
coreB 228 1362 348 40.1632
coreB 229 1363 348 40.2061
coreB 230 1360 347 43.9822
coreB 231 1359 347 65.643
coreB 232 1320 346 41.7889
coreB 233 1353 346 41.0477
coreB 234 1334 345 332.674
coreB 235 1355 345 48.425
coreB 236 1330 344 46.7835
coreB 237 1321 344 65.3618
coreB 238 1293 343 44.9624
coreB 239 1340 343 382.239
coreB 240 1327 342 40.8566
coreB 241 1327 342 40.786
coreB 242 1312 342 40.7895
coreB 243 1283 341 40.6155
coreB 244 1327 341 104.193
coreB 245 1308 340 40.9018
coreB 246 1295 340 45.66
coreB 247 1293 339 47.7339
coreB 248 1306 339 47.6535
coreB 249 1290 339 39.7629
coreB 250 1299 338 39.848
coreB 251 1294 338 39.6898
coreB 252 1321 337 41.4591
coreB 253 1331 337 101.293
coreB 254 1277 336 436.903
coreB 255 1270 336 40.8069
coreB 256 1283 336 41.4287
coreB 257 1289 335 40.6474
coreB 258 1295 334 39.9934
coreB 259 1237 334 83.7793
coreB 260 1301 333 39.0022
coreB 261 1255 333 40.8577
coreB 262 1252 333 83.4806
coreB 263 1266 332 48.1541
coreB 264 1235 332 45.6552
coreB 265 1265 331 39.9769
coreB 266 1272 331 41.3392
coreB 267 1254 331 41.12
coreB 268 1270 330 44.944
coreB 269 1257 330 43.2636
coreB 270 1254 330 38.5682
coreB 271 1234 329 38.874
coreB 272 1258 329 47.6234
coreB 273 1253 329 45.0545
coreB 274 1264 328 40.8709
coreB 275 1244 328 40.5812
coreB 276 1241 327 40.8464
coreB 277 1269 327 41.0791
coreB 278 1236 327 66.0032
coreB 279 1242 326 38.4921
coreB 280 1273 326 42.9244
coreB 281 1244 326 41.776
coreB 282 1222 326 34.7533
coreB 283 1232 325 39.7284
coreB 284 1203 325 84.6965
coreB 285 1243 324 39.8489
coreB 286 1249 324 40.7976
coreB 287 1201 324 65.8127
coreB 288 1220 323 45.744
coreB 289 1238 323 41.352
coreB 290 1223 323 41.2317
coreB 291 1229 322 41.1292
coreB 292 1226 322 40.9071
coreB 293 1213 322 46.1196
coreB 294 1212 321 65.4334
coreB 295 1199 321 61.4289
coreB 296 1194 321 42.4428
coreB 297 1218 320 45.2225
coreB 298 1242 320 40.8525
coreB 299 1169 320 392.32
coreB 300 1214 320 46.9368
coreB 301 1199 319 41.1684
coreB 302 1223 319 45.0688
coreB 303 1188 319 66.3656
coreB 304 1176 318 42.6109
coreB 305 1230 318 86.5903
coreB 306 1186 318 387.472
coreB 307 1174 317 49.78
coreB 308 1181 317 40.8179
coreB 309 1216 316 43.0221
coreB 310 1161 316 39.7961
coreB 311 1198 316 40.1791
coreB 312 1190 315 67.9013
coreB 313 1196 315 41.8883
coreB 314 1197 314 40.2392
total 571.027
coreA 1 6395 108622 227.633
coreA 2 6395 108622 17.4791
coreA 3 6394 108622 12.1827
coreA 4 6397 108622 12.509
coreA 5 6396 108622 13.7593
coreA 6 6395 108622 13.5424
coreA 7 6405 108622 13.7169
coreA 8 6403 108622 54.6482
coreA 9 6410 108620 52.7365
coreA 10 6401 108620 51.5904
coreA 11 6401 108620 51.1339
coreA 12 6410 108620 52.5853
coreA 13 6414 108619 44.1857
coreA 14 6413 108618 62.3454
coreA 15 6418 108606 55.7616
coreA 16 6405 108606 54.8895
coreA 17 6412 108601 57.578
coreA 18 6414 108600 60.0654
coreA 19 6401 108598 60.2958
coreA 20 6405 108594 54.7178
coreA 21 6419 108592 56.9235
coreA 22 6415 108591 50.845
coreA 23 6417 108591 61.9654
coreA 24 6417 108590 58.2959
coreA 25 6430 108586 59.3897
coreA 26 6410 108582 64.2598
coreA 27 6416 108576 60.8937
coreA 28 6403 108572 60.8313
coreA 29 6419 108570 57.8863
coreA 30 6413 108566 54.1504
coreA 31 6415 108564 37.4474
coreA 32 6411 108563 30.6864
coreA 33 6416 108558 69.004
coreA 34 6417 108555 64.64
coreA 35 6414 108554 60.2976
coreA 36 6404 108554 58.9042
coreA 37 6398 108550 53.5619
coreA 38 6382 108545 37.3273
coreA 39 6418 108540 70.5825
coreA 40 6428 108531 68.6899
coreA 41 6431 108529 61.7563
coreA 42 6409 108522 58.7769
coreA 43 6398 108512 49.7009
coreA 44 6387 108502 68.0828
coreA 45 6406 108499 64.8148
coreA 46 6391 108489 63.5846
coreA 47 6409 108480 72.7736
coreA 48 6395 108474 65.9454
coreA 49 6398 108465 66.9279
coreA 50 6403 108456 63.9215
coreA 51 6396 108439 50.5932
coreA 52 6399 108430 35.6618
coreA 53 6386 108417 373.224
coreA 54 6407 108407 21.4883
coreA 55 6379 108397 16.8006
coreA 56 6368 108381 15.2982
coreA 57 6394 108367 14.9673
coreA 58 6365 108352 14.7129
coreA 59 6380 108342 74.6171
coreA 60 6388 108333 69.528
coreA 61 6403 108320 73.604
coreA 62 6375 108313 59.1812
coreA 63 6359 108293 76.7465
coreA 64 6369 108274 70.2561
coreA 65 6385 108256 70.8977
coreA 66 6403 108236 63.673
coreA 67 6373 108217 47.2156
coreA 68 6379 108197 305.446
coreA 69 6390 108167 41.499
coreA 70 6395 108151 31.2327
coreA 71 6370 108127 77.0044
coreA 72 6368 108107 73.1122
coreA 73 6348 108070 73.5593
coreA 74 6399 108032 63.4798
coreA 75 6413 107996 47.357
coreA 76 6412 107963 36.2611
coreA 77 6379 107938 76.9567
coreA 78 6348 107901 76.0044
coreA 79 6403 107868 69.5566
coreA 80 6381 107827 64.9935
coreA 81 6369 107781 47.5085
coreA 82 6411 107733 35.7051
coreA 83 6355 107688 78.2684
coreA 84 6356 107644 73.9624
coreA 85 6370 107598 74.7534
coreA 86 6382 107541 64.4456
coreA 87 6360 107487 80.8583
coreA 88 6363 107409 76.0089
coreA 89 6355 107365 73.0776
coreA 90 6366 107295 64.9362
coreA 91 6372 107220 45.9465
coreA 92 6354 107159 35.1922
coreA 93 6377 107110 83.3833
coreA 94 6342 107045 76.8552
coreA 95 6359 106978 75.6103
coreA 96 6322 106891 64.9682
coreA 97 6357 106803 266.113
coreA 98 6338 106683 57.0389
coreA 99 6299 106582 39.9436
coreA 100 6358 106489 26.2716
coreA 101 6321 106360 18.7218
coreA 102 6322 106255 82.24
coreA 103 6336 106140 77.7768
coreA 104 6335 106033 75.5605
coreA 105 6305 105923 84.3352
coreA 106 6338 105802 74.3221
coreA 107 6286 105685 77.4857
coreA 108 6338 105549 66.8302
coreA 109 6272 105408 45.6663
coreA 110 6325 105237 86.5604
coreA 111 6347 105086 80.4595
coreA 112 6324 104968 75.8648
coreA 113 6286 104824 87.5859
coreA 114 6269 104686 82.3744
coreA 115 6309 104530 78.8012
coreA 116 6294 104379 64.9363
coreA 117 6306 104231 44.436
coreA 118 6274 104045 29.0913
coreA 119 6262 103867 290.294
coreA 120 6283 103717 48.823
coreA 121 6281 103534 36.8223
coreA 122 6267 103337 22.4871
coreA 123 6295 103159 18.7679
coreA 124 6244 102935 16.5104
coreA 125 6269 102709 84.8595
coreA 126 6271 102493 79.5387
coreA 127 6238 102299 79.1059
coreA 128 6229 102083 65.9418
coreA 129 6230 101870 84.8661
coreA 130 6214 101659 83.0416
coreA 131 6224 101451 79.4667
coreA 132 6199 101199 66.4392
coreA 133 6210 100946 44.8004
coreA 134 6235 100697 29.3268
coreA 135 6156 100422 86.8718
coreA 136 6197 100195 84.2391
coreA 137 6188 99941 78.5352
coreA 138 6212 99673 66.5189
coreA 139 6181 99416 43.5495
coreA 140 6177 99141 84.3265
coreA 141 6138 98825 81.7223
coreA 142 6162 98528 82.8492
coreA 143 6146 98224 65.9629
coreA 144 6158 97923 44.1223
coreA 145 6176 97589 86.1125
coreA 146 6117 97256 79.0586
coreA 147 6151 96883 81.0402
coreA 148 6092 96568 86.4232
coreA 149 6093 96248 79.3708
coreA 150 6131 95879 79.6453
coreA 151 6097 95516 66.4272
coreA 152 6117 95183 44.5555
coreA 153 6143 94801 29.9271
coreA 154 6096 94426 87.0504
coreA 155 6108 94092 83.512
coreA 156 6083 93744 80.2235
coreA 157 6075 93400 68.183
coreA 158 6040 93034 42.8045
coreA 159 6078 92672 88.1925
coreA 160 6082 92322 77.3072
coreA 161 6065 91892 80.8609
coreA 162 6055 91504 66.6972
coreA 163 6022 91129 45.3401
coreA 164 6043 90745 82.4505
coreA 165 6010 90324 84.7738
coreA 166 6033 89940 81.0015
coreA 167 5993 89569 289.747
coreA 168 5988 89188 49.8857
coreA 169 5982 88777 36.7557
coreA 170 5942 88370 21.0196
coreA 171 5911 87979 17.7513
coreA 172 5955 87565 86.0798
coreA 173 5934 87146 81.8274
coreA 174 5945 86723 78.7449
coreA 175 5846 86319 83.1569
coreA 176 5954 85885 83.0443
coreA 177 5879 85502 79.3816
coreA 178 5887 85020 67.8849
coreA 179 5842 84562 44.1001
coreA 180 5861 84113 28.6042
coreA 181 5902 83602 83.7156
coreA 182 5821 83124 79.1623
coreA 183 5812 82668 79.0219
coreA 184 5868 82234 68.4871
coreA 185 5805 81702 44.2
coreA 186 5805 81248 311.163
coreA 187 5814 80786 43.8188
coreA 188 5781 80317 28.9369
coreA 189 5791 79878 82.4463
coreA 190 5752 79404 79.0992
coreA 191 5724 78920 79.1042
coreA 192 5701 78483 69.0464
coreA 193 5710 78046 43.9707
coreA 194 5710 77553 29.8742
coreA 195 5701 77061 79.919
coreA 196 5667 76571 77.1649
coreA 197 5670 76065 80.5816
coreA 198 5643 75596 68.9179
coreA 199 5672 75070 44.2511
coreA 200 5592 74581 30.8274
coreA 201 5603 74059 78.8338
coreA 202 5618 73584 79.1537
coreA 203 5581 73103 74.03
coreA 204 5571 72611 68.6847
coreA 205 5556 72146 79.5236
coreA 206 5551 71660 74.24
coreA 207 5538 71172 75.9766
coreA 208 5550 70623 66.6281
coreA 209 5528 70098 47.8278
coreA 210 5501 69589 32.8894
coreA 211 5491 69098 76.4853
coreA 212 5488 68563 75.0475
coreA 213 5484 68088 72.3075
coreA 214 5429 67582 69.2174
coreA 215 5421 67080 75.2157
coreA 216 5396 66535 72.0517
coreA 217 5407 65991 74.1171
coreA 218 5364 65506 65.5263
coreA 219 5407 65041 47.5417
coreA 220 5338 64542 75.7601
coreA 221 5290 64015 69.5681
coreA 222 5308 63521 70.1178
coreA 223 5281 63036 261.898
coreA 224 5260 62580 55.566
coreA 225 5254 62062 37.795
coreA 226 5245 61594 27.9286
coreA 227 5252 61128 17.1987
coreA 228 5219 60699 15.5963
coreA 229 5202 60235 71.7683
coreA 230 5177 59791 69.4005
coreA 231 5194 59352 70.7833
coreA 232 5157 58883 65.1347
coreA 233 5125 58431 48.297
coreA 234 5131 57987 69.2214
coreA 235 5132 57550 65.6594
coreA 236 5072 57132 64.5492
coreA 237 5045 56613 62.7938
coreA 238 5050 56063 51.0974
coreA 239 5015 55631 244.919
coreA 240 4990 55213 57.6672
coreA 241 5020 54806 41.5959
coreA 242 4997 54350 66.207
coreA 243 4963 53915 65.7652
coreA 244 4944 53509 62.6512
coreA 245 4948 53015 63.7235
coreA 246 4924 52586 52.3447
coreA 247 4896 52168 67.9977
coreA 248 4914 51715 62.5254
coreA 249 4878 51318 62.1687
coreA 250 4870 50921 65.2468
coreA 251 4866 50479 60.239
coreA 252 4814 50016 63.0348
coreA 253 4800 49608 63.1772
coreA 254 4791 49190 51.2034
coreA 255 4798 48755 38.7283
coreA 256 4743 48357 258.135
coreA 257 4749 47938 51.5808
coreA 258 4690 47507 35.6322
coreA 259 4715 47073 28.712
coreA 260 4658 46683 18.743
coreA 261 4677 46267 14.9417
coreA 262 4633 45917 61.2493
coreA 263 4608 45498 61.9378
coreA 264 4641 45056 60.2053
coreA 265 4580 44628 58.2018
coreA 266 4625 44184 53.6687
coreA 267 4563 43829 252.948
coreA 268 4543 43447 51.6639
coreA 269 4536 43056 36.2931
coreA 270 4528 42658 29.0623
coreA 271 4518 42269 20.2164
coreA 272 4474 41852 57.46
coreA 273 4489 41490 59.8673
coreA 274 4443 41095 59.1651
coreA 275 4430 40683 55.7999
coreA 276 4396 40282 59.0739
coreA 277 4398 39898 60.3882
coreA 278 4391 39537 55.7167
coreA 279 4390 39181 52.1495
coreA 280 4348 38799 56.4314
coreA 281 4335 38407 57.3394
coreA 282 4323 38041 58.6958
coreA 283 4315 37671 56.8278
coreA 284 4275 37327 54.8487
coreA 285 4253 36940 57.0212
coreA 286 4241 36590 55.51
coreA 287 4205 36250 50.7516
coreA 288 4227 35908 43.6533
coreA 289 4155 35511 54.1073
coreA 290 4161 35134 53.3804
coreA 291 4140 34831 53.6597
coreA 292 4121 34511 51.2516
coreA 293 4101 34114 52.2728
coreA 294 4068 33696 50.5766
coreA 295 4068 33294 54.19
coreA 296 4050 32940 54.1001
coreA 297 4015 32574 54.0238
coreA 298 4049 32223 51.3618
coreA 299 4001 31865 50.0999
coreA 300 3989 31534 54.4856
coreA 301 3940 31212 52.2017
coreA 302 3922 30897 48.4511
coreA 303 3937 30555 45.6024
coreA 304 3915 30238 48.1832
coreA 305 3905 29915 50.3778
coreA 306 3880 29610 50.3839
coreA 307 3831 29278 48.1046
coreA 308 3809 28999 49.3223
coreA 309 3776 28694 44.3954
coreA 310 3795 28379 46.7706
coreA 311 3793 28049 52.9229
coreA 312 3767 27692 51.3155
coreA 313 3763 27414 48.6264
coreA 314 3730 27136 47.0805
coreB 1 1126 2017 6.36491
coreB 2 1649 1992 42.125
coreB 3 1777 1992 41.3434
coreB 4 1826 1992 40.0039
coreB 5 1888 1628 39.5358
coreB 6 1913 1628 39.778
coreB 7 1900 1628 39.6418
coreB 8 1936 1628 39.7617
coreB 9 1912 1628 39.4179
coreB 10 1946 1628 42.1402
coreB 11 1990 1373 41.8678
coreB 12 1997 1373 41.9986
coreB 13 1997 1373 42.6515
coreB 14 1951 1373 117.912
coreB 15 1993 1372 40.4044
coreB 16 1986 915 36.327
coreB 17 2013 915 41.2577
coreB 18 1960 914 41.2838
coreB 19 1974 909 41.0137
coreB 20 1949 837 41.1976
coreB 21 1959 741 41.3775
coreB 22 1978 721 172.909
coreB 23 1964 719 40.4318
coreB 24 1945 648 40.1388
coreB 25 1952 641 41.9481
coreB 26 1947 635 40.8945
coreB 27 1933 628 40.983
coreB 28 1938 621 40.8402
coreB 29 1926 615 40.8545
coreB 30 1907 610 41.1803
coreB 31 1916 604 41.6364
coreB 32 1918 599 39.0582
coreB 33 1917 594 68.2025
coreB 34 1867 590 224.542
coreB 35 1882 586 40.8656
coreB 36 1865 582 39.6301
coreB 37 1901 577 40.0845
coreB 38 1832 572 40.6362
coreB 39 1828 569 42.0675
coreB 40 1848 564 41.4231
coreB 41 1844 560 41.5818
coreB 42 1829 557 40.8079
coreB 43 1841 553 41.4457
coreB 44 1822 550 79.4016
coreB 45 1793 546 40.5222
coreB 46 1807 543 40.4794
coreB 47 1781 540 40.8616
coreB 48 1826 537 42.5201
coreB 49 1803 534 41.6573
coreB 50 1772 531 41.5553
coreB 51 1777 528 40.1477
coreB 52 1814 525 36.9893
coreB 53 1784 522 39.7666
coreB 54 1763 520 40.8268
coreB 55 1746 518 100.742
coreB 56 1744 516 103.209
coreB 57 1730 514 73.9986
coreB 58 1738 511 40.5139
coreB 59 1762 509 39.6878
coreB 60 1754 507 41.7244
coreB 61 1743 504 40.3755
coreB 62 1729 502 40.3351
coreB 63 1701 500 40.3951
coreB 64 1714 498 40.389
coreB 65 1709 496 41.3934
coreB 66 1707 494 39.9724
coreB 67 1725 492 183.642
coreB 68 1724 491 182.815
coreB 69 1722 489 39.7612
coreB 70 1665 488 40.5203
coreB 71 1666 486 143.002
coreB 72 1680 484 39.7666
coreB 73 1704 482 40.2525
coreB 74 1665 480 39.5691
coreB 75 1679 479 41.2657
coreB 76 1647 477 40.9601
coreB 77 1685 476 39.5859
coreB 78 1642 474 40.7326
coreB 79 1623 473 40.8065
coreB 80 1644 471 40.6315
coreB 81 1704 470 39.6111
coreB 82 1634 468 40.8127
coreB 83 1652 467 40.7181
coreB 84 1660 465 153.659
coreB 85 1638 464 40.3333
coreB 86 1666 463 40.4522
coreB 87 1660 461 40.1398
coreB 88 1691 460 41.2752
coreB 89 1655 459 41.1361
coreB 90 1610 457 41.0846
coreB 91 1654 456 40.2351
coreB 92 1595 454 77.2378
coreB 93 1608 454 39.8847
coreB 94 1640 452 39.7852
coreB 95 1640 450 39.8338
coreB 96 1612 449 125.239
coreB 97 1588 448 80.75
coreB 98 1652 447 41.391
coreB 99 1646 446 122.355
coreB 100 1628 444 139.776
coreB 101 1601 443 40.7104
coreB 102 1636 442 39.9683
coreB 103 1649 441 40.1123
coreB 104 1656 440 39.8522
coreB 105 1635 438 40.2298
coreB 106 1636 438 40.4058
coreB 107 1602 436 39.7385
coreB 108 1644 435 39.6084
coreB 109 1609 434 41.0331
coreB 110 1607 433 40.906
coreB 111 1579 432 41.2315
coreB 112 1607 431 81.674
coreB 113 1584 430 38.7657
coreB 114 1602 429 76.4619
coreB 115 1581 428 40.8478
coreB 116 1572 427 40.8457
coreB 117 1575 426 41.1005
coreB 118 1543 425 39.8682
coreB 119 1571 424 39.9298
coreB 120 1561 423 143.397
coreB 121 1546 422 40.7185
coreB 122 1557 421 40.9556
coreB 123 1570 420 41.7455
coreB 124 1558 419 82.0676
coreB 125 1588 418 41.7491
coreB 126 1521 418 42.4027
coreB 127 1564 416 42.5045
coreB 128 1563 416 75.9634
coreB 129 1532 415 33.1896
coreB 130 1577 414 64.5193
coreB 131 1520 413 41.1835
coreB 132 1569 412 41.0549
coreB 133 1550 411 101.189
coreB 134 1571 410 143.09
coreB 135 1568 409 159.297
coreB 136 1522 408 39.5624
coreB 137 1573 407 39.7996
coreB 138 1519 406 40.553
coreB 139 1497 405 39.6536
coreB 140 1533 405 39.7954
coreB 141 1515 404 39.6348
coreB 142 1541 403 39.6273
coreB 143 1520 402 114.675
coreB 144 1529 401 39.5327
coreB 145 1506 401 39.7742
coreB 146 1529 400 41.9638
coreB 147 1550 399 40.8824
coreB 148 1514 398 40.7531
coreB 149 1489 397 41.1296
coreB 150 1509 397 41.0219
coreB 151 1483 396 40.8762
coreB 152 1497 395 153.009
coreB 153 1472 394 40.8577
coreB 154 1482 393 40.8891
coreB 155 1520 392 40.4541
coreB 156 1482 392 39.4819
coreB 157 1510 391 39.3843
coreB 158 1503 390 39.5353
coreB 159 1477 389 99.3368
coreB 160 1468 389 41.6546
coreB 161 1503 388 204.488
coreB 162 1510 387 41.8137
coreB 163 1509 387 40.0822
coreB 164 1471 386 40.17
coreB 165 1430 386 39.9268
coreB 166 1480 385 39.7989
coreB 167 1465 384 32.9956
coreB 168 1448 384 40.195
coreB 169 1484 383 38.6417
coreB 170 1431 382 39.3111
coreB 171 1443 381 38.8743
coreB 172 1475 381 41.7367
coreB 173 1448 380 32.5947
coreB 174 1460 379 34.5186
coreB 175 1444 379 40.6511
coreB 176 1402 378 30.51
coreB 177 1453 377 56.1617
coreB 178 1400 377 40.1354
coreB 179 1451 376 40.3684
coreB 180 1420 376 40.348
coreB 181 1437 375 40.4129
coreB 182 1419 374 109.574
coreB 183 1422 374 112.44
coreB 184 1441 373 34.6772
coreB 185 1462 373 73.3007
coreB 186 1419 372 41.6104
coreB 187 1428 371 41.5891
coreB 188 1415 371 41.2868
coreB 189 1429 370 40.8904
coreB 190 1432 369 130.639
coreB 191 1389 368 170.997
coreB 192 1422 368 39.6865
coreB 193 1401 367 39.6599
coreB 194 1447 367 40.7222
coreB 195 1400 366 40.433
coreB 196 1422 366 65.001
coreB 197 1441 365 42.2462
coreB 198 1457 364 40.0461
coreB 199 1418 364 65.1044
coreB 200 1407 363 41.8267
coreB 201 1428 363 63.7073
coreB 202 1420 362 42.7144
coreB 203 1394 361 41.8572
coreB 204 1409 361 151.869
coreB 205 1401 360 40.4023
coreB 206 1366 360 110.693
coreB 207 1417 359 75.086
coreB 208 1364 359 39.4089
coreB 209 1386 358 39.4554
coreB 210 1403 358 39.4474
coreB 211 1449 357 104.57
coreB 212 1371 357 100.642
coreB 213 1393 356 41.5297
coreB 214 1395 356 41.2197
coreB 215 1395 355 141.214
coreB 216 1429 355 39.8158
coreB 217 1380 354 63.9842
coreB 218 1358 354 41.4993
coreB 219 1388 353 76.6021
coreB 220 1351 353 73.5214
coreB 221 1382 352 41.9226
coreB 222 1352 352 40.8471
coreB 223 1335 351 141.001
coreB 224 1389 351 40.8189
coreB 225 1364 350 40.7495
coreB 226 1359 350 39.6984
coreB 227 1344 349 39.6317
coreB 228 1362 348 39.8063
coreB 229 1363 348 143.111
coreB 230 1360 347 40.4811
coreB 231 1359 347 103.856
coreB 232 1320 346 39.5612
coreB 233 1353 346 39.4377
coreB 234 1334 345 39.5411
coreB 235 1355 345 41.9955
coreB 236 1330 344 76.735
coreB 237 1321 344 40.9362
coreB 238 1293 343 102.479
coreB 239 1340 343 40.3875
coreB 240 1327 342 40.8269
coreB 241 1327 342 40.5976
coreB 242 1312 342 40.8285
coreB 243 1283 341 39.6994
coreB 244 1327 341 79.178
coreB 245 1308 340 39.7575
coreB 246 1295 340 39.7766
coreB 247 1293 339 39.6102
coreB 248 1306 339 55.5639
coreB 249 1290 339 39.3947
coreB 250 1299 338 39.6823
coreB 251 1294 338 41.1647
coreB 252 1321 337 40.8575
coreB 253 1331 337 109.637
coreB 254 1277 336 78.3699
coreB 255 1270 336 41.9134
coreB 256 1283 336 42.6209
coreB 257 1289 335 41.9605
coreB 258 1295 334 38.9511
coreB 259 1237 334 34.1499
coreB 260 1301 333 41.7397
coreB 261 1255 333 38.8888
coreB 262 1252 333 42.6265
coreB 263 1266 332 64.1534
coreB 264 1235 332 34.3332
coreB 265 1265 331 72.2602
coreB 266 1272 331 40.5883
coreB 267 1254 331 39.8841
coreB 268 1270 330 39.2513
coreB 269 1257 330 40.4392
coreB 270 1254 330 37.77
coreB 271 1234 329 41.2118
coreB 272 1258 329 61.8233
coreB 273 1253 329 112.17
coreB 274 1264 328 40.2254
coreB 275 1244 328 40.1895
coreB 276 1241 327 61.1311
coreB 277 1269 327 33.5103
coreB 278 1236 327 59.2874
coreB 279 1242 326 39.1728
coreB 280 1273 326 39.085
coreB 281 1244 326 38.205
coreB 282 1222 326 36.8164
coreB 283 1232 325 77.3471
coreB 284 1203 325 59.935
coreB 285 1243 324 62.7057
coreB 286 1249 324 38.8469
coreB 287 1201 324 36.8296
coreB 288 1220 323 36.3761
coreB 289 1238 323 40.9413
coreB 290 1223 323 40.7592
coreB 291 1229 322 40.8289
coreB 292 1226 322 39.2851
coreB 293 1213 322 40.6324
coreB 294 1212 321 39.6873
coreB 295 1199 321 60.988
coreB 296 1194 321 39.2028
coreB 297 1218 320 39.7657
coreB 298 1242 320 39.669
coreB 299 1169 320 112.617
coreB 300 1214 320 76.5259
coreB 301 1199 319 75.2779
coreB 302 1223 319 34.3138
coreB 303 1188 319 84.9934
coreB 304 1176 318 41.6881
coreB 305 1230 318 71.0855
coreB 306 1186 318 75.0886
coreB 307 1174 317 39.3816
coreB 308 1181 317 31.071
coreB 309 1216 316 102.047
coreB 310 1161 316 40.6375
coreB 311 1198 316 121.068
coreB 312 1190 315 76.0808
coreB 313 1196 315 39.8265
coreB 314 1197 314 94.4413
total 769.079
