coreA 1 6395 108622 1054.43
coreA 2 6395 108622 10.0654
coreA 3 6394 108622 10.4521
coreA 4 6397 108622 12.0597
coreA 5 6396 108622 14.205
coreA 6 6395 108622 14.0844
coreA 7 6405 108622 14.1945
coreA 8 6403 108622 14.192
coreA 9 6410 108620 14.1803
coreA 10 6401 108620 14.1156
coreA 11 6401 108620 14.1275
coreA 12 6410 108620 14.3835
coreA 13 6414 108619 14.2051
coreA 14 6413 108618 14.4004
coreA 15 6418 108606 14.3423
coreA 16 6405 108606 14.5476
coreA 17 6412 108601 14.2872
coreA 18 6414 108600 14.3483
coreA 19 6401 108598 14.2234
coreA 20 6405 108594 14.3413
coreA 21 6419 108592 14.2719
coreA 22 6415 108591 14.4513
coreA 23 6417 108591 14.3725
coreA 24 6417 108590 14.4979
coreA 25 6430 108586 14.4378
coreA 26 6410 108582 14.5271
coreA 27 6416 108576 14.439
coreA 28 6403 108572 14.5602
coreA 29 6419 108570 14.378
coreA 30 6413 108566 14.4677
coreA 31 6415 108564 14.3675
coreA 32 6411 108563 14.5058
coreA 33 6416 108558 14.488
coreA 34 6417 108555 14.5928
coreA 35 6414 108554 14.419
coreA 36 6404 108554 14.5753
coreA 37 6398 108550 14.4935
coreA 38 6382 108545 14.7714
coreA 39 6418 108540 14.5332
coreA 40 6428 108531 14.8053
coreA 41 6431 108529 14.5846
coreA 42 6409 108522 14.8582
coreA 43 6398 108512 14.5403
coreA 44 6387 108502 14.71
coreA 45 6406 108499 14.6357
coreA 46 6391 108489 14.6868
coreA 47 6409 108480 14.5032
coreA 48 6395 108474 14.5545
coreA 49 6398 108465 14.5708
coreA 50 6403 108456 14.7705
coreA 51 6396 108439 14.6414
coreA 52 6399 108430 14.6296
coreA 53 6386 108417 14.5481
coreA 54 6407 108407 14.6511
coreA 55 6379 108397 14.6392
coreA 56 6368 108381 14.7779
coreA 57 6394 108367 14.691
coreA 58 6365 108352 14.7555
coreA 59 6380 108342 14.7773
coreA 60 6388 108333 14.7778
coreA 61 6403 108320 14.6918
coreA 62 6375 108313 14.7322
coreA 63 6359 108293 14.67
coreA 64 6369 108274 29.9956
coreA 65 6385 108256 27.3163
coreA 66 6403 108236 28.3029
coreA 67 6373 108217 26.6754
coreA 68 6379 108197 26.8203
coreA 69 6390 108167 28.7512
coreA 70 6395 108151 27.491
coreA 71 6370 108127 27.558
coreA 72 6368 108107 28.7729
coreA 73 6348 108070 27.3539
coreA 74 6399 108032 26.6747
coreA 75 6413 107996 30.0864
coreA 76 6412 107963 27.9053
coreA 77 6379 107938 29.0835
coreA 78 6348 107901 28.0473
coreA 79 6403 107868 28.7171
coreA 80 6381 107827 27.4707
coreA 81 6369 107781 28.7983
coreA 82 6411 107733 28.6831
coreA 83 6355 107688 29.3623
coreA 84 6356 107644 28.0735
coreA 85 6370 107598 29.7546
coreA 86 6382 107541 28.4934
coreA 87 6360 107487 28.8333
coreA 88 6363 107409 29.624
coreA 89 6355 107365 29.4011
coreA 90 6366 107295 27.531
coreA 91 6372 107220 29.7521
coreA 92 6354 107159 29.9896
coreA 93 6377 107110 30.0742
coreA 94 6342 107045 29.6431
coreA 95 6359 106978 30.1456
coreA 96 6322 106891 27.3309
coreA 97 6357 106803 23.7486
coreA 98 6338 106683 23.8681
coreA 99 6299 106582 22.8804
coreA 100 6358 106489 21.7018
coreA 101 6321 106360 20.941
coreA 102 6322 106255 21.2185
coreA 103 6336 106140 21.9613
coreA 104 6335 106033 21.5092
coreA 105 6305 105923 21.0133
coreA 106 6338 105802 21.0672
coreA 107 6286 105685 22.7227
coreA 108 6338 105549 21.1709
coreA 109 6272 105408 31.2878
coreA 110 6325 105237 29.4346
coreA 111 6347 105086 30.4868
coreA 112 6324 104968 28.6554
coreA 113 6286 104824 29.9041
coreA 114 6269 104686 29.5956
coreA 115 6309 104530 30.7397
coreA 116 6294 104379 28.5482
coreA 117 6306 104231 30.1916
coreA 118 6274 104045 29.3433
coreA 119 6262 103867 29.889
coreA 120 6283 103717 29.1191
coreA 121 6281 103534 29.9955
coreA 122 6267 103337 29.1131
coreA 123 6295 103159 30.7303
coreA 124 6244 102935 29.2946
coreA 125 6269 102709 29.7479
coreA 126 6271 102493 30.7823
coreA 127 6238 102299 29.8419
coreA 128 6229 102083 28.6498
coreA 129 6230 101870 30.7164
coreA 130 6214 101659 30.3054
coreA 131 6224 101451 30.4978
coreA 132 6199 101199 29.1674
coreA 133 6210 100946 29.1279
coreA 134 6235 100697 30.2531
coreA 135 6156 100422 28.7654
coreA 136 6197 100195 30.4775
coreA 137 6188 99941 29.8183
coreA 138 6212 99673 30.689
coreA 139 6181 99416 30.9344
coreA 140 6177 99141 25.5896
coreA 141 6138 98825 25.611
coreA 142 6162 98528 24.7113
coreA 143 6146 98224 31.8077
coreA 144 6158 97923 29.0116
coreA 145 6176 97589 30.2741
coreA 146 6117 97256 28.73
coreA 147 6151 96883 30.3224
coreA 148 6092 96568 28.5619
coreA 149 6093 96248 30.7159
coreA 150 6131 95879 28.5187
coreA 151 6097 95516 28.7744
coreA 152 6117 95183 28.967
coreA 153 6143 94801 27.5887
coreA 154 6096 94426 30.3381
coreA 155 6108 94092 29.0842
coreA 156 6083 93744 31.3006
coreA 157 6075 93400 28.4665
coreA 158 6040 93034 29.7295
coreA 159 6078 92672 28.0326
coreA 160 6082 92322 29.3056
coreA 161 6065 91892 29.9804
coreA 162 6055 91504 30.0243
coreA 163 6022 91129 28.4107
coreA 164 6043 90745 29.9522
coreA 165 6010 90324 29.6406
coreA 166 6033 89940 28.9063
coreA 167 5993 89569 29.5091
coreA 168 5988 89188 28.4609
coreA 169 5982 88777 29.4651
coreA 170 5942 88370 28.6008
coreA 171 5911 87979 29.3661
coreA 172 5955 87565 27.3893
coreA 173 5934 87146 28.1493
coreA 174 5945 86723 29.1844
coreA 175 5846 86319 23.6577
coreA 176 5954 85885 22.911
coreA 177 5879 85502 22.4879
coreA 178 5887 85020 20.0307
coreA 179 5842 84562 21.3416
coreA 180 5861 84113 20.2365
coreA 181 5902 83602 20.369
coreA 182 5821 83124 20.0991
coreA 183 5812 82668 20.1895
coreA 184 5868 82234 21.9803
coreA 185 5805 81702 20.0585
coreA 186 5805 81248 20.0156
coreA 187 5814 80786 19.6427
coreA 188 5781 80317 17.0623
coreA 189 5791 79878 18.454
coreA 190 5752 79404 16.6804
coreA 191 5724 78920 16.4521
coreA 192 5701 78483 16.7122
coreA 193 5710 78046 18.121
coreA 194 5710 77553 15.4188
coreA 195 5701 77061 12.8071
coreA 196 5667 76571 12.8017
coreA 197 5670 76065 12.7707
coreA 198 5643 75596 12.7386
coreA 199 5672 75070 12.7287
coreA 200 5592 74581 12.7492
coreA 201 5603 74059 12.6767
coreA 202 5618 73584 12.7024
coreA 203 5581 73103 12.6324
coreA 204 5571 72611 12.6283
coreA 205 5556 72146 26.9565
coreA 206 5551 71660 25.6881
coreA 207 5538 71172 25.4466
coreA 208 5550 70623 27.3412
coreA 209 5528 70098 26.1624
coreA 210 5501 69589 25.7084
coreA 211 5491 69098 25.036
coreA 212 5488 68563 25.9276
coreA 213 5484 68088 25.6519
coreA 214 5429 67582 25.4015
coreA 215 5421 67080 24.2372
coreA 216 5396 66535 26.7413
coreA 217 5407 65991 24.3167
coreA 218 5364 65506 24.3692
coreA 219 5407 65041 24.1788
coreA 220 5338 64542 26.2268
coreA 221 5290 64015 24.5589
coreA 222 5308 63521 24.3232
coreA 223 5281 63036 25.0206
coreA 224 5260 62580 25.9166
coreA 225 5254 62062 22.9427
coreA 226 5245 61594 24.1535
coreA 227 5252 61128 26.381
coreA 228 5219 60699 24.0682
coreA 229 5202 60235 23.4192
coreA 230 5177 59791 23.7299
coreA 231 5194 59352 25.1116
coreA 232 5157 58883 22.777
coreA 233 5125 58431 24.0021
coreA 234 5131 57987 23.3529
coreA 235 5132 57550 24.5695
coreA 236 5072 57132 23.9285
coreA 237 5045 56613 21.5816
coreA 238 5050 56063 23.6439
coreA 239 5015 55631 24.8166
coreA 240 4990 55213 22.1853
coreA 241 5020 54806 22.2129
coreA 242 4997 54350 22.7429
coreA 243 4963 53915 19.7704
coreA 244 4944 53509 19.5009
coreA 245 4948 53015 20.0595
coreA 246 4924 52586 18.1654
coreA 247 4896 52168 17.0444
coreA 248 4914 51715 16.2945
coreA 249 4878 51318 17.1898
coreA 250 4870 50921 17.323
coreA 251 4866 50479 16.8894
coreA 252 4814 50016 16.7211
coreA 253 4800 49608 16.5429
coreA 254 4791 49190 16.4476
coreA 255 4798 48755 17.3695
coreA 256 4743 48357 16.6336
coreA 257 4749 47938 16.3864
coreA 258 4690 47507 15.9221
coreA 259 4715 47073 13.9982
coreA 260 4658 46683 14.0161
coreA 261 4677 46267 14.4668
coreA 262 4633 45917 14.1182
coreA 263 4608 45498 13.9479
coreA 264 4641 45056 14.0703
coreA 265 4580 44628 13.4215
coreA 266 4625 44184 14.4213
coreA 267 4563 43829 21.067
coreA 268 4543 43447 20.9379
coreA 269 4536 43056 21.2562
coreA 270 4528 42658 20.0598
coreA 271 4518 42269 19.7151
coreA 272 4474 41852 21.1303
coreA 273 4489 41490 20.58
coreA 274 4443 41095 20.6004
coreA 275 4430 40683 20.34
coreA 276 4396 40282 19.1631
coreA 277 4398 39898 21.2149
coreA 278 4391 39537 20.1309
coreA 279 4390 39181 19.4028
coreA 280 4348 38799 20.7435
coreA 281 4335 38407 19.6551
coreA 282 4323 38041 20.2286
coreA 283 4315 37671 19.7959
coreA 284 4275 37327 20.194
coreA 285 4253 36940 19.8422
coreA 286 4241 36590 18.7751
coreA 287 4205 36250 20.4791
coreA 288 4227 35908 19.5374
coreA 289 4155 35511 18.8651
coreA 290 4161 35134 19.0589
coreA 291 4140 34831 19.7947
coreA 292 4121 34511 19.5801
coreA 293 4101 34114 20.0967
coreA 294 4068 33696 19.18
coreA 295 4068 33294 18.0245
coreA 296 4050 32940 19.9068
coreA 297 4015 32574 19.056
coreA 298 4049 32223 19.2204
coreA 299 4001 31865 19.3412
coreA 300 3989 31534 17.6743
coreA 301 3940 31212 19.8806
coreA 302 3922 30897 19.4868
coreA 303 3937 30555 18.3817
coreA 304 3915 30238 18.7279
coreA 305 3905 29915 18.3361
coreA 306 3880 29610 18.8344
coreA 307 3831 29278 18.7362
coreA 308 3809 28999 19.0113
coreA 309 3776 28694 17.1709
coreA 310 3795 28379 18.8531
coreA 311 3793 28049 19.2215
coreA 312 3767 27692 18.2395
coreA 313 3763 27414 18.7656
coreA 314 3730 27136 17.7032
coreB 1 1126 2017 8.7867
coreB 2 1649 1992 28.9238
coreB 3 1777 1992 26.5893
coreB 4 1826 1992 26.7822
coreB 5 1888 1628 26.1203
coreB 6 1913 1628 26.1822
coreB 7 1900 1628 26.127
coreB 8 1936 1628 26.4446
coreB 9 1912 1628 25.8964
coreB 10 1946 1628 26.9625
coreB 11 1990 1373 26.4188
coreB 12 1997 1373 26.6831
coreB 13 1997 1373 26.5084
coreB 14 1951 1373 26.5497
coreB 15 1993 1372 26.5106
coreB 16 1986 915 27.0754
coreB 17 2013 915 27.1774
coreB 18 1960 914 27.0833
coreB 19 1974 909 27.0909
coreB 20 1949 837 27.2661
coreB 21 1959 741 27.206
coreB 22 1978 721 27.1258
coreB 23 1964 719 26.5826
coreB 24 1945 648 26.293
coreB 25 1952 641 26.5864
coreB 26 1947 635 25.9585
coreB 27 1933 628 26.0658
coreB 28 1938 621 25.9655
coreB 29 1926 615 26.014
coreB 30 1907 610 26.1142
coreB 31 1916 604 26.8157
coreB 32 1918 599 25.9923
coreB 33 1917 594 223.549
coreB 34 1867 590 26.3015
coreB 35 1882 586 26.2229
coreB 36 1865 582 26.2551
coreB 37 1901 577 26.3269
coreB 38 1832 572 26.5738
coreB 39 1828 569 26.966
coreB 40 1848 564 26.977
coreB 41 1844 560 60.9897
coreB 42 1829 557 26.1593
coreB 43 1841 553 26.4522
coreB 44 1822 550 26.2951
coreB 45 1793 546 26.2309
coreB 46 1807 543 49.8694
coreB 47 1781 540 26.3973
coreB 48 1826 537 26.3375
coreB 49 1803 534 25.9742
coreB 50 1772 531 25.9951
coreB 51 1777 528 26.0314
coreB 52 1814 525 26.7162
coreB 53 1784 522 26.5062
coreB 54 1763 520 26.3685
coreB 55 1746 518 26.1903
coreB 56 1744 516 26.0998
coreB 57 1730 514 26.134
coreB 58 1738 511 26.6877
coreB 59 1762 509 26.0966
coreB 60 1754 507 26.6275
coreB 61 1743 504 26.0146
coreB 62 1729 502 26.0806
coreB 63 1701 500 26.0877
coreB 64 1714 498 26.0301
coreB 65 1709 496 26.4465
coreB 66 1707 494 26.0428
coreB 67 1725 492 26.1199
coreB 68 1724 491 22.6302
coreB 69 1722 489 26.2251
coreB 70 1665 488 23.0149
coreB 71 1666 486 26.3603
coreB 72 1680 484 26.2729
coreB 73 1704 482 26.5919
coreB 74 1665 480 26.3064
coreB 75 1679 479 26.6072
coreB 76 1647 477 26.3693
coreB 77 1685 476 55.7724
coreB 78 1642 474 26.5069
coreB 79 1623 473 26.5128
coreB 80 1644 471 26.2729
coreB 81 1704 470 26.2428
coreB 82 1634 468 26.014
coreB 83 1652 467 26.0879
coreB 84 1660 465 26.4755
coreB 85 1638 464 26.26
coreB 86 1666 463 26.2266
coreB 87 1660 461 26.3236
coreB 88 1691 460 26.3588
coreB 89 1655 459 21.9395
coreB 90 1610 457 21.6375
coreB 91 1654 456 44.3353
coreB 92 1595 454 22.1973
coreB 93 1608 454 26.3786
coreB 94 1640 452 26.3153
coreB 95 1640 450 26.3735
coreB 96 1612 449 26.3564
coreB 97 1588 448 27.0401
coreB 98 1652 447 26.9471
coreB 99 1646 446 26.2039
coreB 100 1628 444 26.4772
coreB 101 1601 443 27.5389
coreB 102 1636 442 26.194
coreB 103 1649 441 26.3461
coreB 104 1656 440 26.162
coreB 105 1635 438 26.2752
coreB 106 1636 438 26.9209
coreB 107 1602 436 26.2609
coreB 108 1644 435 26.1024
coreB 109 1609 434 26.1313
coreB 110 1607 433 26.3403
coreB 111 1579 432 26.4506
coreB 112 1607 431 26.7897
coreB 113 1584 430 26.7517
coreB 114 1602 429 26.1949
coreB 115 1581 428 26.1824
coreB 116 1572 427 26.2804
coreB 117 1575 426 26.1812
coreB 118 1543 425 26.0314
coreB 119 1571 424 26.1149
coreB 120 1561 423 26.1557
coreB 121 1546 422 26.0495
coreB 122 1557 421 26.158
coreB 123 1570 420 26.7159
coreB 124 1558 419 78.7422
coreB 125 1588 418 27.0777
coreB 126 1521 418 27.0674
coreB 127 1564 416 27.1745
coreB 128 1563 416 26.3802
coreB 129 1532 415 26.4432
coreB 130 1577 414 26.3943
coreB 131 1520 413 26.5108
coreB 132 1569 412 26.4565
coreB 133 1550 411 26.513
coreB 134 1571 410 26.4442
coreB 135 1568 409 26.5293
coreB 136 1522 408 26.3661
coreB 137 1573 407 26.543
coreB 138 1519 406 27.0255
coreB 139 1497 405 26.3366
coreB 140 1533 405 26.3339
coreB 141 1515 404 26.1989
coreB 142 1541 403 26.1677
coreB 143 1520 402 26.4005
coreB 144 1529 401 26.549
coreB 145 1506 401 26.7511
coreB 146 1529 400 26.3912
coreB 147 1550 399 26.1429
coreB 148 1514 398 26.1924
coreB 149 1489 397 26.5542
coreB 150 1509 397 26.2068
coreB 151 1483 396 26.2749
coreB 152 1497 395 26.3988
coreB 153 1472 394 26.3142
coreB 154 1482 393 26.3111
coreB 155 1520 392 26.8188
coreB 156 1482 392 25.9891
coreB 157 1510 391 25.9441
coreB 158 1503 390 25.9436
coreB 159 1477 389 26.732
coreB 160 1468 389 26.0452
coreB 161 1503 388 26.1389
coreB 162 1510 387 26.628
coreB 163 1509 387 26.2686
coreB 164 1471 386 26.1936
coreB 165 1430 386 26.0022
coreB 166 1480 385 26.0798
coreB 167 1465 384 26.068
coreB 168 1448 384 26.7196
coreB 169 1484 383 26.7821
coreB 170 1431 382 27.0355
coreB 171 1443 381 26.6477
coreB 172 1475 381 26.733
coreB 173 1448 380 26.1337
coreB 174 1460 379 26.0757
coreB 175 1444 379 26.9536
coreB 176 1402 378 26.9537
coreB 177 1453 377 26.6266
coreB 178 1400 377 26.4655
coreB 179 1451 376 26.4198
coreB 180 1420 376 26.4888
coreB 181 1437 375 26.2181
coreB 182 1419 374 26.3139
coreB 183 1422 374 26.2414
coreB 184 1441 373 26.5419
coreB 185 1462 373 26.9123
coreB 186 1419 372 26.0386
coreB 187 1428 371 26.124
coreB 188 1415 371 26.276
coreB 189 1429 370 26.0978
coreB 190 1432 369 26.078
coreB 191 1389 368 26.0152
coreB 192 1422 368 26.111
coreB 193 1401 367 26.265
coreB 194 1447 367 26.7548
coreB 195 1400 366 26.6175
coreB 196 1422 366 26.7717
coreB 197 1441 365 26.1168
coreB 198 1457 364 25.905
coreB 199 1418 364 26.6071
coreB 200 1407 363 25.9894
coreB 201 1428 363 26.6311
coreB 202 1420 362 26.8444
coreB 203 1394 361 26.2927
coreB 204 1409 361 26.8349
coreB 205 1401 360 26.2486
coreB 206 1366 360 26.1653
coreB 207 1417 359 26.8855
coreB 208 1364 359 26.2021
coreB 209 1386 358 26.2095
coreB 210 1403 358 324.31
coreB 211 1449 357 26.5812
coreB 212 1371 357 26.0805
coreB 213 1393 356 26.3426
coreB 214 1395 356 26.501
coreB 215 1395 355 26.2715
coreB 216 1429 355 26.2497
coreB 217 1380 354 26.4636
coreB 218 1358 354 26.6105
coreB 219 1388 353 26.3008
coreB 220 1351 353 26.3176
coreB 221 1382 352 27.3316
coreB 222 1352 352 26.312
coreB 223 1335 351 26.9858
coreB 224 1389 351 26.3222
coreB 225 1364 350 26.3857
coreB 226 1359 350 26.2328
coreB 227 1344 349 26.3537
coreB 228 1362 348 26.4275
coreB 229 1363 348 26.3881
coreB 230 1360 347 26.4957
coreB 231 1359 347 26.4713
coreB 232 1320 346 26.4591
coreB 233 1353 346 26.3123
coreB 234 1334 345 26.2871
coreB 235 1355 345 26.9701
coreB 236 1330 344 26.498
coreB 237 1321 344 26.2035
coreB 238 1293 343 26.2334
coreB 239 1340 343 26.416
coreB 240 1327 342 26.1808
coreB 241 1327 342 26.2065
coreB 242 1312 342 26.2734
coreB 243 1283 341 26.2378
coreB 244 1327 341 26.3353
coreB 245 1308 340 26.2627
coreB 246 1295 340 26.2652
coreB 247 1293 339 26.3533
coreB 248 1306 339 312.114
coreB 249 1290 339 25.9394
coreB 250 1299 338 26.0179
coreB 251 1294 338 26.1233
coreB 252 1321 337 26.0844
coreB 253 1331 337 26.1744
coreB 254 1277 336 26.4374
coreB 255 1270 336 26.7866
coreB 256 1283 336 27.0771
coreB 257 1289 335 26.3915
coreB 258 1295 334 26.4665
coreB 259 1237 334 26.9915
coreB 260 1301 333 26.3317
coreB 261 1255 333 26.2665
coreB 262 1252 333 26.433
coreB 263 1266 332 26.4102
coreB 264 1235 332 26.3836
coreB 265 1265 331 26.3678
coreB 266 1272 331 26.2709
coreB 267 1254 331 26.941
coreB 268 1270 330 26.3235
coreB 269 1257 330 26.2775
coreB 270 1254 330 26.2755
coreB 271 1234 329 26.9185
coreB 272 1258 329 26.3501
coreB 273 1253 329 26.5327
coreB 274 1264 328 26.3558
coreB 275 1244 328 26.2742
coreB 276 1241 327 26.2965
coreB 277 1269 327 26.3598
coreB 278 1236 327 26.2411
coreB 279 1242 326 26.2978
coreB 280 1273 326 26.9225
coreB 281 1244 326 26.8713
coreB 282 1222 326 324.942
coreB 283 1232 325 26.3687
coreB 284 1203 325 26.4289
coreB 285 1243 324 26.3418
coreB 286 1249 324 26.3101
coreB 287 1201 324 27.0557
coreB 288 1220 323 26.6981
coreB 289 1238 323 26.8175
coreB 290 1223 323 26.6412
coreB 291 1229 322 26.6762
coreB 292 1226 322 26.4983
coreB 293 1213 322 26.57
coreB 294 1212 321 26.5111
coreB 295 1199 321 26.6086
coreB 296 1194 321 26.5686
coreB 297 1218 320 26.8156
coreB 298 1242 320 26.5078
coreB 299 1169 320 26.5338
coreB 300 1214 320 26.6685
coreB 301 1199 319 27.1186
coreB 302 1223 319 26.6746
coreB 303 1188 319 27.1518
coreB 304 1176 318 27.3607
coreB 305 1230 318 27.1322
coreB 306 1186 318 27.2701
coreB 307 1174 317 26.7062
coreB 308 1181 317 26.5697
coreB 309 1216 316 26.5583
coreB 310 1161 316 27.1925
coreB 311 1198 316 26.5691
coreB 312 1190 315 26.6393
coreB 313 1196 315 26.2159
coreB 314 1197 314 26.7815
total 3403.62
coreA 1 6395 108622 14.3447
coreA 2 6395 108622 34.3402
coreA 3 6394 108622 34.1767
coreA 4 6397 108622 35.0032
coreA 5 6396 108622 36.101
coreA 6 6395 108622 35.9406
coreA 7 6405 108622 35.9758
coreA 8 6403 108622 35.8157
coreA 9 6410 108620 35.6793
coreA 10 6401 108620 35.6368
coreA 11 6401 108620 35.4539
coreA 12 6410 108620 35.4744
coreA 13 6414 108619 35.385
coreA 14 6413 108618 35.3051
coreA 15 6418 108606 35.3657
coreA 16 6405 108606 35.3334
coreA 17 6412 108601 35.2929
coreA 18 6414 108600 35.0813
coreA 19 6401 108598 35.203
coreA 20 6405 108594 35.1926
coreA 21 6419 108592 35.1865
coreA 22 6415 108591 35.215
coreA 23 6417 108591 35.2239
coreA 24 6417 108590 35.2313
coreA 25 6430 108586 35.2257
coreA 26 6410 108582 35.1921
coreA 27 6416 108576 35.1683
coreA 28 6403 108572 35.1408
coreA 29 6419 108570 35.0538
coreA 30 6413 108566 34.9386
coreA 31 6415 108564 34.8791
coreA 32 6411 108563 34.802
coreA 33 6416 108558 34.7417
coreA 34 6417 108555 34.8295
coreA 35 6414 108554 34.7823
coreA 36 6404 108554 34.7619
coreA 37 6398 108550 34.7285
coreA 38 6382 108545 34.6945
coreA 39 6418 108540 34.677
coreA 40 6428 108531 34.5442
coreA 41 6431 108529 34.5702
coreA 42 6409 108522 34.4656
coreA 43 6398 108512 34.4289
coreA 44 6387 108502 34.3884
coreA 45 6406 108499 34.3162
coreA 46 6391 108489 34.2601
coreA 47 6409 108480 34.1991
coreA 48 6395 108474 34.1794
coreA 49 6398 108465 34.1885
coreA 50 6403 108456 34.1707
coreA 51 6396 108439 34.1756
coreA 52 6399 108430 34.0946
coreA 53 6386 108417 34.0863
coreA 54 6407 108407 34.0515
coreA 55 6379 108397 34.0847
coreA 56 6368 108381 34.0846
coreA 57 6394 108367 34.0486
coreA 58 6365 108352 33.9926
coreA 59 6380 108342 34.0127
coreA 60 6388 108333 33.9653
coreA 61 6403 108320 33.9134
coreA 62 6375 108313 33.8727
coreA 63 6359 108293 33.8602
coreA 64 6369 108274 33.8233
coreA 65 6385 108256 33.7856
coreA 66 6403 108236 33.688
coreA 67 6373 108217 33.6703
coreA 68 6379 108197 33.5591
coreA 69 6390 108167 33.4975
coreA 70 6395 108151 33.4398
coreA 71 6370 108127 33.3841
coreA 72 6368 108107 33.3482
coreA 73 6348 108070 33.3022
coreA 74 6399 108032 33.3446
coreA 75 6413 107996 33.2035
coreA 76 6412 107963 33.2263
coreA 77 6379 107938 33.1438
coreA 78 6348 107901 33.1524
coreA 79 6403 107868 33.1017
coreA 80 6381 107827 33.1007
coreA 81 6369 107781 33.0912
coreA 82 6411 107733 32.9232
coreA 83 6355 107688 32.9552
coreA 84 6356 107644 32.9037
coreA 85 6370 107598 32.8281
coreA 86 6382 107541 32.8457
coreA 87 6360 107487 32.8982
coreA 88 6363 107409 32.8417
coreA 89 6355 107365 32.7144
coreA 90 6366 107295 32.8797
coreA 91 6372 107220 32.8006
coreA 92 6354 107159 32.8103
coreA 93 6377 107110 32.792
coreA 94 6342 107045 32.7736
coreA 95 6359 106978 32.7405
coreA 96 6322 106891 32.7622
coreA 97 6357 106803 32.748
coreA 98 6338 106683 32.6949
coreA 99 6299 106582 32.7423
coreA 100 6358 106489 32.5315
coreA 101 6321 106360 32.5455
coreA 102 6322 106255 32.4513
coreA 103 6336 106140 32.3993
coreA 104 6335 106033 32.368
coreA 105 6305 105923 32.3064
coreA 106 6338 105802 32.2714
coreA 107 6286 105685 32.2814
coreA 108 6338 105549 32.3762
coreA 109 6272 105408 32.3045
coreA 110 6325 105237 32.3715
coreA 111 6347 105086 32.2854
coreA 112 6324 104968 32.2043
coreA 113 6286 104824 32.2249
coreA 114 6269 104686 32.1797
coreA 115 6309 104530 32.187
coreA 116 6294 104379 32.0503
coreA 117 6306 104231 32.034
coreA 118 6274 104045 32.0059
coreA 119 6262 103867 32.0091
coreA 120 6283 103717 31.9597
coreA 121 6281 103534 32.0305
coreA 122 6267 103337 32.0111
coreA 123 6295 103159 31.981
coreA 124 6244 102935 31.9596
coreA 125 6269 102709 31.9077
coreA 126 6271 102493 31.8787
coreA 127 6238 102299 31.8961
coreA 128 6229 102083 31.8583
coreA 129 6230 101870 31.8291
coreA 130 6214 101659 31.7989
coreA 131 6224 101451 31.7535
coreA 132 6199 101199 31.7745
coreA 133 6210 100946 31.7502
coreA 134 6235 100697 31.7903
coreA 135 6156 100422 31.6897
coreA 136 6197 100195 31.8266
coreA 137 6188 99941 31.8235
coreA 138 6212 99673 31.8058
coreA 139 6181 99416 32.0422
coreA 140 6177 99141 32.0283
coreA 141 6138 98825 32.0423
coreA 142 6162 98528 31.9947
coreA 143 6146 98224 31.9493
coreA 144 6158 97923 31.9275
coreA 145 6176 97589 31.9405
coreA 146 6117 97256 32.1243
coreA 147 6151 96883 32.0472
coreA 148 6092 96568 32.0477
coreA 149 6093 96248 32.0117
coreA 150 6131 95879 32.0413
coreA 151 6097 95516 31.9602
coreA 152 6117 95183 32.0005
coreA 153 6143 94801 32.0435
coreA 154 6096 94426 31.9435
coreA 155 6108 94092 31.9388
coreA 156 6083 93744 31.8808
coreA 157 6075 93400 31.8368
coreA 158 6040 93034 31.8461
coreA 159 6078 92672 31.8312
coreA 160 6082 92322 31.7833
coreA 161 6065 91892 31.8061
coreA 162 6055 91504 31.8046
coreA 163 6022 91129 31.6359
coreA 164 6043 90745 31.6136
coreA 165 6010 90324 31.5935
coreA 166 6033 89940 31.5709
coreA 167 5993 89569 31.5615
coreA 168 5988 89188 31.4491
coreA 169 5982 88777 31.4346
coreA 170 5942 88370 31.6259
coreA 171 5911 87979 31.3963
coreA 172 5955 87565 31.5966
coreA 173 5934 87146 31.5792
coreA 174 5945 86723 31.5482
coreA 175 5846 86319 31.4837
coreA 176 5954 85885 31.4816
coreA 177 5879 85502 31.442
coreA 178 5887 85020 31.3454
coreA 179 5842 84562 31.2625
coreA 180 5861 84113 31.7537
coreA 181 5902 83602 31.7222
coreA 182 5821 83124 31.6368
coreA 183 5812 82668 31.6304
coreA 184 5868 82234 31.5467
coreA 185 5805 81702 31.5662
coreA 186 5805 81248 31.5422
coreA 187 5814 80786 31.4899
coreA 188 5781 80317 31.4519
coreA 189 5791 79878 31.4502
coreA 190 5752 79404 31.4347
coreA 191 5724 78920 31.3457
coreA 192 5701 78483 31.3121
coreA 193 5710 78046 31.2766
coreA 194 5710 77553 31.311
coreA 195 5701 77061 31.2726
coreA 196 5667 76571 31.2641
coreA 197 5670 76065 31.1821
coreA 198 5643 75596 31.1846
coreA 199 5672 75070 31.1217
coreA 200 5592 74581 31.106
coreA 201 5603 74059 31.0728
coreA 202 5618 73584 31.1359
coreA 203 5581 73103 31.068
coreA 204 5571 72611 31.0064
coreA 205 5556 72146 31.0243
coreA 206 5551 71660 30.9457
coreA 207 5538 71172 30.9338
coreA 208 5550 70623 30.8994
coreA 209 5528 70098 30.8594
coreA 210 5501 69589 30.8123
coreA 211 5491 69098 30.8256
coreA 212 5488 68563 30.8187
coreA 213 5484 68088 30.8015
coreA 214 5429 67582 30.7794
coreA 215 5421 67080 30.6948
coreA 216 5396 66535 30.7141
coreA 217 5407 65991 30.6949
coreA 218 5364 65506 30.6381
coreA 219 5407 65041 30.5954
coreA 220 5338 64542 30.6012
coreA 221 5290 64015 30.5717
coreA 222 5308 63521 30.5365
coreA 223 5281 63036 30.4914
coreA 224 5260 62580 30.4543
coreA 225 5254 62062 31.3725
coreA 226 5245 61594 31.3788
coreA 227 5252 61128 31.3441
coreA 228 5219 60699 31.3595
coreA 229 5202 60235 31.3164
coreA 230 5177 59791 31.2917
coreA 231 5194 59352 31.2826
coreA 232 5157 58883 31.2189
coreA 233 5125 58431 31.2358
coreA 234 5131 57987 31.2458
coreA 235 5132 57550 31.2373
coreA 236 5072 57132 31.2545
coreA 237 5045 56613 31.201
coreA 238 5050 56063 31.2029
coreA 239 5015 55631 31.1236
coreA 240 4990 55213 31.1048
coreA 241 5020 54806 31.0626
coreA 242 4997 54350 31.0399
coreA 243 4963 53915 31.0291
coreA 244 4944 53509 31.0008
coreA 245 4948 53015 30.9999
coreA 246 4924 52586 31.0061
coreA 247 4896 52168 30.9592
coreA 248 4914 51715 30.9972
coreA 249 4878 51318 30.9089
coreA 250 4870 50921 30.8299
coreA 251 4866 50479 30.8151
coreA 252 4814 50016 30.7754
coreA 253 4800 49608 34.341
coreA 254 4791 49190 146.627
coreA 255 4798 48755 30.7711
coreA 256 4743 48357 30.7203
coreA 257 4749 47938 30.6859
coreA 258 4690 47507 30.69
coreA 259 4715 47073 30.6625
coreA 260 4658 46683 30.6795
coreA 261 4677 46267 30.6161
coreA 262 4633 45917 30.6565
coreA 263 4608 45498 30.604
coreA 264 4641 45056 30.6103
coreA 265 4580 44628 30.5987
coreA 266 4625 44184 30.5149
coreA 267 4563 43829 30.5192
coreA 268 4543 43447 30.465
coreA 269 4536 43056 30.4589
coreA 270 4528 42658 30.4272
coreA 271 4518 42269 30.3859
coreA 272 4474 41852 30.3914
coreA 273 4489 41490 30.4001
coreA 274 4443 41095 30.3648
coreA 275 4430 40683 30.3667
coreA 276 4396 40282 30.3087
coreA 277 4398 39898 30.3045
coreA 278 4391 39537 30.2821
coreA 279 4390 39181 30.2724
coreA 280 4348 38799 30.2625
coreA 281 4335 38407 30.2464
coreA 282 4323 38041 30.2471
coreA 283 4315 37671 30.2469
coreA 284 4275 37327 30.1623
coreA 285 4253 36940 30.1771
coreA 286 4241 36590 30.1526
coreA 287 4205 36250 30.0916
coreA 288 4227 35908 30.1001
coreA 289 4155 35511 30.0772
coreA 290 4161 35134 30.0991
coreA 291 4140 34831 30.0962
coreA 292 4121 34511 30.085
coreA 293 4101 34114 30.0206
coreA 294 4068 33696 30.0235
coreA 295 4068 33294 30.0362
coreA 296 4050 32940 29.9979
coreA 297 4015 32574 29.979
coreA 298 4049 32223 29.9656
coreA 299 4001 31865 29.978
coreA 300 3989 31534 29.94
coreA 301 3940 31212 29.9579
coreA 302 3922 30897 29.9231
coreA 303 3937 30555 29.9411
coreA 304 3915 30238 30.0491
coreA 305 3905 29915 30.0476
coreA 306 3880 29610 30.0054
coreA 307 3831 29278 30.0135
coreA 308 3809 28999 29.9843
coreA 309 3776 28694 29.9825
coreA 310 3795 28379 29.9504
coreA 311 3793 28049 29.9727
coreA 312 3767 27692 30.0219
coreA 313 3763 27414 29.951
coreA 314 3730 27136 30.0048
coreB 1 1126 2017 8.20136
coreB 2 1649 1992 16.0559
coreB 3 1777 1992 26.1016
coreB 4 1826 1992 26.1759
coreB 5 1888 1628 25.9606
coreB 6 1913 1628 26.0129
coreB 7 1900 1628 25.9806
coreB 8 1936 1628 26.0153
coreB 9 1912 1628 25.8202
coreB 10 1946 1628 26.846
coreB 11 1990 1373 26.3682
coreB 12 1997 1373 26.4838
coreB 13 1997 1373 26.4784
coreB 14 1951 1373 26.6291
coreB 15 1993 1372 26.496
coreB 16 1986 915 27.028
coreB 17 2013 915 27.0358
coreB 18 1960 914 27.1097
coreB 19 1974 909 27.1084
coreB 20 1949 837 27.1433
coreB 21 1959 741 27.2135
coreB 22 1978 721 27.1915
coreB 23 1964 719 26.6828
coreB 24 1945 648 26.3027
coreB 25 1952 641 26.7336
coreB 26 1947 635 26.1334
coreB 27 1933 628 26.1588
coreB 28 1938 621 26.0886
coreB 29 1926 615 26.1477
coreB 30 1907 610 26.0634
coreB 31 1916 604 26.8213
coreB 32 1918 599 26.2068
coreB 33 1917 594 26.2196
coreB 34 1867 590 26.2887
coreB 35 1882 586 26.1623
coreB 36 1865 582 26.0713
coreB 37 1901 577 26.1497
coreB 38 1832 572 26.4547
coreB 39 1828 569 26.7267
coreB 40 1848 564 26.6934
coreB 41 1844 560 26.4133
coreB 42 1829 557 26.0157
coreB 43 1841 553 26.4881
coreB 44 1822 550 26.1403
coreB 45 1793 546 26.2939
coreB 46 1807 543 26.2263
coreB 47 1781 540 26.3628
coreB 48 1826 537 26.5719
coreB 49 1803 534 26.2307
coreB 50 1772 531 26.2255
coreB 51 1777 528 26.1926
coreB 52 1814 525 26.8943
coreB 53 1784 522 26.6423
coreB 54 1763 520 26.3633
coreB 55 1746 518 26.2702
coreB 56 1744 516 26.434
coreB 57 1730 514 26.2667
coreB 58 1738 511 26.9665
coreB 59 1762 509 26.364
coreB 60 1754 507 26.9326
coreB 61 1743 504 26.3226
coreB 62 1729 502 26.3496
coreB 63 1701 500 26.2261
coreB 64 1714 498 26.1765
coreB 65 1709 496 26.6508
coreB 66 1707 494 26.2861
coreB 67 1725 492 26.2754
coreB 68 1724 491 26.3295
coreB 69 1722 489 26.1749
coreB 70 1665 488 26.5434
coreB 71 1666 486 26.3119
coreB 72 1680 484 26.2759
coreB 73 1704 482 26.6087
coreB 74 1665 480 26.2991
coreB 75 1679 479 26.445
coreB 76 1647 477 26.2975
coreB 77 1685 476 26.1797
coreB 78 1642 474 26.6065
coreB 79 1623 473 26.6772
coreB 80 1644 471 26.274
coreB 81 1704 470 26.1861
coreB 82 1634 468 26.191
coreB 83 1652 467 26.155
coreB 84 1660 465 26.4686
coreB 85 1638 464 73.4757
coreB 86 1666 463 16.6523
coreB 87 1660 461 22.3664
coreB 88 1691 460 18.847
coreB 89 1655 459 17.7506
coreB 90 1610 457 15.9117
coreB 91 1654 456 16.5184
coreB 92 1595 454 18.5461
coreB 93 1608 454 75.9696
coreB 94 1640 452 16.9708
coreB 95 1640 450 16.8859
coreB 96 1612 449 10.8456
coreB 97 1588 448 23.1747
coreB 98 1652 447 20.652
coreB 99 1646 446 16.0114
coreB 100 1628 444 17.4604
coreB 101 1601 443 17.4622
coreB 102 1636 442 20.7777
coreB 103 1649 441 16.7185
coreB 104 1656 440 16.3378
coreB 105 1635 438 26.1096
coreB 106 1636 438 26.7304
coreB 107 1602 436 26.1201
coreB 108 1644 435 25.9311
coreB 109 1609 434 25.8551
coreB 110 1607 433 25.8315
coreB 111 1579 432 26.0918
coreB 112 1607 431 26.6939
coreB 113 1584 430 26.9079
coreB 114 1602 429 26.2856
coreB 115 1581 428 26.1679
coreB 116 1572 427 26.1412
coreB 117 1575 426 26.148
coreB 118 1543 425 26.123
coreB 119 1571 424 26.1746
coreB 120 1561 423 26.157
coreB 121 1546 422 26.1116
coreB 122 1557 421 26.2586
coreB 123 1570 420 26.8026
coreB 124 1558 419 26.2398
coreB 125 1588 418 26.3964
coreB 126 1521 418 26.8375
coreB 127 1564 416 26.77
coreB 128 1563 416 26.08
coreB 129 1532 415 26.0858
coreB 130 1577 414 26.013
coreB 131 1520 413 26.0918
coreB 132 1569 412 25.9895
coreB 133 1550 411 26.196
coreB 134 1571 410 26.1702
coreB 135 1568 409 26.1906
coreB 136 1522 408 26.1462
coreB 137 1573 407 26.1971
coreB 138 1519 406 26.7284
coreB 139 1497 405 26.0468
coreB 140 1533 405 25.9512
coreB 141 1515 404 25.8874
coreB 142 1541 403 25.8578
coreB 143 1520 402 26.066
coreB 144 1529 401 25.9587
coreB 145 1506 401 26.2277
coreB 146 1529 400 26.0869
coreB 147 1550 399 26.0385
coreB 148 1514 398 26.2847
coreB 149 1489 397 26.486
coreB 150 1509 397 26.3739
coreB 151 1483 396 26.1997
coreB 152 1497 395 26.2638
coreB 153 1472 394 26.2106
coreB 154 1482 393 26.1428
coreB 155 1520 392 26.889
coreB 156 1482 392 26.3428
coreB 157 1510 391 26.2553
coreB 158 1503 390 26.3042
coreB 159 1477 389 27.063
coreB 160 1468 389 26.3455
coreB 161 1503 388 26.5413
coreB 162 1510 387 26.4028
coreB 163 1509 387 26.5246
coreB 164 1471 386 26.5683
coreB 165 1430 386 26.4241
coreB 166 1480 385 26.4682
coreB 167 1465 384 26.3394
coreB 168 1448 384 27.0117
coreB 169 1484 383 26.942
coreB 170 1431 382 26.9038
coreB 171 1443 381 26.9206
coreB 172 1475 381 26.8648
coreB 173 1448 380 26.2962
coreB 174 1460 379 26.2714
coreB 175 1444 379 26.5513
coreB 176 1402 378 26.5194
coreB 177 1453 377 26.5674
coreB 178 1400 377 25.9015
coreB 179 1451 376 25.9919
coreB 180 1420 376 25.8481
coreB 181 1437 375 26.2184
coreB 182 1419 374 26.2415
coreB 183 1422 374 26.1359
coreB 184 1441 373 26.4157
coreB 185 1462 373 26.823
coreB 186 1419 372 26.1669
coreB 187 1428 371 26.1961
coreB 188 1415 371 26.2238
coreB 189 1429 370 26.2718
coreB 190 1432 369 26.2075
coreB 191 1389 368 26.2377
coreB 192 1422 368 26.3084
coreB 193 1401 367 26.1898
coreB 194 1447 367 26.8855
coreB 195 1400 366 26.831
coreB 196 1422 366 26.8288
coreB 197 1441 365 26.3245
coreB 198 1457 364 26.1956
coreB 199 1418 364 26.8817
coreB 200 1407 363 26.3361
coreB 201 1428 363 26.9215
coreB 202 1420 362 26.915
coreB 203 1394 361 26.3852
coreB 204 1409 361 26.8204
coreB 205 1401 360 26.1824
coreB 206 1366 360 26.1783
coreB 207 1417 359 26.8675
coreB 208 1364 359 26.1973
coreB 209 1386 358 26.1624
coreB 210 1403 358 26.1239
coreB 211 1449 357 26.8248
coreB 212 1371 357 26.2856
coreB 213 1393 356 26.3707
coreB 214 1395 356 26.2439
coreB 215 1395 355 26.3679
coreB 216 1429 355 26.2512
coreB 217 1380 354 26.2772
coreB 218 1358 354 26.4628
coreB 219 1388 353 26.2088
coreB 220 1351 353 168.827
coreB 221 1382 352 7.30319
coreB 222 1352 352 6.85937
coreB 223 1335 351 26.8347
coreB 224 1389 351 26.1861
coreB 225 1364 350 26.353
coreB 226 1359 350 26.1863
coreB 227 1344 349 26.194
coreB 228 1362 348 26.3352
coreB 229 1363 348 26.1879
coreB 230 1360 347 26.3078
coreB 231 1359 347 26.176
coreB 232 1320 346 26.333
coreB 233 1353 346 26.1746
coreB 234 1334 345 26.1748
coreB 235 1355 345 26.8722
coreB 236 1330 344 26.3125
coreB 237 1321 344 26.1592
coreB 238 1293 343 26.1461
coreB 239 1340 343 26.1675
coreB 240 1327 342 26.1236
coreB 241 1327 342 26.1187
coreB 242 1312 342 26.2305
coreB 243 1283 341 26.2313
coreB 244 1327 341 26.3106
coreB 245 1308 340 26.2503
coreB 246 1295 340 26.255
coreB 247 1293 339 26.3856
coreB 248 1306 339 26.419
coreB 249 1290 339 26.2703
coreB 250 1299 338 26.3025
coreB 251 1294 338 26.2992
coreB 252 1321 337 23.8666
coreB 253 1331 337 17.8207
coreB 254 1277 336 15.6381
coreB 255 1270 336 16.5698
coreB 256 1283 336 26.6261
coreB 257 1289 335 25.9958
coreB 258 1295 334 26.2101
coreB 259 1237 334 26.6429
coreB 260 1301 333 26.0119
coreB 261 1255 333 25.8816
coreB 262 1252 333 26.0633
coreB 263 1266 332 26.1294
coreB 264 1235 332 26.0708
coreB 265 1265 331 26.0406
coreB 266 1272 331 25.9375
coreB 267 1254 331 26.6347
coreB 268 1270 330 26.1387
coreB 269 1257 330 26.1635
coreB 270 1254 330 26.0299
coreB 271 1234 329 26.7937
coreB 272 1258 329 26.0228
coreB 273 1253 329 26.1213
coreB 274 1264 328 26.017
coreB 275 1244 328 25.9933
coreB 276 1241 327 26.0839
coreB 277 1269 327 26.1786
coreB 278 1236 327 25.9254
coreB 279 1242 326 25.9874
coreB 280 1273 326 26.7291
coreB 281 1244 326 26.6648
coreB 282 1222 326 26.0101
coreB 283 1232 325 26.0065
coreB 284 1203 325 26.0193
coreB 285 1243 324 26.0617
coreB 286 1249 324 25.9244
coreB 287 1201 324 26.6642
coreB 288 1220 323 26.6546
coreB 289 1238 323 26.054
coreB 290 1223 323 25.8985
coreB 291 1229 322 26.0754
coreB 292 1226 322 25.9593
coreB 293 1213 322 25.9922
coreB 294 1212 321 25.9756
coreB 295 1199 321 25.9056
coreB 296 1194 321 135.404
coreB 297 1218 320 11.5469
coreB 298 1242 320 25.9905
coreB 299 1169 320 25.8809
coreB 300 1214 320 26.0954
coreB 301 1199 319 26.5495
coreB 302 1223 319 26.2723
coreB 303 1188 319 21.3857
coreB 304 1176 318 26.8411
coreB 305 1230 318 26.7776
coreB 306 1186 318 26.8097
coreB 307 1174 317 26.256
coreB 308 1181 317 26.2617
coreB 309 1216 316 26.2413
coreB 310 1161 316 117.32
coreB 311 1198 316 15.025
coreB 312 1190 315 10.6646
coreB 313 1196 315 11.6785
coreB 314 1197 314 11.5395
total 2339.67
coreA 1 6395 108622 14.116
coreA 2 6395 108622 34.2752
coreA 3 6394 108622 34.1048
coreA 4 6397 108622 34.8939
coreA 5 6396 108622 36.034
coreA 6 6395 108622 35.8423
coreA 7 6405 108622 35.896
coreA 8 6403 108622 35.7069
coreA 9 6410 108620 35.6114
coreA 10 6401 108620 35.5221
coreA 11 6401 108620 35.3941
coreA 12 6410 108620 35.3833
coreA 13 6414 108619 35.3418
coreA 14 6413 108618 35.3413
coreA 15 6418 108606 35.2985
coreA 16 6405 108606 35.2324
coreA 17 6412 108601 35.2015
coreA 18 6414 108600 35.1364
coreA 19 6401 108598 35.0802
coreA 20 6405 108594 35.1381
coreA 21 6419 108592 35.1688
coreA 22 6415 108591 35.1013
coreA 23 6417 108591 35.093
coreA 24 6417 108590 35.0514
coreA 25 6430 108586 35.0619
coreA 26 6410 108582 35.0252
coreA 27 6416 108576 34.9983
coreA 28 6403 108572 34.9727
coreA 29 6419 108570 34.8564
coreA 30 6413 108566 34.7563
coreA 31 6415 108564 34.7083
coreA 32 6411 108563 34.6507
coreA 33 6416 108558 34.6149
coreA 34 6417 108555 34.6865
coreA 35 6414 108554 34.6381
coreA 36 6404 108554 34.5721
coreA 37 6398 108550 34.5706
coreA 38 6382 108545 34.4963
coreA 39 6418 108540 34.4506
coreA 40 6428 108531 34.4208
coreA 41 6431 108529 34.4045
coreA 42 6409 108522 34.2975
coreA 43 6398 108512 34.3039
coreA 44 6387 108502 34.2792
coreA 45 6406 108499 34.2243
coreA 46 6391 108489 34.1225
coreA 47 6409 108480 34.1658
coreA 48 6395 108474 33.9525
coreA 49 6398 108465 33.9427
coreA 50 6403 108456 33.9112
coreA 51 6396 108439 33.9098
coreA 52 6399 108430 33.8778
coreA 53 6386 108417 33.8419
coreA 54 6407 108407 33.8435
coreA 55 6379 108397 33.8722
coreA 56 6368 108381 33.8511
coreA 57 6394 108367 33.822
coreA 58 6365 108352 33.9007
coreA 59 6380 108342 33.8509
coreA 60 6388 108333 33.8505
coreA 61 6403 108320 33.8366
coreA 62 6375 108313 33.8246
coreA 63 6359 108293 33.7437
coreA 64 6369 108274 33.7049
coreA 65 6385 108256 33.6945
coreA 66 6403 108236 33.5865
coreA 67 6373 108217 33.5195
coreA 68 6379 108197 33.4354
coreA 69 6390 108167 33.4005
coreA 70 6395 108151 33.3657
coreA 71 6370 108127 33.2889
coreA 72 6368 108107 33.2395
coreA 73 6348 108070 33.1864
coreA 74 6399 108032 33.2042
coreA 75 6413 107996 33.1474
coreA 76 6412 107963 33.1305
coreA 77 6379 107938 33.0753
coreA 78 6348 107901 33.0956
coreA 79 6403 107868 33.054
coreA 80 6381 107827 33.0277
coreA 81 6369 107781 33.0071
coreA 82 6411 107733 32.9592
coreA 83 6355 107688 32.9594
coreA 84 6356 107644 32.9109
coreA 85 6370 107598 32.906
coreA 86 6382 107541 32.8906
coreA 87 6360 107487 32.8837
coreA 88 6363 107409 32.8375
coreA 89 6355 107365 32.8136
coreA 90 6366 107295 32.7658
coreA 91 6372 107220 32.7888
coreA 92 6354 107159 32.7381
coreA 93 6377 107110 32.7122
coreA 94 6342 107045 32.7111
coreA 95 6359 106978 32.6481
coreA 96 6322 106891 32.6433
coreA 97 6357 106803 32.6265
coreA 98 6338 106683 32.5857
coreA 99 6299 106582 32.5024
coreA 100 6358 106489 32.5169
coreA 101 6321 106360 32.4565
coreA 102 6322 106255 32.37
coreA 103 6336 106140 32.3186
coreA 104 6335 106033 32.2796
coreA 105 6305 105923 32.2271
coreA 106 6338 105802 32.2142
coreA 107 6286 105685 32.1961
coreA 108 6338 105549 32.2922
coreA 109 6272 105408 32.224
coreA 110 6325 105237 32.2306
coreA 111 6347 105086 32.2013
coreA 112 6324 104968 32.1553
coreA 113 6286 104824 32.149
coreA 114 6269 104686 32.1111
coreA 115 6309 104530 32.0739
coreA 116 6294 104379 32.0694
coreA 117 6306 104231 32.0232
coreA 118 6274 104045 31.9963
coreA 119 6262 103867 31.9806
coreA 120 6283 103717 31.9529
coreA 121 6281 103534 32.0456
coreA 122 6267 103337 32.0197
coreA 123 6295 103159 32.0188
coreA 124 6244 102935 31.9837
coreA 125 6269 102709 31.9409
coreA 126 6271 102493 31.9182
coreA 127 6238 102299 31.9326
coreA 128 6229 102083 31.8927
coreA 129 6230 101870 31.8696
coreA 130 6214 101659 31.8117
coreA 131 6224 101451 31.7793
coreA 132 6199 101199 31.7678
coreA 133 6210 100946 31.7267
coreA 134 6235 100697 31.7099
coreA 135 6156 100422 31.6962
coreA 136 6197 100195 31.7402
coreA 137 6188 99941 31.711
coreA 138 6212 99673 31.7285
coreA 139 6181 99416 31.9617
coreA 140 6177 99141 31.9368
coreA 141 6138 98825 31.8969
coreA 142 6162 98528 31.8652
coreA 143 6146 98224 31.8402
coreA 144 6158 97923 31.8986
coreA 145 6176 97589 31.7925
coreA 146 6117 97256 32.0148
coreA 147 6151 96883 31.9744
coreA 148 6092 96568 31.9918
coreA 149 6093 96248 31.9393
coreA 150 6131 95879 31.9502
coreA 151 6097 95516 31.9363
coreA 152 6117 95183 31.9064
coreA 153 6143 94801 31.9005
coreA 154 6096 94426 31.8437
coreA 155 6108 94092 31.8184
coreA 156 6083 93744 31.8404
coreA 157 6075 93400 31.7945
coreA 158 6040 93034 31.7793
coreA 159 6078 92672 31.705
coreA 160 6082 92322 31.6966
coreA 161 6065 91892 31.718
coreA 162 6055 91504 31.6816
coreA 163 6022 91129 31.6596
coreA 164 6043 90745 31.5904
coreA 165 6010 90324 31.562
coreA 166 6033 89940 31.5335
coreA 167 5993 89569 31.5357
coreA 168 5988 89188 31.5158
coreA 169 5982 88777 31.4907
coreA 170 5942 88370 31.4704
coreA 171 5911 87979 31.4781
coreA 172 5955 87565 31.461
coreA 173 5934 87146 31.4329
coreA 174 5945 86723 31.4077
coreA 175 5846 86319 31.3997
coreA 176 5954 85885 31.3849
coreA 177 5879 85502 31.3704
coreA 178 5887 85020 31.2558
coreA 179 5842 84562 31.1746
coreA 180 5861 84113 31.6078
coreA 181 5902 83602 31.6142
coreA 182 5821 83124 31.5846
coreA 183 5812 82668 31.5527
coreA 184 5868 82234 31.525
coreA 185 5805 81702 31.5127
coreA 186 5805 81248 31.4565
coreA 187 5814 80786 31.4273
coreA 188 5781 80317 31.4232
coreA 189 5791 79878 31.41
coreA 190 5752 79404 31.3748
coreA 191 5724 78920 31.3885
coreA 192 5701 78483 31.3497
coreA 193 5710 78046 31.2691
coreA 194 5710 77553 31.2511
coreA 195 5701 77061 31.1832
coreA 196 5667 76571 31.1937
coreA 197 5670 76065 31.1772
coreA 198 5643 75596 31.171
coreA 199 5672 75070 31.1455
coreA 200 5592 74581 31.0994
coreA 201 5603 74059 31.098
coreA 202 5618 73584 31.0622
coreA 203 5581 73103 30.9999
coreA 204 5571 72611 30.9931
coreA 205 5556 72146 30.9584
coreA 206 5551 71660 30.9098
coreA 207 5538 71172 30.9181
coreA 208 5550 70623 30.8378
coreA 209 5528 70098 30.7787
coreA 210 5501 69589 30.7948
coreA 211 5491 69098 30.7867
coreA 212 5488 68563 30.7686
coreA 213 5484 68088 30.7113
coreA 214 5429 67582 30.6789
coreA 215 5421 67080 30.7028
coreA 216 5396 66535 30.6926
coreA 217 5407 65991 30.6325
coreA 218 5364 65506 30.6469
coreA 219 5407 65041 30.6084
coreA 220 5338 64542 30.555
coreA 221 5290 64015 30.6006
coreA 222 5308 63521 30.5634
coreA 223 5281 63036 30.5259
coreA 224 5260 62580 30.4887
coreA 225 5254 62062 31.3974
coreA 226 5245 61594 31.4137
coreA 227 5252 61128 31.3758
coreA 228 5219 60699 31.3496
coreA 229 5202 60235 31.3088
coreA 230 5177 59791 31.3035
coreA 231 5194 59352 31.2795
coreA 232 5157 58883 31.194
coreA 233 5125 58431 31.1816
coreA 234 5131 57987 31.1209
coreA 235 5132 57550 31.1013
coreA 236 5072 57132 31.1037
coreA 237 5045 56613 31.1959
coreA 238 5050 56063 31.1736
coreA 239 5015 55631 31.0611
coreA 240 4990 55213 31.1133
coreA 241 5020 54806 31.0784
coreA 242 4997 54350 31.0736
coreA 243 4963 53915 31.041
coreA 244 4944 53509 31.0291
coreA 245 4948 53015 31.0476
coreA 246 4924 52586 31.0071
coreA 247 4896 52168 30.9958
coreA 248 4914 51715 960.422
coreA 249 4878 51318 30.8471
coreA 250 4870 50921 30.8174
coreA 251 4866 50479 30.8336
coreA 252 4814 50016 30.8341
coreA 253 4800 49608 876.777
coreA 254 4791 49190 30.7433
coreA 255 4798 48755 30.7939
coreA 256 4743 48357 30.7831
coreA 257 4749 47938 30.7817
coreA 258 4690 47507 30.7615
coreA 259 4715 47073 30.7814
coreA 260 4658 46683 30.7593
coreA 261 4677 46267 30.7325
coreA 262 4633 45917 30.7408
coreA 263 4608 45498 30.6516
coreA 264 4641 45056 30.7218
coreA 265 4580 44628 30.646
coreA 266 4625 44184 30.5986
coreA 267 4563 43829 30.6295
coreA 268 4543 43447 30.5637
coreA 269 4536 43056 30.5589
coreA 270 4528 42658 30.5217
coreA 271 4518 42269 30.533
coreA 272 4474 41852 30.4831
coreA 273 4489 41490 30.4751
coreA 274 4443 41095 30.3541
coreA 275 4430 40683 30.3392
coreA 276 4396 40282 30.3469
coreA 277 4398 39898 30.3027
coreA 278 4391 39537 30.2597
coreA 279 4390 39181 30.2703
coreA 280 4348 38799 30.2405
coreA 281 4335 38407 30.2443
coreA 282 4323 38041 30.2189
coreA 283 4315 37671 30.2263
coreA 284 4275 37327 30.1805
coreA 285 4253 36940 30.1655
coreA 286 4241 36590 30.2505
coreA 287 4205 36250 942.831
coreA 288 4227 35908 30.1389
coreA 289 4155 35511 30.186
coreA 290 4161 35134 30.1371
coreA 291 4140 34831 30.131
coreA 292 4121 34511 30.1075
coreA 293 4101 34114 30.1054
coreA 294 4068 33696 30.0901
coreA 295 4068 33294 30.099
coreA 296 4050 32940 30.072
coreA 297 4015 32574 30.064
coreA 298 4049 32223 30.0322
coreA 299 4001 31865 30.0296
coreA 300 3989 31534 29.9868
coreA 301 3940 31212 30.0176
coreA 302 3922 30897 29.9602
coreA 303 3937 30555 29.9829
coreA 304 3915 30238 29.808
coreA 305 3905 29915 29.8225
coreA 306 3880 29610 29.8173
coreA 307 3831 29278 29.781
coreA 308 3809 28999 29.7677
coreA 309 3776 28694 29.8184
coreA 310 3795 28379 29.757
coreA 311 3793 28049 29.747
coreA 312 3767 27692 29.8449
coreA 313 3763 27414 29.8089
coreA 314 3730 27136 29.7806
coreB 1 1126 2017 8.20699
coreB 2 1649 1992 354.934
coreB 3 1777 1992 25.8458
coreB 4 1826 1992 26.091
coreB 5 1888 1628 25.928
coreB 6 1913 1628 25.8168
coreB 7 1900 1628 25.8237
coreB 8 1936 1628 25.9758
coreB 9 1912 1628 25.6799
coreB 10 1946 1628 26.6961
coreB 11 1990 1373 26.252
coreB 12 1997 1373 26.2798
coreB 13 1997 1373 26.3836
coreB 14 1951 1373 26.3744
coreB 15 1993 1372 26.4085
coreB 16 1986 915 26.9748
coreB 17 2013 915 26.9836
coreB 18 1960 914 26.9641
coreB 19 1974 909 26.9293
coreB 20 1949 837 26.9138
coreB 21 1959 741 26.933
coreB 22 1978 721 26.9493
coreB 23 1964 719 26.3773
coreB 24 1945 648 26.1805
coreB 25 1952 641 26.4591
coreB 26 1947 635 25.8834
coreB 27 1933 628 25.906
coreB 28 1938 621 25.7946
coreB 29 1926 615 25.8252
coreB 30 1907 610 25.8374
coreB 31 1916 604 26.6096
coreB 32 1918 599 25.9928
coreB 33 1917 594 25.9753
coreB 34 1867 590 25.9465
coreB 35 1882 586 25.7693
coreB 36 1865 582 25.8086
coreB 37 1901 577 26.0943
coreB 38 1832 572 26.4156
coreB 39 1828 569 26.5398
coreB 40 1848 564 26.5267
coreB 41 1844 560 26.1955
coreB 42 1829 557 25.9834
coreB 43 1841 553 26.434
coreB 44 1822 550 26.1137
coreB 45 1793 546 26.107
coreB 46 1807 543 26.0992
coreB 47 1781 540 26.2713
coreB 48 1826 537 26.481
coreB 49 1803 534 26.1212
coreB 50 1772 531 26.0664
coreB 51 1777 528 26.0757
coreB 52 1814 525 26.6954
coreB 53 1784 522 26.4953
coreB 54 1763 520 26.2202
coreB 55 1746 518 26.0766
coreB 56 1744 516 26.1006
coreB 57 1730 514 26.0402
coreB 58 1738 511 26.6943
coreB 59 1762 509 26.0393
coreB 60 1754 507 26.6417
coreB 61 1743 504 26.1178
coreB 62 1729 502 26.101
coreB 63 1701 500 26.0873
coreB 64 1714 498 26.0638
coreB 65 1709 496 26.4959
coreB 66 1707 494 25.969
coreB 67 1725 492 26.1452
coreB 68 1724 491 25.9484
coreB 69 1722 489 25.969
coreB 70 1665 488 26.3606
coreB 71 1666 486 26.0043
coreB 72 1680 484 26.1256
coreB 73 1704 482 26.4404
coreB 74 1665 480 26.0871
coreB 75 1679 479 26.2022
coreB 76 1647 477 26.0943
coreB 77 1685 476 25.953
coreB 78 1642 474 26.3315
coreB 79 1623 473 26.334
coreB 80 1644 471 26.0615
coreB 81 1704 470 25.9535
coreB 82 1634 468 25.9403
coreB 83 1652 467 26.0048
coreB 84 1660 465 26.1357
coreB 85 1638 464 271.882
coreB 86 1666 463 8.53508
coreB 87 1660 461 25.8258
coreB 88 1691 460 26.1987
coreB 89 1655 459 26.0866
coreB 90 1610 457 26.0409
coreB 91 1654 456 26.0152
coreB 92 1595 454 26.1219
coreB 93 1608 454 26.0928
coreB 94 1640 452 25.9755
coreB 95 1640 450 25.9968
coreB 96 1612 449 26.0279
coreB 97 1588 448 23.9828
coreB 98 1652 447 23.6561
coreB 99 1646 446 17.1719
coreB 100 1628 444 18.9751
coreB 101 1601 443 17.114
coreB 102 1636 442 24.2154
coreB 103 1649 441 19.9094
coreB 104 1656 440 17.5892
coreB 105 1635 438 26.3213
coreB 106 1636 438 26.8294
coreB 107 1602 436 26.3358
coreB 108 1644 435 26.2973
coreB 109 1609 434 26.1346
coreB 110 1607 433 26.1969
coreB 111 1579 432 26.3112
coreB 112 1607 431 26.908
coreB 113 1584 430 26.926
coreB 114 1602 429 26.338
coreB 115 1581 428 26.2228
coreB 116 1572 427 26.2662
coreB 117 1575 426 26.309
coreB 118 1543 425 26.2152
coreB 119 1571 424 26.3082
coreB 120 1561 423 26.3408
coreB 121 1546 422 26.3598
coreB 122 1557 421 26.3192
coreB 123 1570 420 26.8692
coreB 124 1558 419 26.2594
coreB 125 1588 418 26.4133
coreB 126 1521 418 26.8468
coreB 127 1564 416 26.8253
coreB 128 1563 416 26.1704
coreB 129 1532 415 26.231
coreB 130 1577 414 26.1937
coreB 131 1520 413 26.3523
coreB 132 1569 412 26.2257
coreB 133 1550 411 26.2825
coreB 134 1571 410 26.2642
coreB 135 1568 409 26.2776
coreB 136 1522 408 26.1677
coreB 137 1573 407 26.384
coreB 138 1519 406 24.5223
coreB 139 1497 405 23.799
coreB 140 1533 405 25.9762
coreB 141 1515 404 25.9647
coreB 142 1541 403 25.9388
coreB 143 1520 402 26.0773
coreB 144 1529 401 25.9498
coreB 145 1506 401 26.2699
coreB 146 1529 400 24.3108
coreB 147 1550 399 25.1546
coreB 148 1514 398 26.1657
coreB 149 1489 397 26.4009
coreB 150 1509 397 26.2188
coreB 151 1483 396 26.036
coreB 152 1497 395 26.1276
coreB 153 1472 394 26.0095
coreB 154 1482 393 26.0169
coreB 155 1520 392 26.7783
coreB 156 1482 392 26.0389
coreB 157 1510 391 26.0438
coreB 158 1503 390 26.0665
coreB 159 1477 389 26.6929
coreB 160 1468 389 26.1556
coreB 161 1503 388 26.2433
coreB 162 1510 387 26.1601
coreB 163 1509 387 26.162
coreB 164 1471 386 26.206
coreB 165 1430 386 26.0443
coreB 166 1480 385 26.1361
coreB 167 1465 384 26.1667
coreB 168 1448 384 26.7177
coreB 169 1484 383 26.7423
coreB 170 1431 382 26.8051
coreB 171 1443 381 26.7509
coreB 172 1475 381 26.762
coreB 173 1448 380 26.1875
coreB 174 1460 379 26.1245
coreB 175 1444 379 26.76
coreB 176 1402 378 26.7667
coreB 177 1453 377 26.7556
coreB 178 1400 377 26.0874
coreB 179 1451 376 24.9093
coreB 180 1420 376 25.0599
coreB 181 1437 375 26.1189
coreB 182 1419 374 26.199
coreB 183 1422 374 26.2174
coreB 184 1441 373 26.436
coreB 185 1462 373 26.9096
coreB 186 1419 372 26.2144
coreB 187 1428 371 26.2938
coreB 188 1415 371 26.2359
coreB 189 1429 370 26.3269
coreB 190 1432 369 26.2872
coreB 191 1389 368 26.2776
coreB 192 1422 368 26.2337
coreB 193 1401 367 26.1
coreB 194 1447 367 26.762
coreB 195 1400 366 26.7281
coreB 196 1422 366 26.6614
coreB 197 1441 365 26.1046
coreB 198 1457 364 26.1226
coreB 199 1418 364 26.7104
coreB 200 1407 363 26.2056
coreB 201 1428 363 26.7515
coreB 202 1420 362 26.7433
coreB 203 1394 361 26.2092
coreB 204 1409 361 26.6912
coreB 205 1401 360 26.0092
coreB 206 1366 360 25.9202
coreB 207 1417 359 26.6104
coreB 208 1364 359 25.9577
coreB 209 1386 358 25.9144
coreB 210 1403 358 25.9724
coreB 211 1449 357 26.6205
coreB 212 1371 357 26.0832
coreB 213 1393 356 26.0414
coreB 214 1395 356 26.1072
coreB 215 1395 355 26.2034
coreB 216 1429 355 26.0691
coreB 217 1380 354 26.0469
coreB 218 1358 354 26.3176
coreB 219 1388 353 26.0985
coreB 220 1351 353 26.1262
coreB 221 1382 352 26.7022
coreB 222 1352 352 26.0377
coreB 223 1335 351 26.6969
coreB 224 1389 351 26.1198
coreB 225 1364 350 26.1975
coreB 226 1359 350 26.0935
coreB 227 1344 349 26.0492
coreB 228 1362 348 26.2764
coreB 229 1363 348 26.0692
coreB 230 1360 347 26.1829
coreB 231 1359 347 26.1501
coreB 232 1320 346 26.2164
coreB 233 1353 346 26.1289
coreB 234 1334 345 26.1077
coreB 235 1355 345 26.8259
coreB 236 1330 344 26.2742
coreB 237 1321 344 26.1173
coreB 238 1293 343 26.1188
coreB 239 1340 343 26.1771
coreB 240 1327 342 26.1205
coreB 241 1327 342 26.1071
coreB 242 1312 342 26.1204
coreB 243 1283 341 26.1089
coreB 244 1327 341 26.1461
coreB 245 1308 340 26.1363
coreB 246 1295 340 26.05
coreB 247 1293 339 26.1908
coreB 248 1306 339 26.1064
coreB 249 1290 339 26.015
coreB 250 1299 338 26.0356
coreB 251 1294 338 26.0622
coreB 252 1321 337 26.1088
coreB 253 1331 337 25.9213
coreB 254 1277 336 26.2711
coreB 255 1270 336 26.0484
coreB 256 1283 336 26.7097
coreB 257 1289 335 26.096
coreB 258 1295 334 26.2251
coreB 259 1237 334 26.7463
coreB 260 1301 333 26.1531
coreB 261 1255 333 26.0329
coreB 262 1252 333 26.1355
coreB 263 1266 332 26.1408
coreB 264 1235 332 26.1207
coreB 265 1265 331 26.0638
coreB 266 1272 331 25.9993
coreB 267 1254 331 26.683
coreB 268 1270 330 26.1525
coreB 269 1257 330 26.0885
coreB 270 1254 330 26.067
coreB 271 1234 329 26.6687
coreB 272 1258 329 26.1115
coreB 273 1253 329 26.1946
coreB 274 1264 328 26.0446
coreB 275 1244 328 25.949
coreB 276 1241 327 26.1474
coreB 277 1269 327 26.2381
coreB 278 1236 327 26.1745
coreB 279 1242 326 26.1545
coreB 280 1273 326 26.7295
coreB 281 1244 326 26.7172
coreB 282 1222 326 25.9773
coreB 283 1232 325 26.1204
coreB 284 1203 325 26.1324
coreB 285 1243 324 26.102
coreB 286 1249 324 26.0704
coreB 287 1201 324 83.3907
coreB 288 1220 323 16.8939
coreB 289 1238 323 26.2335
coreB 290 1223 323 26.1886
coreB 291 1229 322 26.2077
coreB 292 1226 322 26.0876
coreB 293 1213 322 26.1801
coreB 294 1212 321 26.1874
coreB 295 1199 321 26.1954
coreB 296 1194 321 26.1511
coreB 297 1218 320 26.348
coreB 298 1242 320 26.0685
coreB 299 1169 320 24.7744
coreB 300 1214 320 21.2113
coreB 301 1199 319 17.1869
coreB 302 1223 319 18.7846
coreB 303 1188 319 14.5393
coreB 304 1176 318 26.6675
coreB 305 1230 318 26.6534
coreB 306 1186 318 26.7393
coreB 307 1174 317 25.9164
coreB 308 1181 317 26.0136
coreB 309 1216 316 26.0301
coreB 310 1161 316 23.727
coreB 311 1198 316 23.1952
coreB 312 1190 315 18.2266
coreB 313 1196 315 16.0568
coreB 314 1197 314 17.0927
total 2323.37
