coreA 1 6395 108622 326.816
coreA 2 6395 108622 35.5636
coreA 3 6394 108622 35.4461
coreA 4 6397 108622 35.705
coreA 5 6396 108622 36.5758
coreA 6 6395 108622 314.119
coreA 7 6405 108622 36.7389
coreA 8 6403 108622 36.0548
coreA 9 6410 108620 35.8906
coreA 10 6401 108620 35.8039
coreA 11 6401 108620 35.7
coreA 12 6410 108620 36.5195
coreA 13 6414 108619 36.0676
coreA 14 6413 108618 36.0888
coreA 15 6418 108606 36.0416
coreA 16 6405 108606 36.1388
coreA 17 6412 108601 36.16
coreA 18 6414 108600 183.867
coreA 19 6401 108598 36.12
coreA 20 6405 108594 35.9356
coreA 21 6419 108592 35.6382
coreA 22 6415 108591 36.2396
coreA 23 6417 108591 36.2027
coreA 24 6417 108590 35.9128
coreA 25 6430 108586 36.0162
coreA 26 6410 108582 36.1805
coreA 27 6416 108576 36.1537
coreA 28 6403 108572 35.7966
coreA 29 6419 108570 36.0284
coreA 30 6413 108566 35.6788
coreA 31 6415 108564 35.6549
coreA 32 6411 108563 35.3988
coreA 33 6416 108558 35.2866
coreA 34 6417 108555 35.4406
coreA 35 6414 108554 35.1739
coreA 36 6404 108554 35.0572
coreA 37 6398 108550 35.0329
coreA 38 6382 108545 34.9901
coreA 39 6418 108540 35.0065
coreA 40 6428 108531 35.0286
coreA 41 6431 108529 177.403
coreA 42 6409 108522 35.258
coreA 43 6398 108512 35.2271
coreA 44 6387 108502 35.1447
coreA 45 6406 108499 35.1731
coreA 46 6391 108489 233.541
coreA 47 6409 108480 34.5991
coreA 48 6395 108474 35.3442
coreA 49 6398 108465 34.9457
coreA 50 6403 108456 332.564
coreA 51 6396 108439 34.9182
coreA 52 6399 108430 34.9354
coreA 53 6386 108417 35.0135
coreA 54 6407 108407 35.1125
coreA 55 6379 108397 34.8809
coreA 56 6368 108381 34.8113
coreA 57 6394 108367 34.733
coreA 58 6365 108352 34.6995
coreA 59 6380 108342 34.6474
coreA 60 6388 108333 34.4589
coreA 61 6403 108320 34.3739
coreA 62 6375 108313 34.3251
coreA 63 6359 108293 34.3068
coreA 64 6369 108274 34.3386
coreA 65 6385 108256 35.1241
coreA 66 6403 108236 34.4843
coreA 67 6373 108217 34.4238
coreA 68 6379 108197 34.4109
coreA 69 6390 108167 34.009
coreA 70 6395 108151 198.091
coreA 71 6370 108127 224.397
coreA 72 6368 108107 34.0515
coreA 73 6348 108070 33.8235
coreA 74 6399 108032 33.8365
coreA 75 6413 107996 33.8076
coreA 76 6412 107963 33.877
coreA 77 6379 107938 113.951
coreA 78 6348 107901 34.0588
coreA 79 6403 107868 129.281
coreA 80 6381 107827 34.1503
coreA 81 6369 107781 87.1135
coreA 82 6411 107733 33.8101
coreA 83 6355 107688 33.7549
coreA 84 6356 107644 33.4733
coreA 85 6370 107598 33.4919
coreA 86 6382 107541 33.4209
coreA 87 6360 107487 225.852
coreA 88 6363 107409 33.3757
coreA 89 6355 107365 33.3263
coreA 90 6366 107295 33.2908
coreA 91 6372 107220 33.6282
coreA 92 6354 107159 287.808
coreA 93 6377 107110 33.907
coreA 94 6342 107045 33.565
coreA 95 6359 106978 33.494
coreA 96 6322 106891 33.4369
coreA 97 6357 106803 33.4234
coreA 98 6338 106683 33.3959
coreA 99 6299 106582 33.4
coreA 100 6358 106489 33.521
coreA 101 6321 106360 33.3059
coreA 102 6322 106255 33.2069
coreA 103 6336 106140 32.9388
coreA 104 6335 106033 32.9685
coreA 105 6305 105923 65.3167
coreA 106 6338 105802 33.2572
coreA 107 6286 105685 208.981
coreA 108 6338 105549 257.311
coreA 109 6272 105408 33.3562
coreA 110 6325 105237 33.2322
coreA 111 6347 105086 33.1786
coreA 112 6324 104968 33.097
coreA 113 6286 104824 33.1939
coreA 114 6269 104686 33.2425
coreA 115 6309 104530 32.8862
coreA 116 6294 104379 32.7942
coreA 117 6306 104231 33.066
coreA 118 6274 104045 33.1206
coreA 119 6262 103867 32.9015
coreA 120 6283 103717 176.041
coreA 121 6281 103534 33.1367
coreA 122 6267 103337 32.9365
coreA 123 6295 103159 32.9874
coreA 124 6244 102935 32.9024
coreA 125 6269 102709 32.8032
coreA 126 6271 102493 65.0943
coreA 127 6238 102299 32.7044
coreA 128 6229 102083 33.11
coreA 129 6230 101870 391.513
coreA 130 6214 101659 32.503
coreA 131 6224 101451 33.0288
coreA 132 6199 101199 32.8384
coreA 133 6210 100946 357.608
coreA 134 6235 100697 32.8669
coreA 135 6156 100422 337.138
coreA 136 6197 100195 32.4544
coreA 137 6188 99941 32.3029
coreA 138 6212 99673 32.1765
coreA 139 6181 99416 32.4918
coreA 140 6177 99141 32.4686
coreA 141 6138 98825 32.4322
coreA 142 6162 98528 32.4295
coreA 143 6146 98224 183.132
coreA 144 6158 97923 32.5891
coreA 145 6176 97589 32.4076
coreA 146 6117 97256 32.5499
coreA 147 6151 96883 32.5112
coreA 148 6092 96568 279.546
coreA 149 6093 96248 32.4621
coreA 150 6131 95879 32.4823
coreA 151 6097 95516 32.487
coreA 152 6117 95183 32.4419
coreA 153 6143 94801 32.4507
coreA 154 6096 94426 207.558
coreA 155 6108 94092 32.8772
coreA 156 6083 93744 32.6837
coreA 157 6075 93400 32.6763
coreA 158 6040 93034 32.6726
coreA 159 6078 92672 32.7319
coreA 160 6082 92322 32.642
coreA 161 6065 91892 32.475
coreA 162 6055 91504 32.5688
coreA 163 6022 91129 32.3222
coreA 164 6043 90745 32.2081
coreA 165 6010 90324 32.2159
coreA 166 6033 89940 32.1729
coreA 167 5993 89569 32.1817
coreA 168 5988 89188 32.6649
coreA 169 5982 88777 210.11
coreA 170 5942 88370 62.8808
coreA 171 5911 87979 150.024
coreA 172 5955 87565 32.3493
coreA 173 5934 87146 32.3411
coreA 174 5945 86723 32.382
coreA 175 5846 86319 32.342
coreA 176 5954 85885 32.3128
coreA 177 5879 85502 260.533
coreA 178 5887 85020 32.1344
coreA 179 5842 84562 32.0814
coreA 180 5861 84113 32.372
coreA 181 5902 83602 32.3531
coreA 182 5821 83124 32.3125
coreA 183 5812 82668 32.3112
coreA 184 5868 82234 32.3294
coreA 185 5805 81702 32.3632
coreA 186 5805 81248 33.3658
coreA 187 5814 80786 35.442
coreA 188 5781 80317 63.2094
coreA 189 5791 79878 36.1819
coreA 190 5752 79404 36.0649
coreA 191 5724 78920 101.165
coreA 192 5701 78483 32.387
coreA 193 5710 78046 32.2836
coreA 194 5710 77553 34.2143
coreA 195 5701 77061 32.0285
coreA 196 5667 76571 63.7743
coreA 197 5670 76065 145.736
coreA 198 5643 75596 32.2713
coreA 199 5672 75070 32.2761
coreA 200 5592 74581 128.931
coreA 201 5603 74059 94.2826
coreA 202 5618 73584 32.742
coreA 203 5581 73103 32.8233
coreA 204 5571 72611 33.6454
coreA 205 5556 72146 29.6508
coreA 206 5551 71660 29.6249
coreA 207 5538 71172 47.6121
coreA 208 5550 70623 30.0403
coreA 209 5528 70098 29.3742
coreA 210 5501 69589 28.8041
coreA 211 5491 69098 28.8405
coreA 212 5488 68563 29.083
coreA 213 5484 68088 35.7133
coreA 214 5429 67582 63.2919
coreA 215 5421 67080 47.3292
coreA 216 5396 66535 47.5996
coreA 217 5407 65991 29.1413
coreA 218 5364 65506 34.9088
coreA 219 5407 65041 68.0994
coreA 220 5338 64542 68.1506
coreA 221 5290 64015 31.6301
coreA 222 5308 63521 31.6328
coreA 223 5281 63036 55.5899
coreA 224 5260 62580 34.5816
coreA 225 5254 62062 35.8536
coreA 226 5245 61594 36.2061
coreA 227 5252 61128 32.0397
coreA 228 5219 60699 31.9705
coreA 229 5202 60235 61.2497
coreA 230 5177 59791 101.285
coreA 231 5194 59352 60.6635
coreA 232 5157 58883 32.1189
coreA 233 5125 58431 32.0652
coreA 234 5131 57987 35.4023
coreA 235 5132 57550 36.0249
coreA 236 5072 57132 86.8414
coreA 237 5045 56613 61.4684
coreA 238 5050 56063 36.8505
coreA 239 5015 55631 58.9107
coreA 240 4990 55213 31.7104
coreA 241 5020 54806 31.7052
coreA 242 4997 54350 128.543
coreA 243 4963 53915 31.6088
coreA 244 4944 53509 31.5977
coreA 245 4948 53015 31.9694
coreA 246 4924 52586 31.9013
coreA 247 4896 52168 114.231
coreA 248 4914 51715 68.3428
coreA 249 4878 51318 31.8872
coreA 250 4870 50921 159.632
coreA 251 4866 50479 31.7787
coreA 252 4814 50016 31.7529
coreA 253 4800 49608 31.8218
coreA 254 4791 49190 31.7695
coreA 255 4798 48755 31.4121
coreA 256 4743 48357 31.4066
coreA 257 4749 47938 31.1899
coreA 258 4690 47507 31.2483
coreA 259 4715 47073 31.1402
coreA 260 4658 46683 31.1549
coreA 261 4677 46267 31.1427
coreA 262 4633 45917 31.2199
coreA 263 4608 45498 31.1874
coreA 264 4641 45056 74.7137
coreA 265 4580 44628 73.8755
coreA 266 4625 44184 31.5128
coreA 267 4563 43829 35.8039
coreA 268 4543 43447 24.9786
coreA 269 4536 43056 53.4633
coreA 270 4528 42658 51.6725
coreA 271 4518 42269 31.0268
coreA 272 4474 41852 91.2792
coreA 273 4489 41490 110.04
coreA 274 4443 41095 31.2833
coreA 275 4430 40683 31.2854
coreA 276 4396 40282 32.4002
coreA 277 4398 39898 31.4076
coreA 278 4391 39537 30.9
coreA 279 4390 39181 30.9225
coreA 280 4348 38799 30.9325
coreA 281 4335 38407 33.7357
coreA 282 4323 38041 93.8909
coreA 283 4315 37671 31.2847
coreA 284 4275 37327 95.2331
coreA 285 4253 36940 126.867
coreA 286 4241 36590 30.8111
coreA 287 4205 36250 121.972
coreA 288 4227 35908 31.1027
coreA 289 4155 35511 30.9743
coreA 290 4161 35134 30.8758
coreA 291 4140 34831 30.8796
coreA 292 4121 34511 30.9424
coreA 293 4101 34114 195.328
coreA 294 4068 33696 30.8864
coreA 295 4068 33294 30.9027
coreA 296 4050 32940 183.464
coreA 297 4015 32574 199.937
coreA 298 4049 32223 30.8499
coreA 299 4001 31865 30.9209
coreA 300 3989 31534 30.8566
coreA 301 3940 31212 30.6506
coreA 302 3922 30897 30.6343
coreA 303 3937 30555 225.852
coreA 304 3915 30238 30.5036
coreA 305 3905 29915 30.4337
coreA 306 3880 29610 30.4525
coreA 307 3831 29278 30.4559
coreA 308 3809 28999 30.3985
coreA 309 3776 28694 30.7707
coreA 310 3795 28379 30.4878
coreA 311 3793 28049 30.4114
coreA 312 3767 27692 30.5723
coreA 313 3763 27414 30.8667
coreA 314 3730 27136 30.4314
coreB 1 1126 2017 5.95172
coreB 2 1649 1992 29.7351
coreB 3 1777 1992 27.1875
coreB 4 1826 1992 239.765
coreB 5 1888 1628 27.064
coreB 6 1913 1628 27.7454
coreB 7 1900 1628 174.272
coreB 8 1936 1628 27.3668
coreB 9 1912 1628 26.788
coreB 10 1946 1628 27.8578
coreB 11 1990 1373 27.0012
coreB 12 1997 1373 28.5469
coreB 13 1997 1373 27.5503
coreB 14 1951 1373 27.2119
coreB 15 1993 1372 27.1941
coreB 16 1986 915 27.8073
coreB 17 2013 915 28.2472
coreB 18 1960 914 28.2486
coreB 19 1974 909 28.2748
coreB 20 1949 837 29.1961
coreB 21 1959 741 28.4638
coreB 22 1978 721 28.2252
coreB 23 1964 719 27.7797
coreB 24 1945 648 27.7873
coreB 25 1952 641 27.7135
coreB 26 1947 635 27.1213
coreB 27 1933 628 88.9182
coreB 28 1938 621 26.701
coreB 29 1926 615 27.0309
coreB 30 1907 610 26.6574
coreB 31 1916 604 27.8371
coreB 32 1918 599 160.006
coreB 33 1917 594 26.9974
coreB 34 1867 590 27.6442
coreB 35 1882 586 27.3199
coreB 36 1865 582 27.4348
coreB 37 1901 577 27.7192
coreB 38 1832 572 27.79
coreB 39 1828 569 28.1132
coreB 40 1848 564 28.3164
coreB 41 1844 560 27.863
coreB 42 1829 557 27.6633
coreB 43 1841 553 27.7949
coreB 44 1822 550 27.2088
coreB 45 1793 546 27.5249
coreB 46 1807 543 27.41
coreB 47 1781 540 27.7809
coreB 48 1826 537 27.93
coreB 49 1803 534 26.9673
coreB 50 1772 531 27.1841
coreB 51 1777 528 27.1125
coreB 52 1814 525 27.902
coreB 53 1784 522 27.5996
coreB 54 1763 520 27.8152
coreB 55 1746 518 27.2096
coreB 56 1744 516 27.1325
coreB 57 1730 514 27.2147
coreB 58 1738 511 28.2049
coreB 59 1762 509 26.8917
coreB 60 1754 507 27.4975
coreB 61 1743 504 26.812
coreB 62 1729 502 26.8803
coreB 63 1701 500 26.8015
coreB 64 1714 498 26.8155
coreB 65 1709 496 27.4442
coreB 66 1707 494 27.0529
coreB 67 1725 492 23.7093
coreB 68 1724 491 76.6841
coreB 69 1722 489 26.8657
coreB 70 1665 488 52.4089
coreB 71 1666 486 27.1188
coreB 72 1680 484 27.178
coreB 73 1704 482 27.4428
coreB 74 1665 480 92.7693
coreB 75 1679 479 27.3003
coreB 76 1647 477 106.816
coreB 77 1685 476 26.9708
coreB 78 1642 474 27.7307
coreB 79 1623 473 27.5423
coreB 80 1644 471 114.515
coreB 81 1704 470 26.9457
coreB 82 1634 468 27.0178
coreB 83 1652 467 27.0211
coreB 84 1660 465 27.3345
coreB 85 1638 464 27.1171
coreB 86 1666 463 27.1431
coreB 87 1660 461 26.9236
coreB 88 1691 460 27.5267
coreB 89 1655 459 104.851
coreB 90 1610 457 50.9412
coreB 91 1654 456 77.6152
coreB 92 1595 454 27.2567
coreB 93 1608 454 26.9533
coreB 94 1640 452 26.9703
coreB 95 1640 450 26.9493
coreB 96 1612 449 38.8426
coreB 97 1588 448 36.9655
coreB 98 1652 447 28.1675
coreB 99 1646 446 26.6339
coreB 100 1628 444 27.0028
coreB 101 1601 443 28.553
coreB 102 1636 442 27.2545
coreB 103 1649 441 27.169
coreB 104 1656 440 27.2163
coreB 105 1635 438 200.172
coreB 106 1636 438 27.5119
coreB 107 1602 436 26.9841
coreB 108 1644 435 26.9375
coreB 109 1609 434 27.2179
coreB 110 1607 433 27.2973
coreB 111 1579 432 27.2899
coreB 112 1607 431 27.8446
coreB 113 1584 430 104.173
coreB 114 1602 429 27.1455
coreB 115 1581 428 26.965
coreB 116 1572 427 26.9409
coreB 117 1575 426 27.2492
coreB 118 1543 425 26.9629
coreB 119 1571 424 27.419
coreB 120 1561 423 26.8474
coreB 121 1546 422 27.2924
coreB 122 1557 421 27.3459
coreB 123 1570 420 28.0109
coreB 124 1558 419 27.3532
coreB 125 1588 418 27.7028
coreB 126 1521 418 27.6537
coreB 127 1564 416 27.6855
coreB 128 1563 416 26.954
coreB 129 1532 415 27.0172
coreB 130 1577 414 26.9188
coreB 131 1520 413 27.2455
coreB 132 1569 412 27.2735
coreB 133 1550 411 27.2382
coreB 134 1571 410 27.2091
coreB 135 1568 409 27.3098
coreB 136 1522 408 27.6471
coreB 137 1573 407 27.3818
coreB 138 1519 406 28.5899
coreB 139 1497 405 27.7194
coreB 140 1533 405 27.4274
coreB 141 1515 404 27.5213
coreB 142 1541 403 26.8442
coreB 143 1520 402 27.2953
coreB 144 1529 401 27.2377
coreB 145 1506 401 27.298
coreB 146 1529 400 26.9663
coreB 147 1550 399 26.8272
coreB 148 1514 398 26.957
coreB 149 1489 397 27.0856
coreB 150 1509 397 26.9317
coreB 151 1483 396 26.8081
coreB 152 1497 395 27.429
coreB 153 1472 394 39.9863
coreB 154 1482 393 23.6744
coreB 155 1520 392 26.8936
coreB 156 1482 392 24.2346
coreB 157 1510 391 24.4243
coreB 158 1503 390 22.8387
coreB 159 1477 389 25.1529
coreB 160 1468 389 23.4156
coreB 161 1503 388 24.2489
coreB 162 1510 387 25.6307
coreB 163 1509 387 27.6573
coreB 164 1471 386 27.3662
coreB 165 1430 386 27.0506
coreB 166 1480 385 27.1288
coreB 167 1465 384 27.2701
coreB 168 1448 384 27.7368
coreB 169 1484 383 27.6935
coreB 170 1431 382 27.4251
coreB 171 1443 381 27.4474
coreB 172 1475 381 27.4923
coreB 173 1448 380 26.9129
coreB 174 1460 379 26.8382
coreB 175 1444 379 27.5058
coreB 176 1402 378 179.487
coreB 177 1453 377 27.7483
coreB 178 1400 377 27.4109
coreB 179 1451 376 27.1778
coreB 180 1420 376 27.0664
coreB 181 1437 375 27.1116
coreB 182 1419 374 27.1948
coreB 183 1422 374 26.9489
coreB 184 1441 373 27.3141
coreB 185 1462 373 27.7957
coreB 186 1419 372 27.1399
coreB 187 1428 371 22.4908
coreB 188 1415 371 41.8733
coreB 189 1429 370 27.0079
coreB 190 1432 369 23.492
coreB 191 1389 368 37.8287
coreB 192 1422 368 26.9456
coreB 193 1401 367 26.8186
coreB 194 1447 367 27.4113
coreB 195 1400 366 27.4914
coreB 196 1422 366 27.3986
coreB 197 1441 365 54.2062
coreB 198 1457 364 26.7781
coreB 199 1418 364 27.4598
coreB 200 1407 363 26.892
coreB 201 1428 363 146.205
coreB 202 1420 362 27.9822
coreB 203 1394 361 27.18
coreB 204 1409 361 27.5214
coreB 205 1401 360 27.1847
coreB 206 1366 360 26.9786
coreB 207 1417 359 27.4829
coreB 208 1364 359 27.1271
coreB 209 1386 358 26.9688
coreB 210 1403 358 27.0976
coreB 211 1449 357 27.7127
coreB 212 1371 357 54.462
coreB 213 1393 356 27.2847
coreB 214 1395 356 26.8807
coreB 215 1395 355 27.1316
coreB 216 1429 355 26.8542
coreB 217 1380 354 27.1734
coreB 218 1358 354 27.1858
coreB 219 1388 353 26.8681
coreB 220 1351 353 26.8767
coreB 221 1382 352 27.8483
coreB 222 1352 352 26.7725
coreB 223 1335 351 27.463
coreB 224 1389 351 26.8344
coreB 225 1364 350 26.9044
coreB 226 1359 350 26.7339
coreB 227 1344 349 26.6904
coreB 228 1362 348 26.96
coreB 229 1363 348 74.8022
coreB 230 1360 347 26.8265
coreB 231 1359 347 112.55
coreB 232 1320 346 27.1745
coreB 233 1353 346 27.0587
coreB 234 1334 345 103.794
coreB 235 1355 345 27.4116
coreB 236 1330 344 94.1983
coreB 237 1321 344 26.799
coreB 238 1293 343 26.788
coreB 239 1340 343 26.8511
coreB 240 1327 342 27.3277
coreB 241 1327 342 27.0588
coreB 242 1312 342 27.1043
coreB 243 1283 341 27.3219
coreB 244 1327 341 27.083
coreB 245 1308 340 27.3397
coreB 246 1295 340 27.1051
coreB 247 1293 339 27.3203
coreB 248 1306 339 27.1804
coreB 249 1290 339 27.249
coreB 250 1299 338 26.9861
coreB 251 1294 338 27.0899
coreB 252 1321 337 27.5734
coreB 253 1331 337 27.2228
coreB 254 1277 336 27.2597
coreB 255 1270 336 27.5699
coreB 256 1283 336 28.358
coreB 257 1289 335 27.4626
coreB 258 1295 334 27.2877
coreB 259 1237 334 27.9213
coreB 260 1301 333 27.1182
coreB 261 1255 333 27.0489
coreB 262 1252 333 27.221
coreB 263 1266 332 27.5444
coreB 264 1235 332 50.2858
coreB 265 1265 331 78.8852
coreB 266 1272 331 26.9794
coreB 267 1254 331 21.6191
coreB 268 1270 330 24.3631
coreB 269 1257 330 38.703
coreB 270 1254 330 23.3985
coreB 271 1234 329 64.7715
coreB 272 1258 329 22.8489
coreB 273 1253 329 65.3403
coreB 274 1264 328 27.2096
coreB 275 1244 328 27.046
coreB 276 1241 327 27.0085
coreB 277 1269 327 79.1845
coreB 278 1236 327 65.2229
coreB 279 1242 326 27.2166
coreB 280 1273 326 26.3451
coreB 281 1244 326 52.3796
coreB 282 1222 326 38.2808
coreB 283 1232 325 26.8646
coreB 284 1203 325 49.8074
coreB 285 1243 324 64.6002
coreB 286 1249 324 27.0998
coreB 287 1201 324 52.0201
coreB 288 1220 323 52.5801
coreB 289 1238 323 27.1769
coreB 290 1223 323 27.2931
coreB 291 1229 322 27.1958
coreB 292 1226 322 26.7973
coreB 293 1213 322 75.9948
coreB 294 1212 321 26.8521
coreB 295 1199 321 25.935
coreB 296 1194 321 54.7858
coreB 297 1218 320 87.4409
coreB 298 1242 320 26.7904
coreB 299 1169 320 26.8318
coreB 300 1214 320 26.8889
coreB 301 1199 319 27.4842
coreB 302 1223 319 79.0931
coreB 303 1188 319 27.4479
coreB 304 1176 318 27.9801
coreB 305 1230 318 27.9915
coreB 306 1186 318 27.0997
coreB 307 1174 317 27.0369
coreB 308 1181 317 76.6742
coreB 309 1216 316 77.2651
coreB 310 1161 316 27.8532
coreB 311 1198 316 51.1855
coreB 312 1190 315 67.4382
coreB 313 1196 315 27.2932
coreB 314 1197 314 28.2363
total 754.385
coreA 1 6395 108622 324.349
coreA 2 6395 108622 6.72265
coreA 3 6394 108622 7.22044
coreA 4 6397 108622 35.7745
coreA 5 6396 108622 36.7352
coreA 6 6395 108622 36.5005
coreA 7 6405 108622 36.4174
coreA 8 6403 108622 342.881
coreA 9 6410 108620 12.413
coreA 10 6401 108620 36.7035
coreA 11 6401 108620 36.4795
coreA 12 6410 108620 36.1719
coreA 13 6414 108619 36.0596
coreA 14 6413 108618 36.2595
coreA 15 6418 108606 36.1265
coreA 16 6405 108606 36.0376
coreA 17 6412 108601 36.0497
coreA 18 6414 108600 35.9528
coreA 19 6401 108598 35.6021
coreA 20 6405 108594 35.6342
coreA 21 6419 108592 35.648
coreA 22 6415 108591 36.0473
coreA 23 6417 108591 35.9775
coreA 24 6417 108590 35.8739
coreA 25 6430 108586 35.538
coreA 26 6410 108582 35.5583
coreA 27 6416 108576 36.0155
coreA 28 6403 108572 35.8785
coreA 29 6419 108570 35.7266
coreA 30 6413 108566 35.8839
coreA 31 6415 108564 35.5826
coreA 32 6411 108563 35.6709
coreA 33 6416 108558 35.1092
coreA 34 6417 108555 35.1124
coreA 35 6414 108554 35.0377
coreA 36 6404 108554 35.6171
coreA 37 6398 108550 35.5015
coreA 38 6382 108545 35.3938
coreA 39 6418 108540 35.4338
coreA 40 6428 108531 35.4051
coreA 41 6431 108529 35.4612
coreA 42 6409 108522 35.4389
coreA 43 6398 108512 157.788
coreA 44 6387 108502 34.8014
coreA 45 6406 108499 34.7608
coreA 46 6391 108489 34.718
coreA 47 6409 108480 35.1784
coreA 48 6395 108474 35.1994
coreA 49 6398 108465 35.2378
coreA 50 6403 108456 34.8981
coreA 51 6396 108439 35.0699
coreA 52 6399 108430 34.7211
coreA 53 6386 108417 34.5254
coreA 54 6407 108407 34.5386
coreA 55 6379 108397 34.5748
coreA 56 6368 108381 34.8902
coreA 57 6394 108367 34.8623
coreA 58 6365 108352 34.8004
coreA 59 6380 108342 34.8298
coreA 60 6388 108333 35.1263
coreA 61 6403 108320 34.965
coreA 62 6375 108313 34.839
coreA 63 6359 108293 34.3345
coreA 64 6369 108274 254.884
coreA 65 6385 108256 34.8325
coreA 66 6403 108236 34.5448
coreA 67 6373 108217 34.4063
coreA 68 6379 108197 34.6692
coreA 69 6390 108167 34.4855
coreA 70 6395 108151 34.3548
coreA 71 6370 108127 33.8814
coreA 72 6368 108107 33.8495
coreA 73 6348 108070 345.11
coreA 74 6399 108032 33.7484
coreA 75 6413 107996 33.737
coreA 76 6412 107963 33.738
coreA 77 6379 107938 33.7003
coreA 78 6348 107901 33.7065
coreA 79 6403 107868 33.6695
coreA 80 6381 107827 34.0575
coreA 81 6369 107781 33.7732
coreA 82 6411 107733 33.4732
coreA 83 6355 107688 33.4885
coreA 84 6356 107644 34.0153
coreA 85 6370 107598 33.6904
coreA 86 6382 107541 33.6207
coreA 87 6360 107487 33.7271
coreA 88 6363 107409 33.8173
coreA 89 6355 107365 33.7805
coreA 90 6366 107295 33.7418
coreA 91 6372 107220 35.4597
coreA 92 6354 107159 42.9074
coreA 93 6377 107110 45.4264
coreA 94 6342 107045 29.6796
coreA 95 6359 106978 33.3928
coreA 96 6322 106891 33.3637
coreA 97 6357 106803 33.3209
coreA 98 6338 106683 33.2769
coreA 99 6299 106582 33.3499
coreA 100 6358 106489 32.9824
coreA 101 6321 106360 33.0345
coreA 102 6322 106255 33.0062
coreA 103 6336 106140 33.7427
coreA 104 6335 106033 33.0175
coreA 105 6305 105923 33.2077
coreA 106 6338 105802 32.9462
coreA 107 6286 105685 33.1918
coreA 108 6338 105549 33.0387
coreA 109 6272 105408 33.0572
coreA 110 6325 105237 32.9858
coreA 111 6347 105086 32.8429
coreA 112 6324 104968 32.8598
coreA 113 6286 104824 32.8069
coreA 114 6269 104686 32.8048
coreA 115 6309 104530 35.5781
coreA 116 6294 104379 42.8867
coreA 117 6306 104231 32.7622
coreA 118 6274 104045 32.6414
coreA 119 6262 103867 32.5992
coreA 120 6283 103717 32.5745
coreA 121 6281 103534 32.7092
coreA 122 6267 103337 32.6764
coreA 123 6295 103159 32.7128
coreA 124 6244 102935 32.684
coreA 125 6269 102709 45.7577
coreA 126 6271 102493 32.2135
coreA 127 6238 102299 32.9961
coreA 128 6229 102083 32.758
coreA 129 6230 101870 32.721
coreA 130 6214 101659 32.7094
coreA 131 6224 101451 32.788
coreA 132 6199 101199 32.7483
coreA 133 6210 100946 32.7942
coreA 134 6235 100697 32.7869
coreA 135 6156 100422 49.2894
coreA 136 6197 100195 87.4719
coreA 137 6188 99941 19.4842
coreA 138 6212 99673 32.2104
coreA 139 6181 99416 32.5028
coreA 140 6177 99141 32.5127
coreA 141 6138 98825 32.4975
coreA 142 6162 98528 32.5304
coreA 143 6146 98224 32.6922
coreA 144 6158 97923 110.887
coreA 145 6176 97589 21.3459
coreA 146 6117 97256 32.9651
coreA 147 6151 96883 32.7964
coreA 148 6092 96568 32.7543
coreA 149 6093 96248 32.7945
coreA 150 6131 95879 32.8317
coreA 151 6097 95516 32.8734
coreA 152 6117 95183 32.8151
coreA 153 6143 94801 32.8192
coreA 154 6096 94426 48.3075
coreA 155 6108 94092 49.8091
coreA 156 6083 93744 29.4732
coreA 157 6075 93400 32.4037
coreA 158 6040 93034 32.4312
coreA 159 6078 92672 34.4994
coreA 160 6082 92322 99.7548
coreA 161 6065 91892 16.45
coreA 162 6055 91504 32.8796
coreA 163 6022 91129 34.733
coreA 164 6043 90745 44.2941
coreA 165 6010 90324 32.3901
coreA 166 6033 89940 32.4307
coreA 167 5993 89569 32.4291
coreA 168 5988 89188 32.475
coreA 169 5982 88777 32.4255
coreA 170 5942 88370 32.8077
coreA 171 5911 87979 36.2031
coreA 172 5955 87565 42.4309
coreA 173 5934 87146 32.2829
coreA 174 5945 86723 32.3708
coreA 175 5846 86319 32.4226
coreA 176 5954 85885 32.3955
coreA 177 5879 85502 32.4047
coreA 178 5887 85020 32.3926
coreA 179 5842 84562 31.7944
coreA 180 5861 84113 32.2619
coreA 181 5902 83602 32.1854
coreA 182 5821 83124 32.2083
coreA 183 5812 82668 32.2454
coreA 184 5868 82234 32.2316
coreA 185 5805 81702 32.269
coreA 186 5805 81248 32.2552
coreA 187 5814 80786 48.4457
coreA 188 5781 80317 31.2229
coreA 189 5791 79878 23.1438
coreA 190 5752 79404 46.8342
coreA 191 5724 78920 28.5489
coreA 192 5701 78483 21.8705
coreA 193 5710 78046 32.3834
coreA 194 5710 77553 33.307
coreA 195 5701 77061 41.0626
coreA 196 5667 76571 44.7066
coreA 197 5670 76065 28.3066
coreA 198 5643 75596 22.0651
coreA 199 5672 75070 46.1143
coreA 200 5592 74581 28.0713
coreA 201 5603 74059 44.1738
coreA 202 5618 73584 28.5985
coreA 203 5581 73103 32.2973
coreA 204 5571 72611 32.2401
coreA 205 5556 72146 32.2339
coreA 206 5551 71660 32.2422
coreA 207 5538 71172 140.193
coreA 208 5550 70623 20.749
coreA 209 5528 70098 31.5345
coreA 210 5501 69589 31.5162
coreA 211 5491 69098 31.4547
coreA 212 5488 68563 31.4296
coreA 213 5484 68088 31.4131
coreA 214 5429 67582 31.6464
coreA 215 5421 67080 31.654
coreA 216 5396 66535 31.6585
coreA 217 5407 65991 31.6825
coreA 218 5364 65506 31.6362
coreA 219 5407 65041 141.28
coreA 220 5338 64542 13.5238
coreA 221 5290 64015 12.062
coreA 222 5308 63521 31.1859
coreA 223 5281 63036 31.0394
coreA 224 5260 62580 31.0203
coreA 225 5254 62062 31.9756
coreA 226 5245 61594 32.0099
coreA 227 5252 61128 31.955
coreA 228 5219 60699 31.9971
coreA 229 5202 60235 31.9961
coreA 230 5177 59791 103.754
coreA 231 5194 59352 95.1944
coreA 232 5157 58883 15.088
coreA 233 5125 58431 31.7523
coreA 234 5131 57987 31.7456
coreA 235 5132 57550 31.7262
coreA 236 5072 57132 31.7204
coreA 237 5045 56613 31.6757
coreA 238 5050 56063 32.3375
coreA 239 5015 55631 35.2602
coreA 240 4990 55213 33.6908
coreA 241 5020 54806 32.0794
coreA 242 4997 54350 32.0667
coreA 243 4963 53915 32.0735
coreA 244 4944 53509 32.0858
coreA 245 4948 53015 32.0834
coreA 246 4924 52586 39.6541
coreA 247 4896 52168 28.4434
coreA 248 4914 51715 37.543
coreA 249 4878 51318 28.3078
coreA 250 4870 50921 32.6377
coreA 251 4866 50479 35.2545
coreA 252 4814 50016 28.6353
coreA 253 4800 49608 93.4471
coreA 254 4791 49190 14.7964
coreA 255 4798 48755 12.6712
coreA 256 4743 48357 31.4331
coreA 257 4749 47938 31.3646
coreA 258 4690 47507 31.3015
coreA 259 4715 47073 31.3454
coreA 260 4658 46683 31.3909
coreA 261 4677 46267 239.777
coreA 262 4633 45917 31.6295
coreA 263 4608 45498 31.5657
coreA 264 4641 45056 31.7521
coreA 265 4580 44628 34.1139
coreA 266 4625 44184 27.7093
coreA 267 4563 43829 31.4422
coreA 268 4543 43447 31.4192
coreA 269 4536 43056 31.4203
coreA 270 4528 42658 31.3566
coreA 271 4518 42269 97.0576
coreA 272 4474 41852 30.9913
coreA 273 4489 41490 31.0132
coreA 274 4443 41095 30.9224
coreA 275 4430 40683 31.2668
coreA 276 4396 40282 31.245
coreA 277 4398 39898 31.2271
coreA 278 4391 39537 31.1949
coreA 279 4390 39181 31.1513
coreA 280 4348 38799 35.176
coreA 281 4335 38407 27.3256
coreA 282 4323 38041 19.2915
coreA 283 4315 37671 34.0313
coreA 284 4275 37327 27.4782
coreA 285 4253 36940 24.6242
coreA 286 4241 36590 110.986
coreA 287 4205 36250 11.5283
coreA 288 4227 35908 11.1631
coreA 289 4155 35511 30.7421
coreA 290 4161 35134 30.6844
coreA 291 4140 34831 30.6458
coreA 292 4121 34511 30.7081
coreA 293 4101 34114 30.7599
coreA 294 4068 33696 30.7368
coreA 295 4068 33294 30.8228
coreA 296 4050 32940 30.7981
coreA 297 4015 32574 35.6638
coreA 298 4049 32223 29.4513
coreA 299 4001 31865 26.5088
coreA 300 3989 31534 18.216
coreA 301 3940 31212 28.0325
coreA 302 3922 30897 26.1305
coreA 303 3937 30555 18.0769
coreA 304 3915 30238 30.7306
coreA 305 3905 29915 30.7034
coreA 306 3880 29610 30.6655
coreA 307 3831 29278 30.6281
coreA 308 3809 28999 30.9937
coreA 309 3776 28694 26.5669
coreA 310 3795 28379 30.6467
coreA 311 3793 28049 30.6398
coreA 312 3767 27692 151.263
coreA 313 3763 27414 30.8549
coreA 314 3730 27136 30.8135
coreB 1 1126 2017 5.37938
coreB 2 1649 1992 27.5692
coreB 3 1777 1992 27.1403
coreB 4 1826 1992 27.3614
coreB 5 1888 1628 27.1536
coreB 6 1913 1628 27.11
coreB 7 1900 1628 27.2164
coreB 8 1936 1628 26.7808
coreB 9 1912 1628 26.6295
coreB 10 1946 1628 27.7669
coreB 11 1990 1373 27.213
coreB 12 1997 1373 27.8354
coreB 13 1997 1373 27.7879
coreB 14 1951 1373 27.779
coreB 15 1993 1372 27.441
coreB 16 1986 915 28.0427
coreB 17 2013 915 28.0325
coreB 18 1960 914 28.0498
coreB 19 1974 909 264.479
coreB 20 1949 837 28.1607
coreB 21 1959 741 28.1004
coreB 22 1978 721 28.0131
coreB 23 1964 719 27.4647
coreB 24 1945 648 27.1653
coreB 25 1952 641 27.5541
coreB 26 1947 635 26.9119
coreB 27 1933 628 26.9706
coreB 28 1938 621 69.8406
coreB 29 1926 615 26.3914
coreB 30 1907 610 51.0642
coreB 31 1916 604 51.4255
coreB 32 1918 599 27.2847
coreB 33 1917 594 56.1574
coreB 34 1867 590 27.2202
coreB 35 1882 586 26.9976
coreB 36 1865 582 26.9913
coreB 37 1901 577 27.0797
coreB 38 1832 572 27.332
coreB 39 1828 569 27.6746
coreB 40 1848 564 27.6864
coreB 41 1844 560 27.4116
coreB 42 1829 557 27.2242
coreB 43 1841 553 27.6417
coreB 44 1822 550 27.3217
coreB 45 1793 546 29.1034
coreB 46 1807 543 28.4982
coreB 47 1781 540 28.2224
coreB 48 1826 537 27.4053
coreB 49 1803 534 27.0093
coreB 50 1772 531 26.9751
coreB 51 1777 528 27.0068
coreB 52 1814 525 27.5803
coreB 53 1784 522 27.3094
coreB 54 1763 520 26.8661
coreB 55 1746 518 26.7762
coreB 56 1744 516 70.5728
coreB 57 1730 514 27.3857
coreB 58 1738 511 27.5716
coreB 59 1762 509 26.9401
coreB 60 1754 507 27.5705
coreB 61 1743 504 26.976
coreB 62 1729 502 27.0022
coreB 63 1701 500 26.9593
coreB 64 1714 498 26.9109
coreB 65 1709 496 27.474
coreB 66 1707 494 27.2994
coreB 67 1725 492 27.3996
coreB 68 1724 491 108.252
coreB 69 1722 489 27.1658
coreB 70 1665 488 27.4547
coreB 71 1666 486 90.902
coreB 72 1680 484 26.8035
coreB 73 1704 482 27.1395
coreB 74 1665 480 26.7027
coreB 75 1679 479 27.8753
coreB 76 1647 477 27.5029
coreB 77 1685 476 27.0074
coreB 78 1642 474 27.3774
coreB 79 1623 473 27.4244
coreB 80 1644 471 27.0267
coreB 81 1704 470 26.9691
coreB 82 1634 468 26.7621
coreB 83 1652 467 26.718
coreB 84 1660 465 27.0422
coreB 85 1638 464 26.9434
coreB 86 1666 463 26.9989
coreB 87 1660 461 54.1625
coreB 88 1691 460 27.4111
coreB 89 1655 459 27.2371
coreB 90 1610 457 27.1191
coreB 91 1654 456 27.1922
coreB 92 1595 454 27.2508
coreB 93 1608 454 27.2024
coreB 94 1640 452 27.1443
coreB 95 1640 450 27.2258
coreB 96 1612 449 27.2053
coreB 97 1588 448 27.8437
coreB 98 1652 447 28.2052
coreB 99 1646 446 27.5028
coreB 100 1628 444 28.2293
coreB 101 1601 443 28.375
coreB 102 1636 442 27.5728
coreB 103 1649 441 27.6058
coreB 104 1656 440 27.6298
coreB 105 1635 438 27.6598
coreB 106 1636 438 27.8405
coreB 107 1602 436 27.3236
coreB 108 1644 435 26.8925
coreB 109 1609 434 27.1788
coreB 110 1607 433 27.1659
coreB 111 1579 432 27.2579
coreB 112 1607 431 27.8986
coreB 113 1584 430 27.9109
coreB 114 1602 429 107.322
coreB 115 1581 428 27.5193
coreB 116 1572 427 27.5624
coreB 117 1575 426 27.5966
coreB 118 1543 425 27.5114
coreB 119 1571 424 26.8207
coreB 120 1561 423 44.5426
coreB 121 1546 422 26.8959
coreB 122 1557 421 27.0389
coreB 123 1570 420 27.775
coreB 124 1558 419 27.4144
coreB 125 1588 418 27.0887
coreB 126 1521 418 27.5886
coreB 127 1564 416 27.5921
coreB 128 1563 416 26.8932
coreB 129 1532 415 26.9331
coreB 130 1577 414 120.084
coreB 131 1520 413 27.3095
coreB 132 1569 412 27.1706
coreB 133 1550 411 27.2783
coreB 134 1571 410 27.5374
coreB 135 1568 409 27.5298
coreB 136 1522 408 27.3512
coreB 137 1573 407 27.6098
coreB 138 1519 406 28.1202
coreB 139 1497 405 27.4134
coreB 140 1533 405 26.3056
coreB 141 1515 404 27.3729
coreB 142 1541 403 70.7454
coreB 143 1520 402 82.5264
coreB 144 1529 401 26.8906
coreB 145 1506 401 27.0373
coreB 146 1529 400 26.9942
coreB 147 1550 399 26.8729
coreB 148 1514 398 26.8796
coreB 149 1489 397 27.1707
coreB 150 1509 397 26.9682
coreB 151 1483 396 26.8035
coreB 152 1497 395 26.9711
coreB 153 1472 394 26.7098
coreB 154 1482 393 54.0719
coreB 155 1520 392 27.754
coreB 156 1482 392 54.5538
coreB 157 1510 391 27.7834
coreB 158 1503 390 56.1755
coreB 159 1477 389 27.8749
coreB 160 1468 389 25.225
coreB 161 1503 388 26.0617
coreB 162 1510 387 25.0623
coreB 163 1509 387 27.3496
coreB 164 1471 386 27.9189
coreB 165 1430 386 27.3026
coreB 166 1480 385 27.3184
coreB 167 1465 384 26.9776
coreB 168 1448 384 25.761
coreB 169 1484 383 25.7472
coreB 170 1431 382 24.3619
coreB 171 1443 381 44.5663
coreB 172 1475 381 27.4959
coreB 173 1448 380 26.8311
coreB 174 1460 379 27.0895
coreB 175 1444 379 27.7111
coreB 176 1402 378 43.3055
coreB 177 1453 377 25.8998
coreB 178 1400 377 26.8337
coreB 179 1451 376 26.7622
coreB 180 1420 376 26.7154
coreB 181 1437 375 26.8383
coreB 182 1419 374 26.8795
coreB 183 1422 374 26.7968
coreB 184 1441 373 27.0494
coreB 185 1462 373 111.539
coreB 186 1419 372 26.9509
coreB 187 1428 371 52.3142
coreB 188 1415 371 73.1553
coreB 189 1429 370 26.9847
coreB 190 1432 369 67.3819
coreB 191 1389 368 80.613
coreB 192 1422 368 26.8418
coreB 193 1401 367 26.8017
coreB 194 1447 367 27.384
coreB 195 1400 366 27.4301
coreB 196 1422 366 27.3878
coreB 197 1441 365 26.8306
coreB 198 1457 364 27.5069
coreB 199 1418 364 28.1605
coreB 200 1407 363 27.5393
coreB 201 1428 363 53.785
coreB 202 1420 362 27.7543
coreB 203 1394 361 27.0898
coreB 204 1409 361 27.6329
coreB 205 1401 360 26.6425
coreB 206 1366 360 26.6897
coreB 207 1417 359 27.4871
coreB 208 1364 359 26.7072
coreB 209 1386 358 26.6846
coreB 210 1403 358 26.7013
coreB 211 1449 357 27.3073
coreB 212 1371 357 53.6311
coreB 213 1393 356 26.8417
coreB 214 1395 356 26.7946
coreB 215 1395 355 26.8322
coreB 216 1429 355 26.7521
coreB 217 1380 354 26.7758
coreB 218 1358 354 27.747
coreB 219 1388 353 82.4334
coreB 220 1351 353 26.7202
coreB 221 1382 352 27.5119
coreB 222 1352 352 26.8073
coreB 223 1335 351 27.457
coreB 224 1389 351 26.8808
coreB 225 1364 350 26.9291
coreB 226 1359 350 26.7949
coreB 227 1344 349 27.6876
coreB 228 1362 348 27.7401
coreB 229 1363 348 27.4116
coreB 230 1360 347 27.1434
coreB 231 1359 347 27.0192
coreB 232 1320 346 27.3688
coreB 233 1353 346 27.2894
coreB 234 1334 345 27.2733
coreB 235 1355 345 27.9396
coreB 236 1330 344 27.427
coreB 237 1321 344 26.6265
coreB 238 1293 343 26.7151
coreB 239 1340 343 26.9117
coreB 240 1327 342 27.1884
coreB 241 1327 342 27.0795
coreB 242 1312 342 27.1713
coreB 243 1283 341 27.1589
coreB 244 1327 341 197.414
coreB 245 1308 340 27.2137
coreB 246 1295 340 54.8281
coreB 247 1293 339 27.126
coreB 248 1306 339 27.0844
coreB 249 1290 339 27.3793
coreB 250 1299 338 27.3999
coreB 251 1294 338 27.3405
coreB 252 1321 337 27.3929
coreB 253 1331 337 27.2421
coreB 254 1277 336 26.9433
coreB 255 1270 336 27.1446
coreB 256 1283 336 27.7455
coreB 257 1289 335 27.0377
coreB 258 1295 334 27.2457
coreB 259 1237 334 27.6779
coreB 260 1301 333 27.104
coreB 261 1255 333 27.0491
coreB 262 1252 333 27.1705
coreB 263 1266 332 27.1304
coreB 264 1235 332 27.9044
coreB 265 1265 331 70.0055
coreB 266 1272 331 27.0342
coreB 267 1254 331 27.7423
coreB 268 1270 330 40.4019
coreB 269 1257 330 26.0899
coreB 270 1254 330 28.8746
coreB 271 1234 329 26.8332
coreB 272 1258 329 23.6568
coreB 273 1253 329 27.9327
coreB 274 1264 328 27.0295
coreB 275 1244 328 27.0404
coreB 276 1241 327 27.0874
coreB 277 1269 327 27.26
coreB 278 1236 327 81.1635
coreB 279 1242 326 27.5003
coreB 280 1273 326 53.4517
coreB 281 1244 326 53.3852
coreB 282 1222 326 22.4078
coreB 283 1232 325 27.3143
coreB 284 1203 325 27.3239
coreB 285 1243 324 109.988
coreB 286 1249 324 27.1733
coreB 287 1201 324 27.8296
coreB 288 1220 323 27.5574
coreB 289 1238 323 27.2666
coreB 290 1223 323 27.062
coreB 291 1229 322 27.0377
coreB 292 1226 322 26.8798
coreB 293 1213 322 26.9713
coreB 294 1212 321 27.0103
coreB 295 1199 321 27.0355
coreB 296 1194 321 27.013
coreB 297 1218 320 70.1697
coreB 298 1242 320 26.9021
coreB 299 1169 320 26.8455
coreB 300 1214 320 27.3138
coreB 301 1199 319 43.9547
coreB 302 1223 319 42.4837
coreB 303 1188 319 44.5452
coreB 304 1176 318 27.954
coreB 305 1230 318 27.8519
coreB 306 1186 318 27.6864
coreB 307 1174 317 27.1016
coreB 308 1181 317 27.1561
coreB 309 1216 316 26.9188
coreB 310 1161 316 28.1261
coreB 311 1198 316 27.5235
coreB 312 1190 315 27.5072
coreB 313 1196 315 27.3804
coreB 314 1197 314 27.6353
total 752.947
coreA 1 6395 108622 69.3564
coreA 2 6395 108622 35.1189
coreA 3 6394 108622 34.9602
coreA 4 6397 108622 35.7474
coreA 5 6396 108622 36.8306
coreA 6 6395 108622 36.8874
coreA 7 6405 108622 36.7679
coreA 8 6403 108622 36.5963
coreA 9 6410 108620 36.6423
coreA 10 6401 108620 36.3702
coreA 11 6401 108620 36.1175
coreA 12 6410 108620 36.412
coreA 13 6414 108619 36.0946
coreA 14 6413 108618 36.4774
coreA 15 6418 108606 35.401
coreA 16 6405 108606 84.4491
coreA 17 6412 108601 61.5199
coreA 18 6414 108600 32.5065
coreA 19 6401 108598 32.6999
coreA 20 6405 108594 35.7191
coreA 21 6419 108592 35.8057
coreA 22 6415 108591 35.7577
coreA 23 6417 108591 35.7403
coreA 24 6417 108590 35.7207
coreA 25 6430 108586 32.9626
coreA 26 6410 108582 59.7297
coreA 27 6416 108576 61.8113
coreA 28 6403 108572 35.4213
coreA 29 6419 108570 61.9368
coreA 30 6413 108566 59.9672
coreA 31 6415 108564 35.2258
coreA 32 6411 108563 84.4359
coreA 33 6416 108558 88.2729
coreA 34 6417 108555 35.331
coreA 35 6414 108554 35.3029
coreA 36 6404 108554 35.2084
coreA 37 6398 108550 35.1949
coreA 38 6382 108545 35.1386
coreA 39 6418 108540 35.0786
coreA 40 6428 108531 35.0438
coreA 41 6431 108529 138.28
coreA 42 6409 108522 35.3994
coreA 43 6398 108512 35.375
coreA 44 6387 108502 35.282
coreA 45 6406 108499 35.2397
coreA 46 6391 108489 113.481
coreA 47 6409 108480 34.7032
coreA 48 6395 108474 34.6059
coreA 49 6398 108465 34.6202
coreA 50 6403 108456 34.6333
coreA 51 6396 108439 34.5699
coreA 52 6399 108430 34.5644
coreA 53 6386 108417 34.5165
coreA 54 6407 108407 34.5248
coreA 55 6379 108397 34.5428
coreA 56 6368 108381 34.5288
coreA 57 6394 108367 34.4539
coreA 58 6365 108352 34.6476
coreA 59 6380 108342 34.4502
coreA 60 6388 108333 34.4313
coreA 61 6403 108320 34.352
coreA 62 6375 108313 34.303
coreA 63 6359 108293 34.2414
coreA 64 6369 108274 34.2082
coreA 65 6385 108256 34.1076
coreA 66 6403 108236 34.535
coreA 67 6373 108217 64.1408
coreA 68 6379 108197 34.4738
coreA 69 6390 108167 33.6118
coreA 70 6395 108151 94.3287
coreA 71 6370 108127 84.5747
coreA 72 6368 108107 33.8053
coreA 73 6348 108070 33.7211
coreA 74 6399 108032 66.0683
coreA 75 6413 107996 34.2285
coreA 76 6412 107963 33.6375
coreA 77 6379 107938 95.5559
coreA 78 6348 107901 33.5503
coreA 79 6403 107868 112.071
coreA 80 6381 107827 33.5417
coreA 81 6369 107781 113.206
coreA 82 6411 107733 33.9251
coreA 83 6355 107688 33.9333
coreA 84 6356 107644 33.8279
coreA 85 6370 107598 34.2106
coreA 86 6382 107541 67.0699
coreA 87 6360 107487 86.0695
coreA 88 6363 107409 69.7679
coreA 89 6355 107365 35.9598
coreA 90 6366 107295 62.0401
coreA 91 6372 107220 88.4353
coreA 92 6354 107159 94.7257
coreA 93 6377 107110 71.9783
coreA 94 6342 107045 38.0583
coreA 95 6359 106978 106.624
coreA 96 6322 106891 105.381
coreA 97 6357 106803 35.4215
coreA 98 6338 106683 35.203
coreA 99 6299 106582 88.4127
coreA 100 6358 106489 35.6384
coreA 101 6321 106360 33.468
coreA 102 6322 106255 33.4229
coreA 103 6336 106140 33.2502
coreA 104 6335 106033 33.2804
coreA 105 6305 105923 33.1265
coreA 106 6338 105802 33.1462
coreA 107 6286 105685 33.1044
coreA 108 6338 105549 33.2087
coreA 109 6272 105408 32.894
coreA 110 6325 105237 32.82
coreA 111 6347 105086 32.7693
coreA 112 6324 104968 32.8235
coreA 113 6286 104824 32.7554
coreA 114 6269 104686 33.1553
coreA 115 6309 104530 33.0662
coreA 116 6294 104379 32.9705
coreA 117 6306 104231 32.9875
coreA 118 6274 104045 32.8725
coreA 119 6262 103867 32.9885
coreA 120 6283 103717 32.8742
coreA 121 6281 103534 33.0388
coreA 122 6267 103337 32.9823
coreA 123 6295 103159 106.929
coreA 124 6244 102935 68.4692
coreA 125 6269 102709 32.6395
coreA 126 6271 102493 32.6497
coreA 127 6238 102299 32.5386
coreA 128 6229 102083 32.9467
coreA 129 6230 101870 32.8862
coreA 130 6214 101659 32.8259
coreA 131 6224 101451 32.7501
coreA 132 6199 101199 184.159
coreA 133 6210 100946 32.4392
coreA 134 6235 100697 33.0431
coreA 135 6156 100422 32.9733
coreA 136 6197 100195 32.6191
coreA 137 6188 99941 32.5591
coreA 138 6212 99673 32.5561
coreA 139 6181 99416 32.5649
coreA 140 6177 99141 126.304
coreA 141 6138 98825 33.2509
coreA 142 6162 98528 33.122
coreA 143 6146 98224 32.8422
coreA 144 6158 97923 32.797
coreA 145 6176 97589 32.7031
coreA 146 6117 97256 32.8853
coreA 147 6151 96883 32.8306
coreA 148 6092 96568 32.7912
coreA 149 6093 96248 32.7546
coreA 150 6131 95879 32.7289
coreA 151 6097 95516 32.6901
coreA 152 6117 95183 135.666
coreA 153 6143 94801 134.365
coreA 154 6096 94426 113.921
coreA 155 6108 94092 32.4794
coreA 156 6083 93744 32.4884
coreA 157 6075 93400 119.079
coreA 158 6040 93034 32.7536
coreA 159 6078 92672 35.9507
coreA 160 6082 92322 32.6543
coreA 161 6065 91892 143.284
coreA 162 6055 91504 32.3199
coreA 163 6022 91129 32.3899
coreA 164 6043 90745 32.349
coreA 165 6010 90324 32.3191
coreA 166 6033 89940 32.2218
coreA 167 5993 89569 32.2285
coreA 168 5988 89188 32.2236
coreA 169 5982 88777 32.1033
coreA 170 5942 88370 32.3862
coreA 171 5911 87979 245.258
coreA 172 5955 87565 32.7487
coreA 173 5934 87146 32.6184
coreA 174 5945 86723 32.6021
coreA 175 5846 86319 32.4991
coreA 176 5954 85885 32.4918
coreA 177 5879 85502 31.9952
coreA 178 5887 85020 32.2543
coreA 179 5842 84562 32.2264
coreA 180 5861 84113 32.5902
coreA 181 5902 83602 32.5922
coreA 182 5821 83124 32.5234
coreA 183 5812 82668 32.5174
coreA 184 5868 82234 32.5434
coreA 185 5805 81702 32.4552
coreA 186 5805 81248 32.4846
coreA 187 5814 80786 33.9905
coreA 188 5781 80317 40.8501
coreA 189 5791 79878 43.0305
coreA 190 5752 79404 41.9821
coreA 191 5724 78920 70.1274
coreA 192 5701 78483 41.9636
coreA 193 5710 78046 36.9741
coreA 194 5710 77553 65.1526
coreA 195 5701 77061 40.4611
coreA 196 5667 76571 36.4927
coreA 197 5670 76065 36.1316
coreA 198 5643 75596 39.563
coreA 199 5672 75070 37.5158
coreA 200 5592 74581 39.4973
coreA 201 5603 74059 36.6982
coreA 202 5618 73584 32.2127
coreA 203 5581 73103 32.1249
coreA 204 5571 72611 32.0508
coreA 205 5556 72146 31.9746
coreA 206 5551 71660 31.9458
coreA 207 5538 71172 31.995
coreA 208 5550 70623 31.9969
coreA 209 5528 70098 32.0284
coreA 210 5501 69589 31.4427
coreA 211 5491 69098 32.0195
coreA 212 5488 68563 31.9721
coreA 213 5484 68088 31.3831
coreA 214 5429 67582 31.3895
coreA 215 5421 67080 31.3129
coreA 216 5396 66535 31.2681
coreA 217 5407 65991 31.1817
coreA 218 5364 65506 31.1634
coreA 219 5407 65041 31.1503
coreA 220 5338 64542 31.537
coreA 221 5290 64015 31.4937
coreA 222 5308 63521 31.4142
coreA 223 5281 63036 31.3672
coreA 224 5260 62580 31.3528
coreA 225 5254 62062 32.2644
coreA 226 5245 61594 32.3816
coreA 227 5252 61128 32.2182
coreA 228 5219 60699 32.2946
coreA 229 5202 60235 98.6159
coreA 230 5177 59791 32.2327
coreA 231 5194 59352 33.2871
coreA 232 5157 58883 32.432
coreA 233 5125 58431 32.4217
coreA 234 5131 57987 32.0746
coreA 235 5132 57550 32.1035
coreA 236 5072 57132 32.014
coreA 237 5045 56613 32.1051
coreA 238 5050 56063 31.9782
coreA 239 5015 55631 63.8085
coreA 240 4990 55213 31.7486
coreA 241 5020 54806 31.6366
coreA 242 4997 54350 31.6387
coreA 243 4963 53915 31.5968
coreA 244 4944 53509 31.5609
coreA 245 4948 53015 31.5142
coreA 246 4924 52586 31.4985
coreA 247 4896 52168 31.4462
coreA 248 4914 51715 146.853
coreA 249 4878 51318 31.7246
coreA 250 4870 50921 31.7866
coreA 251 4866 50479 31.7161
coreA 252 4814 50016 31.3501
coreA 253 4800 49608 31.3653
coreA 254 4791 49190 31.662
coreA 255 4798 48755 31.6774
coreA 256 4743 48357 31.742
coreA 257 4749 47938 31.5822
coreA 258 4690 47507 31.5052
coreA 259 4715 47073 31.4329
coreA 260 4658 46683 31.4143
coreA 261 4677 46267 31.4288
coreA 262 4633 45917 31.3545
coreA 263 4608 45498 31.4418
coreA 264 4641 45056 31.5336
coreA 265 4580 44628 106.228
coreA 266 4625 44184 31.1443
coreA 267 4563 43829 31.1336
coreA 268 4543 43447 31.1064
coreA 269 4536 43056 31.0755
coreA 270 4528 42658 31.0672
coreA 271 4518 42269 31.3949
coreA 272 4474 41852 31.3375
coreA 273 4489 41490 31.3323
coreA 274 4443 41095 30.9694
coreA 275 4430 40683 30.975
coreA 276 4396 40282 30.9615
coreA 277 4398 39898 30.9353
coreA 278 4391 39537 30.9073
coreA 279 4390 39181 30.8244
coreA 280 4348 38799 30.7875
coreA 281 4335 38407 30.7758
coreA 282 4323 38041 110.079
coreA 283 4315 37671 30.8992
coreA 284 4275 37327 30.8467
coreA 285 4253 36940 30.8481
coreA 286 4241 36590 30.8385
coreA 287 4205 36250 30.7727
coreA 288 4227 35908 31.2689
coreA 289 4155 35511 31.0358
coreA 290 4161 35134 30.9806
coreA 291 4140 34831 30.9088
coreA 292 4121 34511 30.8981
coreA 293 4101 34114 30.8885
coreA 294 4068 33696 30.937
coreA 295 4068 33294 30.8923
coreA 296 4050 32940 30.9607
coreA 297 4015 32574 30.9556
coreA 298 4049 32223 30.8649
coreA 299 4001 31865 30.8595
coreA 300 3989 31534 30.8074
coreA 301 3940 31212 31.2712
coreA 302 3922 30897 31.1506
coreA 303 3937 30555 30.8665
coreA 304 3915 30238 30.5266
coreA 305 3905 29915 30.4461
coreA 306 3880 29610 30.4914
coreA 307 3831 29278 30.4102
coreA 308 3809 28999 30.3257
coreA 309 3776 28694 30.3216
coreA 310 3795 28379 30.4121
coreA 311 3793 28049 30.378
coreA 312 3767 27692 30.3477
coreA 313 3763 27414 30.3161
coreA 314 3730 27136 30.3064
coreB 1 1126 2017 5.38064
coreB 2 1649 1992 27.5969
coreB 3 1777 1992 27.0226
coreB 4 1826 1992 27.1701
coreB 5 1888 1628 27.1113
coreB 6 1913 1628 27.1572
coreB 7 1900 1628 26.6825
coreB 8 1936 1628 27.1587
coreB 9 1912 1628 26.8636
coreB 10 1946 1628 27.8427
coreB 11 1990 1373 601.272
coreB 12 1997 1373 27.8709
coreB 13 1997 1373 27.8541
coreB 14 1951 1373 27.8109
coreB 15 1993 1372 27.7681
coreB 16 1986 915 28.3681
coreB 17 2013 915 28.4466
coreB 18 1960 914 28.4256
coreB 19 1974 909 28.0512
coreB 20 1949 837 27.8684
coreB 21 1959 741 27.8802
coreB 22 1978 721 28.1158
coreB 23 1964 719 27.5629
coreB 24 1945 648 27.2911
coreB 25 1952 641 27.7008
coreB 26 1947 635 27.0428
coreB 27 1933 628 27.1063
coreB 28 1938 621 26.7991
coreB 29 1926 615 26.9148
coreB 30 1907 610 26.8192
coreB 31 1916 604 27.4598
coreB 32 1918 599 26.8838
coreB 33 1917 594 26.7999
coreB 34 1867 590 27.1738
coreB 35 1882 586 26.9821
coreB 36 1865 582 26.7959
coreB 37 1901 577 26.8439
coreB 38 1832 572 27.2183
coreB 39 1828 569 27.5014
coreB 40 1848 564 27.4884
coreB 41 1844 560 27.1945
coreB 42 1829 557 26.9366
coreB 43 1841 553 27.3262
coreB 44 1822 550 27.0663
coreB 45 1793 546 27.0796
coreB 46 1807 543 27.1615
coreB 47 1781 540 27.4623
coreB 48 1826 537 27.9132
coreB 49 1803 534 27.6048
coreB 50 1772 531 27.3361
coreB 51 1777 528 27.2762
coreB 52 1814 525 27.9459
coreB 53 1784 522 27.4574
coreB 54 1763 520 26.9028
coreB 55 1746 518 26.7345
coreB 56 1744 516 26.8056
coreB 57 1730 514 26.8193
coreB 58 1738 511 27.4776
coreB 59 1762 509 26.892
coreB 60 1754 507 27.4663
coreB 61 1743 504 26.9053
coreB 62 1729 502 26.9017
coreB 63 1701 500 26.8468
coreB 64 1714 498 26.8138
coreB 65 1709 496 27.255
coreB 66 1707 494 27.1968
coreB 67 1725 492 27.2258
coreB 68 1724 491 27.0768
coreB 69 1722 489 27.0374
coreB 70 1665 488 27.3987
coreB 71 1666 486 27.1171
coreB 72 1680 484 27.2049
coreB 73 1704 482 27.1915
coreB 74 1665 480 26.8642
coreB 75 1679 479 27.0176
coreB 76 1647 477 26.8943
coreB 77 1685 476 26.7798
coreB 78 1642 474 27.1486
coreB 79 1623 473 27.2144
coreB 80 1644 471 26.8571
coreB 81 1704 470 26.8126
coreB 82 1634 468 27.0519
coreB 83 1652 467 27.0513
coreB 84 1660 465 27.2004
coreB 85 1638 464 27.116
coreB 86 1666 463 27.1686
coreB 87 1660 461 26.8788
coreB 88 1691 460 27.223
coreB 89 1655 459 27.084
coreB 90 1610 457 27.1818
coreB 91 1654 456 27.1189
coreB 92 1595 454 54.2813
coreB 93 1608 454 27.5175
coreB 94 1640 452 27.4166
coreB 95 1640 450 27.4249
coreB 96 1612 449 27.4508
coreB 97 1588 448 28.0597
coreB 98 1652 447 443.932
coreB 99 1646 446 26.8858
coreB 100 1628 444 82.1458
coreB 101 1601 443 27.9652
coreB 102 1636 442 27.2692
coreB 103 1649 441 27.2311
coreB 104 1656 440 27.4999
coreB 105 1635 438 27.6444
coreB 106 1636 438 27.9031
coreB 107 1602 436 27.3379
coreB 108 1644 435 27.1961
coreB 109 1609 434 27.1999
coreB 110 1607 433 27.2635
coreB 111 1579 432 27.3617
coreB 112 1607 431 27.8635
coreB 113 1584 430 27.8681
coreB 114 1602 429 27.2087
coreB 115 1581 428 27.0176
coreB 116 1572 427 27.0388
coreB 117 1575 426 27.0209
coreB 118 1543 425 26.9515
coreB 119 1571 424 26.9279
coreB 120 1561 423 27.0235
coreB 121 1546 422 26.8942
coreB 122 1557 421 26.9967
coreB 123 1570 420 27.5442
coreB 124 1558 419 27.3508
coreB 125 1588 418 27.0474
coreB 126 1521 418 27.5945
coreB 127 1564 416 27.5647
coreB 128 1563 416 26.9017
coreB 129 1532 415 26.9201
coreB 130 1577 414 26.9107
coreB 131 1520 413 27.0305
coreB 132 1569 412 26.8723
coreB 133 1550 411 27.0111
coreB 134 1571 410 27.6647
coreB 135 1568 409 428.732
coreB 136 1522 408 27.0362
coreB 137 1573 407 236.678
coreB 138 1519 406 28.2609
coreB 139 1497 405 27.188
coreB 140 1533 405 26.9323
coreB 141 1515 404 26.848
coreB 142 1541 403 53.8845
coreB 143 1520 402 26.9516
coreB 144 1529 401 26.7641
coreB 145 1506 401 27.0122
coreB 146 1529 400 26.8407
coreB 147 1550 399 26.7976
coreB 148 1514 398 26.8114
coreB 149 1489 397 27.0399
coreB 150 1509 397 26.999
coreB 151 1483 396 26.8309
coreB 152 1497 395 26.9076
coreB 153 1472 394 26.8812
coreB 154 1482 393 438.748
coreB 155 1520 392 27.449
coreB 156 1482 392 26.8162
coreB 157 1510 391 26.7565
coreB 158 1503 390 26.7749
coreB 159 1477 389 27.4382
coreB 160 1468 389 26.8882
coreB 161 1503 388 26.951
coreB 162 1510 387 26.8715
coreB 163 1509 387 26.8494
coreB 164 1471 386 27.0448
coreB 165 1430 386 26.7481
coreB 166 1480 385 26.7982
coreB 167 1465 384 26.809
coreB 168 1448 384 27.4386
coreB 169 1484 383 27.472
coreB 170 1431 382 27.4682
coreB 171 1443 381 54.1839
coreB 172 1475 381 27.7072
coreB 173 1448 380 27.0983
coreB 174 1460 379 316.055
coreB 175 1444 379 27.645
coreB 176 1402 378 28.7974
coreB 177 1453 377 27.4916
coreB 178 1400 377 27.1316
coreB 179 1451 376 27.3187
coreB 180 1420 376 27.1956
coreB 181 1437 375 27.2354
coreB 182 1419 374 27.1277
coreB 183 1422 374 27.1846
coreB 184 1441 373 27.4557
coreB 185 1462 373 27.8325
coreB 186 1419 372 27.3882
coreB 187 1428 371 27.311
coreB 188 1415 371 27.1802
coreB 189 1429 370 27.2027
coreB 190 1432 369 27.138
coreB 191 1389 368 545.894
coreB 192 1422 368 26.8727
coreB 193 1401 367 26.7974
coreB 194 1447 367 27.4555
coreB 195 1400 366 27.4677
coreB 196 1422 366 27.4951
coreB 197 1441 365 26.9701
coreB 198 1457 364 26.7119
coreB 199 1418 364 27.4141
coreB 200 1407 363 26.8218
coreB 201 1428 363 27.2558
coreB 202 1420 362 27.8514
coreB 203 1394 361 27.228
coreB 204 1409 361 27.712
coreB 205 1401 360 27.107
coreB 206 1366 360 27.0246
coreB 207 1417 359 27.753
coreB 208 1364 359 27.0609
coreB 209 1386 358 27.1047
coreB 210 1403 358 27.1024
coreB 211 1449 357 27.7425
coreB 212 1371 357 55.9364
coreB 213 1393 356 26.9436
coreB 214 1395 356 26.834
coreB 215 1395 355 26.9267
coreB 216 1429 355 26.8195
coreB 217 1380 354 27.384
coreB 218 1358 354 27.4499
coreB 219 1388 353 27.2148
coreB 220 1351 353 27.125
coreB 221 1382 352 27.8273
coreB 222 1352 352 27.1347
coreB 223 1335 351 27.6449
coreB 224 1389 351 27.0696
coreB 225 1364 350 27.1486
coreB 226 1359 350 27.0292
coreB 227 1344 349 26.9867
coreB 228 1362 348 27.2216
coreB 229 1363 348 26.9546
coreB 230 1360 347 27.6229
coreB 231 1359 347 27.1112
coreB 232 1320 346 27.0615
coreB 233 1353 346 27.0137
coreB 234 1334 345 415.395
coreB 235 1355 345 402.605
coreB 236 1330 344 409.48
coreB 237 1321 344 26.752
coreB 238 1293 343 53.6896
coreB 239 1340 343 26.6802
coreB 240 1327 342 27.0521
coreB 241 1327 342 27.1066
coreB 242 1312 342 27.1964
coreB 243 1283 341 27.0786
coreB 244 1327 341 27.2171
coreB 245 1308 340 27.027
coreB 246 1295 340 26.7645
coreB 247 1293 339 53.807
coreB 248 1306 339 27.2013
coreB 249 1290 339 27.0269
coreB 250 1299 338 27.0975
coreB 251 1294 338 27.0543
coreB 252 1321 337 27.4076
coreB 253 1331 337 27.3772
coreB 254 1277 336 152.555
coreB 255 1270 336 26.9168
coreB 256 1283 336 27.4961
coreB 257 1289 335 26.8147
coreB 258 1295 334 27.0118
coreB 259 1237 334 27.4845
coreB 260 1301 333 26.8782
coreB 261 1255 333 26.7788
coreB 262 1252 333 26.9197
coreB 263 1266 332 26.9238
coreB 264 1235 332 26.895
coreB 265 1265 331 401.815
coreB 266 1272 331 27.3159
coreB 267 1254 331 27.4558
coreB 268 1270 330 409.177
coreB 269 1257 330 27.1076
coreB 270 1254 330 26.8789
coreB 271 1234 329 418.888
coreB 272 1258 329 27.0649
coreB 273 1253 329 26.8923
coreB 274 1264 328 27.1699
coreB 275 1244 328 27.0517
coreB 276 1241 327 27.1987
coreB 277 1269 327 26.9422
coreB 278 1236 327 26.8028
coreB 279 1242 326 27.515
coreB 280 1273 326 28.1491
coreB 281 1244 326 27.6961
coreB 282 1222 326 27.0231
coreB 283 1232 325 27.1549
coreB 284 1203 325 27.1489
coreB 285 1243 324 27.1633
coreB 286 1249 324 27.0978
coreB 287 1201 324 109.439
coreB 288 1220 323 426.961
coreB 289 1238 323 27.3709
coreB 290 1223 323 27.1944
coreB 291 1229 322 27.1
coreB 292 1226 322 26.9971
coreB 293 1213 322 27.1274
coreB 294 1212 321 27.2095
coreB 295 1199 321 27.1641
coreB 296 1194 321 27.1524
coreB 297 1218 320 27.0895
coreB 298 1242 320 27.1062
coreB 299 1169 320 27.0829
coreB 300 1214 320 466.384
coreB 301 1199 319 28.0994
coreB 302 1223 319 26.7465
coreB 303 1188 319 54.3152
coreB 304 1176 318 28.0779
coreB 305 1230 318 28.0645
coreB 306 1186 318 28.0946
coreB 307 1174 317 26.8723
coreB 308 1181 317 26.9689
coreB 309 1216 316 26.9329
coreB 310 1161 316 27.6418
coreB 311 1198 316 27.0651
coreB 312 1190 315 27.1151
coreB 313 1196 315 27.0339
coreB 314 1197 314 446.603
total 695.084
