coreA 1 6395 108622 2083.65
coreA 2 6395 108622 34.5125
coreA 3 6394 108622 34.4216
coreA 4 6397 108622 35.3551
coreA 5 6396 108622 36.0034
coreA 6 6395 108622 35.9355
coreA 7 6405 108622 36.0625
coreA 8 6403 108622 35.7027
coreA 9 6410 108620 35.5751
coreA 10 6401 108620 35.5485
coreA 11 6401 108620 35.2816
coreA 12 6410 108620 35.2811
coreA 13 6414 108619 35.298
coreA 14 6413 108618 35.3205
coreA 15 6418 108606 35.281
coreA 16 6405 108606 35.2765
coreA 17 6412 108601 35.2123
coreA 18 6414 108600 34.9959
coreA 19 6401 108598 34.9897
coreA 20 6405 108594 35.1469
coreA 21 6419 108592 35.0163
coreA 22 6415 108591 35.0572
coreA 23 6417 108591 35.169
coreA 24 6417 108590 35.0756
coreA 25 6430 108586 35.0008
coreA 26 6410 108582 35.0101
coreA 27 6416 108576 34.9394
coreA 28 6403 108572 34.8711
coreA 29 6419 108570 34.8341
coreA 30 6413 108566 34.7901
coreA 31 6415 108564 34.6405
coreA 32 6411 108563 34.6037
coreA 33 6416 108558 34.5808
coreA 34 6417 108555 34.676
coreA 35 6414 108554 34.4923
coreA 36 6404 108554 34.4606
coreA 37 6398 108550 34.4459
coreA 38 6382 108545 34.3773
coreA 39 6418 108540 34.3126
coreA 40 6428 108531 34.4087
coreA 41 6431 108529 34.2609
coreA 42 6409 108522 34.2558
coreA 43 6398 108512 34.2533
coreA 44 6387 108502 34.2017
coreA 45 6406 108499 34.1329
coreA 46 6391 108489 34.1266
coreA 47 6409 108480 34.1124
coreA 48 6395 108474 33.9902
coreA 49 6398 108465 33.9924
coreA 50 6403 108456 34.0228
coreA 51 6396 108439 34.0183
coreA 52 6399 108430 33.9222
coreA 53 6386 108417 34.1405
coreA 54 6407 108407 33.8905
coreA 55 6379 108397 33.9047
coreA 56 6368 108381 33.9223
coreA 57 6394 108367 33.8992
coreA 58 6365 108352 33.8065
coreA 59 6380 108342 33.8375
coreA 60 6388 108333 33.7885
coreA 61 6403 108320 33.7154
coreA 62 6375 108313 33.7557
coreA 63 6359 108293 33.7634
coreA 64 6369 108274 33.6306
coreA 65 6385 108256 33.5497
coreA 66 6403 108236 33.5476
coreA 67 6373 108217 33.4446
coreA 68 6379 108197 33.3776
coreA 69 6390 108167 33.3157
coreA 70 6395 108151 33.2861
coreA 71 6370 108127 33.3083
coreA 72 6368 108107 33.132
coreA 73 6348 108070 33.1098
coreA 74 6399 108032 33.0726
coreA 75 6413 107996 33.157
coreA 76 6412 107963 33.021
coreA 77 6379 107938 32.9874
coreA 78 6348 107901 33.0052
coreA 79 6403 107868 33.0001
coreA 80 6381 107827 33.0213
coreA 81 6369 107781 33.0149
coreA 82 6411 107733 32.944
coreA 83 6355 107688 32.8996
coreA 84 6356 107644 33.3472
coreA 85 6370 107598 32.8271
coreA 86 6382 107541 32.7987
coreA 87 6360 107487 32.7555
coreA 88 6363 107409 32.7879
coreA 89 6355 107365 32.6903
coreA 90 6366 107295 32.6641
coreA 91 6372 107220 32.6563
coreA 92 6354 107159 32.711
coreA 93 6377 107110 32.6571
coreA 94 6342 107045 32.6158
coreA 95 6359 106978 32.5819
coreA 96 6322 106891 32.6317
coreA 97 6357 106803 32.5204
coreA 98 6338 106683 32.517
coreA 99 6299 106582 32.5194
coreA 100 6358 106489 133.295
coreA 101 6321 106360 32.5378
coreA 102 6322 106255 32.4928
coreA 103 6336 106140 32.5893
coreA 104 6335 106033 32.4182
coreA 105 6305 105923 32.3099
coreA 106 6338 105802 32.3268
coreA 107 6286 105685 32.4349
coreA 108 6338 105549 32.3373
coreA 109 6272 105408 32.29
coreA 110 6325 105237 32.3111
coreA 111 6347 105086 32.3629
coreA 112 6324 104968 32.2079
coreA 113 6286 104824 32.2006
coreA 114 6269 104686 32.1714
coreA 115 6309 104530 32.2532
coreA 116 6294 104379 32.0689
coreA 117 6306 104231 32.0678
coreA 118 6274 104045 32.1793
coreA 119 6262 103867 32.0149
coreA 120 6283 103717 32.0358
coreA 121 6281 103534 32.2409
coreA 122 6267 103337 32.1572
coreA 123 6295 103159 32.04
coreA 124 6244 102935 32.0229
coreA 125 6269 102709 32.0971
coreA 126 6271 102493 32.0669
coreA 127 6238 102299 31.9548
coreA 128 6229 102083 31.92
coreA 129 6230 101870 32.0178
coreA 130 6214 101659 31.8543
coreA 131 6224 101451 31.8242
coreA 132 6199 101199 31.8337
coreA 133 6210 100946 31.7582
coreA 134 6235 100697 31.7851
coreA 135 6156 100422 31.8359
coreA 136 6197 100195 31.6609
coreA 137 6188 99941 31.6408
coreA 138 6212 99673 31.6337
coreA 139 6181 99416 31.9535
coreA 140 6177 99141 31.8405
coreA 141 6138 98825 31.8333
coreA 142 6162 98528 31.8184
coreA 143 6146 98224 32.0137
coreA 144 6158 97923 31.933
coreA 145 6176 97589 31.8406
coreA 146 6117 97256 31.97
coreA 147 6151 96883 31.9254
coreA 148 6092 96568 31.9098
coreA 149 6093 96248 31.9083
coreA 150 6131 95879 31.8792
coreA 151 6097 95516 31.8225
coreA 152 6117 95183 31.8187
coreA 153 6143 94801 31.8853
coreA 154 6096 94426 31.7837
coreA 155 6108 94092 31.747
coreA 156 6083 93744 31.7528
coreA 157 6075 93400 31.7685
coreA 158 6040 93034 31.7076
coreA 159 6078 92672 31.6527
coreA 160 6082 92322 31.6401
coreA 161 6065 91892 31.7685
coreA 162 6055 91504 31.5889
coreA 163 6022 91129 31.6
coreA 164 6043 90745 31.6016
coreA 165 6010 90324 31.7242
coreA 166 6033 89940 31.4831
coreA 167 5993 89569 31.4788
coreA 168 5988 89188 31.5217
coreA 169 5982 88777 31.4445
coreA 170 5942 88370 31.3756
coreA 171 5911 87979 31.3799
coreA 172 5955 87565 31.4244
coreA 173 5934 87146 31.3329
coreA 174 5945 86723 31.3799
coreA 175 5846 86319 31.2987
coreA 176 5954 85885 23.2757
coreA 177 5879 85502 28.6792
coreA 178 5887 85020 31.4651
coreA 179 5842 84562 31.4271
coreA 180 5861 84113 31.9622
coreA 181 5902 83602 31.7268
coreA 182 5821 83124 31.802
coreA 183 5812 82668 31.7197
coreA 184 5868 82234 31.7929
coreA 185 5805 81702 31.6383
coreA 186 5805 81248 31.5931
coreA 187 5814 80786 31.7409
coreA 188 5781 80317 31.5748
coreA 189 5791 79878 31.563
coreA 190 5752 79404 31.5785
coreA 191 5724 78920 31.5473
coreA 192 5701 78483 31.4311
coreA 193 5710 78046 31.3968
coreA 194 5710 77553 31.6125
coreA 195 5701 77061 31.3276
coreA 196 5667 76571 31.3009
coreA 197 5670 76065 31.3141
coreA 198 5643 75596 31.3645
coreA 199 5672 75070 31.2531
coreA 200 5592 74581 31.2093
coreA 201 5603 74059 31.1902
coreA 202 5618 73584 31.2246
coreA 203 5581 73103 31.0724
coreA 204 5571 72611 31.0671
coreA 205 5556 72146 31.2079
coreA 206 5551 71660 30.9713
coreA 207 5538 71172 30.9749
coreA 208 5550 70623 30.9088
coreA 209 5528 70098 30.9518
coreA 210 5501 69589 30.8597
coreA 211 5491 69098 30.807
coreA 212 5488 68563 30.796
coreA 213 5484 68088 30.8725
coreA 214 5429 67582 30.7348
coreA 215 5421 67080 30.729
coreA 216 5396 66535 30.7281
coreA 217 5407 65991 30.7235
coreA 218 5364 65506 30.7067
coreA 219 5407 65041 30.6064
coreA 220 5338 64542 30.5862
coreA 221 5290 64015 30.5498
coreA 222 5308 63521 30.5439
coreA 223 5281 63036 30.5189
coreA 224 5260 62580 30.4952
coreA 225 5254 62062 31.3827
coreA 226 5245 61594 31.3781
coreA 227 5252 61128 31.4122
coreA 228 5219 60699 31.3911
coreA 229 5202 60235 31.3187
coreA 230 5177 59791 31.2809
coreA 231 5194 59352 31.3
coreA 232 5157 58883 31.1885
coreA 233 5125 58431 31.2028
coreA 234 5131 57987 31.202
coreA 235 5132 57550 31.1246
coreA 236 5072 57132 31.0749
coreA 237 5045 56613 31.0908
coreA 238 5050 56063 31.0971
coreA 239 5015 55631 31.0403
coreA 240 4990 55213 31.2349
coreA 241 5020 54806 30.9704
coreA 242 4997 54350 30.9831
coreA 243 4963 53915 31.1179
coreA 244 4944 53509 30.9148
coreA 245 4948 53015 30.9109
coreA 246 4924 52586 30.8783
coreA 247 4896 52168 30.9249
coreA 248 4914 51715 30.8466
coreA 249 4878 51318 30.7804
coreA 250 4870 50921 30.7338
coreA 251 4866 50479 30.8348
coreA 252 4814 50016 30.759
coreA 253 4800 49608 30.7366
coreA 254 4791 49190 30.7491
coreA 255 4798 48755 30.71
coreA 256 4743 48357 30.746
coreA 257 4749 47938 30.7348
coreA 258 4690 47507 30.6341
coreA 259 4715 47073 30.5981
coreA 260 4658 46683 30.6479
coreA 261 4677 46267 30.6589
coreA 262 4633 45917 30.5608
coreA 263 4608 45498 30.5478
coreA 264 4641 45056 30.5354
coreA 265 4580 44628 30.5
coreA 266 4625 44184 30.4631
coreA 267 4563 43829 30.4796
coreA 268 4543 43447 30.4592
coreA 269 4536 43056 30.4165
coreA 270 4528 42658 30.3905
coreA 271 4518 42269 30.3723
coreA 272 4474 41852 30.4316
coreA 273 4489 41490 30.3223
coreA 274 4443 41095 30.3079
coreA 275 4430 40683 30.323
coreA 276 4396 40282 30.3014
coreA 277 4398 39898 30.281
coreA 278 4391 39537 30.2529
coreA 279 4390 39181 30.2335
coreA 280 4348 38799 30.2633
coreA 281 4335 38407 30.2499
coreA 282 4323 38041 30.1864
coreA 283 4315 37671 30.2918
coreA 284 4275 37327 30.096
coreA 285 4253 36940 30.1038
coreA 286 4241 36590 30.1127
coreA 287 4205 36250 30.1954
coreA 288 4227 35908 30.072
coreA 289 4155 35511 30.2147
coreA 290 4161 35134 30.2443
coreA 291 4140 34831 30.3359
coreA 292 4121 34511 30.1732
coreA 293 4101 34114 30.1561
coreA 294 4068 33696 30.271
coreA 295 4068 33294 30.3769
coreA 296 4050 32940 30.1346
coreA 297 4015 32574 30.1008
coreA 298 4049 32223 30.0856
coreA 299 4001 31865 30.1602
coreA 300 3989 31534 30.0245
coreA 301 3940 31212 30.0436
coreA 302 3922 30897 30.1508
coreA 303 3937 30555 29.9915
coreA 304 3915 30238 29.9752
coreA 305 3905 29915 29.9349
coreA 306 3880 29610 30.0443
coreA 307 3831 29278 29.9102
coreA 308 3809 28999 29.9116
coreA 309 3776 28694 29.9126
coreA 310 3795 28379 29.9376
coreA 311 3793 28049 29.9157
coreA 312 3767 27692 29.8811
coreA 313 3763 27414 29.8874
coreA 314 3730 27136 30.0106
coreB 1 1126 2017 13.102
coreB 2 1649 1992 29.2693
coreB 3 1777 1992 26.3608
coreB 4 1826 1992 26.5769
coreB 5 1888 1628 26.2104
coreB 6 1913 1628 26.6975
coreB 7 1900 1628 26.0381
coreB 8 1936 1628 26.26
coreB 9 1912 1628 25.8728
coreB 10 1946 1628 27.3974
coreB 11 1990 1373 26.3591
coreB 12 1997 1373 26.5771
coreB 13 1997 1373 26.5222
coreB 14 1951 1373 26.6928
coreB 15 1993 1372 26.7789
coreB 16 1986 915 27.2536
coreB 17 2013 915 27.1003
coreB 18 1960 914 27.0967
coreB 19 1974 909 27.4692
coreB 20 1949 837 27.0786
coreB 21 1959 741 27.149
coreB 22 1978 721 27.108
coreB 23 1964 719 27.0012
coreB 24 1945 648 26.3903
coreB 25 1952 641 26.5951
coreB 26 1947 635 25.8664
coreB 27 1933 628 26.1019
coreB 28 1938 621 26.3638
coreB 29 1926 615 25.9153
coreB 30 1907 610 25.8289
coreB 31 1916 604 26.5381
coreB 32 1918 599 26.0041
coreB 33 1917 594 26.3984
coreB 34 1867 590 25.9988
coreB 35 1882 586 25.9271
coreB 36 1865 582 25.8482
coreB 37 1901 577 25.9728
coreB 38 1832 572 26.7573
coreB 39 1828 569 26.5732
coreB 40 1848 564 26.6239
coreB 41 1844 560 26.2888
coreB 42 1829 557 25.9296
coreB 43 1841 553 26.3573
coreB 44 1822 550 26.4927
coreB 45 1793 546 26.0459
coreB 46 1807 543 26.0063
coreB 47 1781 540 26.1412
coreB 48 1826 537 26.3808
coreB 49 1803 534 26.3693
coreB 50 1772 531 26.0778
coreB 51 1777 528 26.0079
coreB 52 1814 525 26.6553
coreB 53 1784 522 26.4433
coreB 54 1763 520 26.5299
coreB 55 1746 518 25.9983
coreB 56 1744 516 25.9299
coreB 57 1730 514 25.9333
coreB 58 1738 511 26.8308
coreB 59 1762 509 25.9396
coreB 60 1754 507 26.62
coreB 61 1743 504 25.9724
coreB 62 1729 502 26.083
coreB 63 1701 500 26.0786
coreB 64 1714 498 26.0124
coreB 65 1709 496 26.2864
coreB 66 1707 494 25.8686
coreB 67 1725 492 26.0413
coreB 68 1724 491 25.8999
coreB 69 1722 489 25.8581
coreB 70 1665 488 26.2689
coreB 71 1666 486 25.9497
coreB 72 1680 484 25.9637
coreB 73 1704 482 26.3318
coreB 74 1665 480 25.9293
coreB 75 1679 479 26.0464
coreB 76 1647 477 25.8988
coreB 77 1685 476 132.538
coreB 78 1642 474 26.0385
coreB 79 1623 473 26.0104
coreB 80 1644 471 25.6811
coreB 81 1704 470 25.8352
coreB 82 1634 468 25.5927
coreB 83 1652 467 25.6955
coreB 84 1660 465 25.8877
coreB 85 1638 464 25.808
coreB 86 1666 463 25.9656
coreB 87 1660 461 25.7125
coreB 88 1691 460 26.1297
coreB 89 1655 459 26.0004
coreB 90 1610 457 26.0152
coreB 91 1654 456 25.9447
coreB 92 1595 454 25.7243
coreB 93 1608 454 25.8208
coreB 94 1640 452 25.7985
coreB 95 1640 450 25.7811
coreB 96 1612 449 25.8152
coreB 97 1588 448 25.6888
coreB 98 1652 447 26.8243
coreB 99 1646 446 26.0259
coreB 100 1628 444 39.8621
coreB 101 1601 443 27.5228
coreB 102 1636 442 26.4424
coreB 103 1649 441 26.4816
coreB 104 1656 440 26.4886
coreB 105 1635 438 26.5419
coreB 106 1636 438 27.0348
coreB 107 1602 436 26.4545
coreB 108 1644 435 26.311
coreB 109 1609 434 26.4352
coreB 110 1607 433 26.3223
coreB 111 1579 432 26.4841
coreB 112 1607 431 26.9697
coreB 113 1584 430 26.9178
coreB 114 1602 429 26.3942
coreB 115 1581 428 26.3085
coreB 116 1572 427 26.3013
coreB 117 1575 426 26.2682
coreB 118 1543 425 26.5039
coreB 119 1571 424 26.1547
coreB 120 1561 423 26.1531
coreB 121 1546 422 26.1683
coreB 122 1557 421 26.5793
coreB 123 1570 420 26.9471
coreB 124 1558 419 26.3167
coreB 125 1588 418 26.3209
coreB 126 1521 418 26.8295
coreB 127 1564 416 27.3983
coreB 128 1563 416 26.1673
coreB 129 1532 415 26.1695
coreB 130 1577 414 26.0827
coreB 131 1520 413 26.2674
coreB 132 1569 412 26.5556
coreB 133 1550 411 26.2654
coreB 134 1571 410 26.2894
coreB 135 1568 409 26.2124
coreB 136 1522 408 26.1239
coreB 137 1573 407 26.6965
coreB 138 1519 406 26.8584
coreB 139 1497 405 26.1549
coreB 140 1533 405 26.0556
coreB 141 1515 404 26.0338
coreB 142 1541 403 26.0474
coreB 143 1520 402 26.6396
coreB 144 1529 401 26.3468
coreB 145 1506 401 26.7675
coreB 146 1529 400 26.6796
coreB 147 1550 399 26.3675
coreB 148 1514 398 26.5247
coreB 149 1489 397 26.345
coreB 150 1509 397 26.1772
coreB 151 1483 396 25.8639
coreB 152 1497 395 26.5582
coreB 153 1472 394 26.472
coreB 154 1482 393 26.1372
coreB 155 1520 392 26.7058
coreB 156 1482 392 26.0182
coreB 157 1510 391 26.4662
coreB 158 1503 390 25.7983
coreB 159 1477 389 26.7926
coreB 160 1468 389 25.768
coreB 161 1503 388 26.8343
coreB 162 1510 387 26.0842
coreB 163 1509 387 25.897
coreB 164 1471 386 25.9666
coreB 165 1430 386 25.9692
coreB 166 1480 385 26.5603
coreB 167 1465 384 25.7968
coreB 168 1448 384 26.4577
coreB 169 1484 383 26.5173
coreB 170 1431 382 27.0985
coreB 171 1443 381 26.5572
coreB 172 1475 381 26.5858
coreB 173 1448 380 25.8802
coreB 174 1460 379 25.8644
coreB 175 1444 379 26.9962
coreB 176 1402 378 26.8735
coreB 177 1453 377 26.3627
coreB 178 1400 377 26.2717
coreB 179 1451 376 26.5732
coreB 180 1420 376 26.8375
coreB 181 1437 375 26.5027
coreB 182 1419 374 26.4585
coreB 183 1422 374 26.1749
coreB 184 1441 373 26.5816
coreB 185 1462 373 26.7521
coreB 186 1419 372 26.2906
coreB 187 1428 371 26.1325
coreB 188 1415 371 26.1955
coreB 189 1429 370 26.1362
coreB 190 1432 369 25.9672
coreB 191 1389 368 26.3874
coreB 192 1422 368 26.0814
coreB 193 1401 367 25.9675
coreB 194 1447 367 26.6947
coreB 195 1400 366 26.8722
coreB 196 1422 366 26.5616
coreB 197 1441 365 26.0119
coreB 198 1457 364 25.9204
coreB 199 1418 364 26.7201
coreB 200 1407 363 26.0598
coreB 201 1428 363 26.6377
coreB 202 1420 362 26.5942
coreB 203 1394 361 26.1232
coreB 204 1409 361 26.9062
coreB 205 1401 360 25.9605
coreB 206 1366 360 26.0158
coreB 207 1417 359 26.6718
coreB 208 1364 359 25.9675
coreB 209 1386 358 26.1839
coreB 210 1403 358 25.9658
coreB 211 1449 357 26.659
coreB 212 1371 357 26.1811
coreB 213 1393 356 25.8988
coreB 214 1395 356 26.0908
coreB 215 1395 355 26.4975
coreB 216 1429 355 25.818
coreB 217 1380 354 25.8732
coreB 218 1358 354 26.128
coreB 219 1388 353 25.8912
coreB 220 1351 353 26.3407
coreB 221 1382 352 27.1685
coreB 222 1352 352 25.9088
coreB 223 1335 351 26.4783
coreB 224 1389 351 25.8754
coreB 225 1364 350 26.3299
coreB 226 1359 350 26.5132
coreB 227 1344 349 25.7938
coreB 228 1362 348 25.8597
coreB 229 1363 348 25.7427
coreB 230 1360 347 26.3814
coreB 231 1359 347 25.8387
coreB 232 1320 346 25.8181
coreB 233 1353 346 25.7475
coreB 234 1334 345 25.7586
coreB 235 1355 345 26.7973
coreB 236 1330 344 25.8178
coreB 237 1321 344 25.5951
coreB 238 1293 343 25.6925
coreB 239 1340 343 25.817
coreB 240 1327 342 25.6869
coreB 241 1327 342 25.7399
coreB 242 1312 342 25.7342
coreB 243 1283 341 25.7235
coreB 244 1327 341 25.7396
coreB 245 1308 340 25.7668
coreB 246 1295 340 25.6801
coreB 247 1293 339 25.7919
coreB 248 1306 339 25.8736
coreB 249 1290 339 25.6876
coreB 250 1299 338 25.7229
coreB 251 1294 338 25.711
coreB 252 1321 337 25.9158
coreB 253 1331 337 25.8083
coreB 254 1277 336 205.058
coreB 255 1270 336 26.1981
coreB 256 1283 336 26.6408
coreB 257 1289 335 26.1015
coreB 258 1295 334 26.3596
coreB 259 1237 334 26.704
coreB 260 1301 333 26.1079
coreB 261 1255 333 25.97
coreB 262 1252 333 26.0898
coreB 263 1266 332 26.3377
coreB 264 1235 332 26.2597
coreB 265 1265 331 25.8586
coreB 266 1272 331 25.7918
coreB 267 1254 331 26.3743
coreB 268 1270 330 25.9867
coreB 269 1257 330 25.8772
coreB 270 1254 330 25.7794
coreB 271 1234 329 26.3444
coreB 272 1258 329 25.711
coreB 273 1253 329 25.9619
coreB 274 1264 328 25.8764
coreB 275 1244 328 25.6676
coreB 276 1241 327 25.8217
coreB 277 1269 327 25.9571
coreB 278 1236 327 25.9081
coreB 279 1242 326 25.8651
coreB 280 1273 326 26.4329
coreB 281 1244 326 26.3121
coreB 282 1222 326 25.6236
coreB 283 1232 325 25.7614
coreB 284 1203 325 25.7442
coreB 285 1243 324 25.719
coreB 286 1249 324 25.6926
coreB 287 1201 324 26.3058
coreB 288 1220 323 26.3831
coreB 289 1238 323 26.3908
coreB 290 1223 323 26.3356
coreB 291 1229 322 26.4715
coreB 292 1226 322 26.3918
coreB 293 1213 322 27.0741
coreB 294 1212 321 26.5332
coreB 295 1199 321 26.4562
coreB 296 1194 321 26.2995
coreB 297 1218 320 26.5583
coreB 298 1242 320 26.8109
coreB 299 1169 320 26.2731
coreB 300 1214 320 26.3247
coreB 301 1199 319 26.806
coreB 302 1223 319 26.5566
coreB 303 1188 319 26.7751
coreB 304 1176 318 26.8048
coreB 305 1230 318 26.7917
coreB 306 1186 318 26.8385
coreB 307 1174 317 26.1277
coreB 308 1181 317 26.2059
coreB 309 1216 316 26.2011
coreB 310 1161 316 26.8334
coreB 311 1198 316 26.1663
coreB 312 1190 315 26.2136
coreB 313 1196 315 26.0448
coreB 314 1197 314 26.6834
total 4615.1
coreA 1 6395 108622 24.9456
coreA 2 6395 108622 2029.18
coreA 3 6394 108622 27.5013
coreA 4 6397 108622 16.4328
coreA 5 6396 108622 18.4104
coreA 6 6395 108622 18.275
coreA 7 6405 108622 18.3873
coreA 8 6403 108622 18.3468
coreA 9 6410 108620 18.3295
coreA 10 6401 108620 18.2395
coreA 11 6401 108620 18.2333
coreA 12 6410 108620 18.2684
coreA 13 6414 108619 18.2941
coreA 14 6413 108618 18.3511
coreA 15 6418 108606 18.3519
coreA 16 6405 108606 35.2156
coreA 17 6412 108601 35.118
coreA 18 6414 108600 35.0317
coreA 19 6401 108598 34.9853
coreA 20 6405 108594 34.9784
coreA 21 6419 108592 34.9677
coreA 22 6415 108591 34.9863
coreA 23 6417 108591 34.9871
coreA 24 6417 108590 34.9727
coreA 25 6430 108586 34.9807
coreA 26 6410 108582 34.9273
coreA 27 6416 108576 34.8982
coreA 28 6403 108572 34.8337
coreA 29 6419 108570 34.7647
coreA 30 6413 108566 34.6612
coreA 31 6415 108564 34.6118
coreA 32 6411 108563 34.5421
coreA 33 6416 108558 34.54
coreA 34 6417 108555 34.5041
coreA 35 6414 108554 34.4642
coreA 36 6404 108554 34.4064
coreA 37 6398 108550 34.3758
coreA 38 6382 108545 34.3195
coreA 39 6418 108540 34.2744
coreA 40 6428 108531 34.283
coreA 41 6431 108529 34.2589
coreA 42 6409 108522 34.2388
coreA 43 6398 108512 34.2005
coreA 44 6387 108502 34.1633
coreA 45 6406 108499 34.0869
coreA 46 6391 108489 34.0741
coreA 47 6409 108480 33.9909
coreA 48 6395 108474 33.9663
coreA 49 6398 108465 33.9371
coreA 50 6403 108456 33.9135
coreA 51 6396 108439 33.8674
coreA 52 6399 108430 33.916
coreA 53 6386 108417 33.8932
coreA 54 6407 108407 33.9014
coreA 55 6379 108397 33.8835
coreA 56 6368 108381 33.8885
coreA 57 6394 108367 33.8391
coreA 58 6365 108352 33.8501
coreA 59 6380 108342 33.8273
coreA 60 6388 108333 33.8675
coreA 61 6403 108320 33.8202
coreA 62 6375 108313 33.782
coreA 63 6359 108293 33.6969
coreA 64 6369 108274 33.6821
coreA 65 6385 108256 33.5865
coreA 66 6403 108236 33.5329
coreA 67 6373 108217 33.4527
coreA 68 6379 108197 33.3642
coreA 69 6390 108167 33.2875
coreA 70 6395 108151 33.2637
coreA 71 6370 108127 33.2084
coreA 72 6368 108107 33.2262
coreA 73 6348 108070 33.1835
coreA 74 6399 108032 33.1358
coreA 75 6413 107996 33.105
coreA 76 6412 107963 33.0918
coreA 77 6379 107938 33.0664
coreA 78 6348 107901 33.034
coreA 79 6403 107868 33.0012
coreA 80 6381 107827 33.0363
coreA 81 6369 107781 33.0005
coreA 82 6411 107733 32.9903
coreA 83 6355 107688 32.9473
coreA 84 6356 107644 32.9255
coreA 85 6370 107598 32.9028
coreA 86 6382 107541 32.8977
coreA 87 6360 107487 32.8654
coreA 88 6363 107409 32.8318
coreA 89 6355 107365 32.777
coreA 90 6366 107295 32.7386
coreA 91 6372 107220 32.7437
coreA 92 6354 107159 32.7215
coreA 93 6377 107110 32.7118
coreA 94 6342 107045 32.7055
coreA 95 6359 106978 32.6505
coreA 96 6322 106891 32.6309
coreA 97 6357 106803 32.601
coreA 98 6338 106683 32.5641
coreA 99 6299 106582 32.5431
coreA 100 6358 106489 32.5108
coreA 101 6321 106360 32.4816
coreA 102 6322 106255 32.4527
coreA 103 6336 106140 32.4327
coreA 104 6335 106033 32.4353
coreA 105 6305 105923 32.3605
coreA 106 6338 105802 32.3564
coreA 107 6286 105685 32.3124
coreA 108 6338 105549 32.3828
coreA 109 6272 105408 32.2579
coreA 110 6325 105237 32.2162
coreA 111 6347 105086 32.168
coreA 112 6324 104968 32.1445
coreA 113 6286 104824 32.1096
coreA 114 6269 104686 32.078
coreA 115 6309 104530 32.0424
coreA 116 6294 104379 32.031
coreA 117 6306 104231 32.001
coreA 118 6274 104045 31.9879
coreA 119 6262 103867 31.9519
coreA 120 6283 103717 31.8999
coreA 121 6281 103534 31.9993
coreA 122 6267 103337 31.9806
coreA 123 6295 103159 31.9455
coreA 124 6244 102935 31.9326
coreA 125 6269 102709 31.8774
coreA 126 6271 102493 31.8657
coreA 127 6238 102299 31.8337
coreA 128 6229 102083 31.8186
coreA 129 6230 101870 31.7873
coreA 130 6214 101659 31.7822
coreA 131 6224 101451 31.7226
coreA 132 6199 101199 31.7326
coreA 133 6210 100946 31.687
coreA 134 6235 100697 31.6953
coreA 135 6156 100422 31.6427
coreA 136 6197 100195 31.6296
coreA 137 6188 99941 31.5873
coreA 138 6212 99673 31.6095
coreA 139 6181 99416 31.8689
coreA 140 6177 99141 31.8165
coreA 141 6138 98825 31.7942
coreA 142 6162 98528 31.8081
coreA 143 6146 98224 31.775
coreA 144 6158 97923 31.7619
coreA 145 6176 97589 31.7134
coreA 146 6117 97256 31.9664
coreA 147 6151 96883 31.9227
coreA 148 6092 96568 31.9142
coreA 149 6093 96248 31.8859
coreA 150 6131 95879 31.9096
coreA 151 6097 95516 31.8414
coreA 152 6117 95183 31.839
coreA 153 6143 94801 31.7902
coreA 154 6096 94426 31.7784
coreA 155 6108 94092 31.7592
coreA 156 6083 93744 31.7544
coreA 157 6075 93400 31.707
coreA 158 6040 93034 31.666
coreA 159 6078 92672 31.6575
coreA 160 6082 92322 31.6342
coreA 161 6065 91892 31.5985
coreA 162 6055 91504 31.5762
coreA 163 6022 91129 31.5638
coreA 164 6043 90745 31.5467
coreA 165 6010 90324 31.5174
coreA 166 6033 89940 31.4804
coreA 167 5993 89569 31.4999
coreA 168 5988 89188 31.4665
coreA 169 5982 88777 31.4374
coreA 170 5942 88370 31.4164
coreA 171 5911 87979 31.3875
coreA 172 5955 87565 31.38
coreA 173 5934 87146 31.3509
coreA 174 5945 86723 31.3421
coreA 175 5846 86319 31.3203
coreA 176 5954 85885 31.2981
coreA 177 5879 85502 31.2564
coreA 178 5887 85020 31.2291
coreA 179 5842 84562 31.2155
coreA 180 5861 84113 31.6765
coreA 181 5902 83602 31.6462
coreA 182 5821 83124 31.6138
coreA 183 5812 82668 31.16
coreA 184 5868 82234 31.5946
coreA 185 5805 81702 31.5393
coreA 186 5805 81248 31.5318
coreA 187 5814 80786 31.503
coreA 188 5781 80317 31.4929
coreA 189 5791 79878 31.4824
coreA 190 5752 79404 31.4562
coreA 191 5724 78920 31.3942
coreA 192 5701 78483 31.3954
coreA 193 5710 78046 31.3531
coreA 194 5710 77553 31.3308
coreA 195 5701 77061 31.2694
coreA 196 5667 76571 31.2603
coreA 197 5670 76065 31.2272
coreA 198 5643 75596 31.2229
coreA 199 5672 75070 31.2047
coreA 200 5592 74581 31.1577
coreA 201 5603 74059 31.1382
coreA 202 5618 73584 31.1117
coreA 203 5581 73103 31.0905
coreA 204 5571 72611 31.0612
coreA 205 5556 72146 31.0426
coreA 206 5551 71660 31.0181
coreA 207 5538 71172 30.9741
coreA 208 5550 70623 30.9606
coreA 209 5528 70098 30.8888
coreA 210 5501 69589 30.8487
coreA 211 5491 69098 30.8273
coreA 212 5488 68563 30.8285
coreA 213 5484 68088 30.788
coreA 214 5429 67582 30.743
coreA 215 5421 67080 30.7219
coreA 216 5396 66535 30.7318
coreA 217 5407 65991 30.7105
coreA 218 5364 65506 30.6673
coreA 219 5407 65041 30.6424
coreA 220 5338 64542 30.617
coreA 221 5290 64015 30.5858
coreA 222 5308 63521 30.575
coreA 223 5281 63036 30.523
coreA 224 5260 62580 30.497
coreA 225 5254 62062 31.4237
coreA 226 5245 61594 31.4034
coreA 227 5252 61128 31.3701
coreA 228 5219 60699 31.3404
coreA 229 5202 60235 31.3346
coreA 230 5177 59791 31.2915
coreA 231 5194 59352 31.2855
coreA 232 5157 58883 31.2467
coreA 233 5125 58431 31.2404
coreA 234 5131 57987 31.2043
coreA 235 5132 57550 31.1742
coreA 236 5072 57132 31.1203
coreA 237 5045 56613 31.1358
coreA 238 5050 56063 31.072
coreA 239 5015 55631 31.0257
coreA 240 4990 55213 31.0193
coreA 241 5020 54806 31.0077
coreA 242 4997 54350 30.9596
coreA 243 4963 53915 30.993
coreA 244 4944 53509 30.9586
coreA 245 4948 53015 30.9746
coreA 246 4924 52586 30.9181
coreA 247 4896 52168 30.894
coreA 248 4914 51715 30.8751
coreA 249 4878 51318 30.8277
coreA 250 4870 50921 30.827
coreA 251 4866 50479 30.8145
coreA 252 4814 50016 30.7864
coreA 253 4800 49608 30.7691
coreA 254 4791 49190 30.7547
coreA 255 4798 48755 30.7009
coreA 256 4743 48357 30.6775
coreA 257 4749 47938 30.6513
coreA 258 4690 47507 30.6231
coreA 259 4715 47073 30.6103
coreA 260 4658 46683 30.615
coreA 261 4677 46267 30.5957
coreA 262 4633 45917 30.5505
coreA 263 4608 45498 30.5209
coreA 264 4641 45056 30.5193
coreA 265 4580 44628 30.479
coreA 266 4625 44184 30.456
coreA 267 4563 43829 30.439
coreA 268 4543 43447 30.4106
coreA 269 4536 43056 30.4487
coreA 270 4528 42658 30.4251
coreA 271 4518 42269 30.4074
coreA 272 4474 41852 30.3904
coreA 273 4489 41490 30.3852
coreA 274 4443 41095 30.3569
coreA 275 4430 40683 30.3335
coreA 276 4396 40282 30.3323
coreA 277 4398 39898 30.301
coreA 278 4391 39537 30.276
coreA 279 4390 39181 30.241
coreA 280 4348 38799 30.2456
coreA 281 4335 38407 30.2767
coreA 282 4323 38041 30.2379
coreA 283 4315 37671 30.2289
coreA 284 4275 37327 30.1798
coreA 285 4253 36940 30.1607
coreA 286 4241 36590 30.1544
coreA 287 4205 36250 30.117
coreA 288 4227 35908 30.1094
coreA 289 4155 35511 30.9875
coreA 290 4161 35134 30.0398
coreA 291 4140 34831 30.0225
coreA 292 4121 34511 30.0078
coreA 293 4101 34114 30.003
coreA 294 4068 33696 29.9681
coreA 295 4068 33294 29.9583
coreA 296 4050 32940 29.9212
coreA 297 4015 32574 29.9081
coreA 298 4049 32223 29.8858
coreA 299 4001 31865 29.887
coreA 300 3989 31534 29.8603
coreA 301 3940 31212 29.8475
coreA 302 3922 30897 29.7993
coreA 303 3937 30555 29.8227
coreA 304 3915 30238 29.5337
coreA 305 3905 29915 18.5177
coreA 306 3880 29610 14.0225
coreA 307 3831 29278 13.9803
coreA 308 3809 28999 13.9907
coreA 309 3776 28694 14.007
coreA 310 3795 28379 14.0469
coreA 311 3793 28049 13.9876
coreA 312 3767 27692 13.9466
coreA 313 3763 27414 13.9231
coreA 314 3730 27136 13.8971
coreB 1 1126 2017 12.1789
coreB 2 1649 1992 15.0074
coreB 3 1777 1992 11.9429
coreB 4 1826 1992 26.0734
coreB 5 1888 1628 25.8913
coreB 6 1913 1628 25.8867
coreB 7 1900 1628 25.8755
coreB 8 1936 1628 25.9649
coreB 9 1912 1628 25.6794
coreB 10 1946 1628 26.6629
coreB 11 1990 1373 26.0851
coreB 12 1997 1373 26.2244
coreB 13 1997 1373 26.2419
coreB 14 1951 1373 26.2616
coreB 15 1993 1372 26.2453
coreB 16 1986 915 26.7943
coreB 17 2013 915 26.8064
coreB 18 1960 914 26.8324
coreB 19 1974 909 26.8865
coreB 20 1949 837 26.9196
coreB 21 1959 741 27.0074
coreB 22 1978 721 26.9501
coreB 23 1964 719 26.3359
coreB 24 1945 648 26.087
coreB 25 1952 641 26.4033
coreB 26 1947 635 25.782
coreB 27 1933 628 25.8255
coreB 28 1938 621 25.7874
coreB 29 1926 615 25.8686
coreB 30 1907 610 25.7485
coreB 31 1916 604 26.43
coreB 32 1918 599 25.8082
coreB 33 1917 594 25.8464
coreB 34 1867 590 25.8664
coreB 35 1882 586 25.7472
coreB 36 1865 582 25.7058
coreB 37 1901 577 25.7912
coreB 38 1832 572 26.0915
coreB 39 1828 569 26.3782
coreB 40 1848 564 26.4103
coreB 41 1844 560 26.1355
coreB 42 1829 557 25.7277
coreB 43 1841 553 26.1228
coreB 44 1822 550 25.8441
coreB 45 1793 546 25.8613
coreB 46 1807 543 25.8745
coreB 47 1781 540 25.8742
coreB 48 1826 537 26.1038
coreB 49 1803 534 25.7465
coreB 50 1772 531 25.7886
coreB 51 1777 528 25.7415
coreB 52 1814 525 26.4179
coreB 53 1784 522 26.1578
coreB 54 1763 520 25.8467
coreB 55 1746 518 25.7519
coreB 56 1744 516 25.816
coreB 57 1730 514 25.7975
coreB 58 1738 511 26.472
coreB 59 1762 509 25.8797
coreB 60 1754 507 26.5071
coreB 61 1743 504 25.8373
coreB 62 1729 502 25.875
coreB 63 1701 500 25.881
coreB 64 1714 498 25.8336
coreB 65 1709 496 26.2591
coreB 66 1707 494 25.8497
coreB 67 1725 492 25.9121
coreB 68 1724 491 25.7862
coreB 69 1722 489 25.8044
coreB 70 1665 488 26.113
coreB 71 1666 486 25.7734
coreB 72 1680 484 25.7763
coreB 73 1704 482 26.111
coreB 74 1665 480 25.7945
coreB 75 1679 479 25.9841
coreB 76 1647 477 25.8506
coreB 77 1685 476 25.7241
coreB 78 1642 474 26.1287
coreB 79 1623 473 26.1233
coreB 80 1644 471 25.7866
coreB 81 1704 470 25.7311
coreB 82 1634 468 25.9134
coreB 83 1652 467 23.3402
coreB 84 1660 465 25.9848
coreB 85 1638 464 25.8887
coreB 86 1666 463 25.8317
coreB 87 1660 461 25.6195
coreB 88 1691 460 25.9457
coreB 89 1655 459 25.8816
coreB 90 1610 457 25.9309
coreB 91 1654 456 25.9023
coreB 92 1595 454 25.995
coreB 93 1608 454 25.9445
coreB 94 1640 452 25.94
coreB 95 1640 450 25.9733
coreB 96 1612 449 26.0007
coreB 97 1588 448 26.6208
coreB 98 1652 447 26.6533
coreB 99 1646 446 25.9028
coreB 100 1628 444 26.4837
coreB 101 1601 443 26.5545
coreB 102 1636 442 23.2415
coreB 103 1649 441 26.0603
coreB 104 1656 440 26.0574
coreB 105 1635 438 26.1231
coreB 106 1636 438 26.7628
coreB 107 1602 436 26.103
coreB 108 1644 435 26.0331
coreB 109 1609 434 26.0207
coreB 110 1607 433 25.9983
coreB 111 1579 432 26.1446
coreB 112 1607 431 26.7112
coreB 113 1584 430 26.7186
coreB 114 1602 429 26.1209
coreB 115 1581 428 26.0697
coreB 116 1572 427 26.127
coreB 117 1575 426 26.138
coreB 118 1543 425 26.0765
coreB 119 1571 424 26.144
coreB 120 1561 423 26.2179
coreB 121 1546 422 26.1249
coreB 122 1557 421 26.2188
coreB 123 1570 420 26.7031
coreB 124 1558 419 26.1603
coreB 125 1588 418 26.3091
coreB 126 1521 418 26.78
coreB 127 1564 416 26.7943
coreB 128 1563 416 26.0713
coreB 129 1532 415 26.0533
coreB 130 1577 414 26.003
coreB 131 1520 413 26.0776
coreB 132 1569 412 26.0303
coreB 133 1550 411 26.0937
coreB 134 1571 410 26.0895
coreB 135 1568 409 26.0426
coreB 136 1522 408 25.9871
coreB 137 1573 407 26.1486
coreB 138 1519 406 26.6452
coreB 139 1497 405 25.9287
coreB 140 1533 405 25.9696
coreB 141 1515 404 25.8324
coreB 142 1541 403 25.7946
coreB 143 1520 402 25.9328
coreB 144 1529 401 25.8904
coreB 145 1506 401 26.1616
coreB 146 1529 400 25.9269
coreB 147 1550 399 25.9015
coreB 148 1514 398 25.8789
coreB 149 1489 397 26.1812
coreB 150 1509 397 25.9936
coreB 151 1483 396 25.8455
coreB 152 1497 395 25.9262
coreB 153 1472 394 25.8576
coreB 154 1482 393 26.0734
coreB 155 1520 392 26.528
coreB 156 1482 392 25.9035
coreB 157 1510 391 25.7854
coreB 158 1503 390 25.8342
coreB 159 1477 389 26.5929
coreB 160 1468 389 25.9982
coreB 161 1503 388 26.1225
coreB 162 1510 387 25.9891
coreB 163 1509 387 25.9142
coreB 164 1471 386 25.9606
coreB 165 1430 386 25.7589
coreB 166 1480 385 25.8806
coreB 167 1465 384 25.9436
coreB 168 1448 384 26.5805
coreB 169 1484 383 26.5488
coreB 170 1431 382 26.579
coreB 171 1443 381 26.5132
coreB 172 1475 381 26.4797
coreB 173 1448 380 25.9153
coreB 174 1460 379 25.8641
coreB 175 1444 379 26.4582
coreB 176 1402 378 26.4633
coreB 177 1453 377 26.4557
coreB 178 1400 377 25.8037
coreB 179 1451 376 25.8271
coreB 180 1420 376 25.7576
coreB 181 1437 375 25.7845
coreB 182 1419 374 25.7705
coreB 183 1422 374 25.6858
coreB 184 1441 373 25.997
coreB 185 1462 373 26.4174
coreB 186 1419 372 25.7876
coreB 187 1428 371 25.8708
coreB 188 1415 371 25.7952
coreB 189 1429 370 25.9016
coreB 190 1432 369 25.8436
coreB 191 1389 368 25.8836
coreB 192 1422 368 25.8249
coreB 193 1401 367 25.7516
coreB 194 1447 367 26.4095
coreB 195 1400 366 26.4047
coreB 196 1422 366 26.4089
coreB 197 1441 365 25.8471
coreB 198 1457 364 25.7734
coreB 199 1418 364 26.4042
coreB 200 1407 363 25.8404
coreB 201 1428 363 26.4448
coreB 202 1420 362 26.3745
coreB 203 1394 361 25.8724
coreB 204 1409 361 26.4508
coreB 205 1401 360 25.7538
coreB 206 1366 360 25.7233
coreB 207 1417 359 26.387
coreB 208 1364 359 25.6666
coreB 209 1386 358 25.6805
coreB 210 1403 358 25.7046
coreB 211 1449 357 26.3866
coreB 212 1371 357 25.846
coreB 213 1393 356 25.8157
coreB 214 1395 356 25.7576
coreB 215 1395 355 25.7576
coreB 216 1429 355 25.7655
coreB 217 1380 354 25.688
coreB 218 1358 354 25.9772
coreB 219 1388 353 25.8128
coreB 220 1351 353 25.7941
coreB 221 1382 352 26.4372
coreB 222 1352 352 25.7122
coreB 223 1335 351 26.3157
coreB 224 1389 351 25.7872
coreB 225 1364 350 25.8129
coreB 226 1359 350 25.743
coreB 227 1344 349 25.6882
coreB 228 1362 348 25.8655
coreB 229 1363 348 25.7078
coreB 230 1360 347 25.8024
coreB 231 1359 347 25.7392
coreB 232 1320 346 25.7883
coreB 233 1353 346 25.724
coreB 234 1334 345 25.7618
coreB 235 1355 345 26.479
coreB 236 1330 344 25.9381
coreB 237 1321 344 25.7417
coreB 238 1293 343 25.7192
coreB 239 1340 343 25.7713
coreB 240 1327 342 25.754
coreB 241 1327 342 25.8509
coreB 242 1312 342 25.8926
coreB 243 1283 341 25.7911
coreB 244 1327 341 25.8414
coreB 245 1308 340 25.7161
coreB 246 1295 340 25.7003
coreB 247 1293 339 25.8331
coreB 248 1306 339 25.7802
coreB 249 1290 339 25.6985
coreB 250 1299 338 25.7611
coreB 251 1294 338 25.7613
coreB 252 1321 337 25.8512
coreB 253 1331 337 25.6841
coreB 254 1277 336 25.9041
coreB 255 1270 336 25.818
coreB 256 1283 336 26.7231
coreB 257 1289 335 25.9682
coreB 258 1295 334 26.1222
coreB 259 1237 334 26.6358
coreB 260 1301 333 26.0185
coreB 261 1255 333 25.9274
coreB 262 1252 333 26.0891
coreB 263 1266 332 26.1022
coreB 264 1235 332 26.0852
coreB 265 1265 331 26.0855
coreB 266 1272 331 26.0071
coreB 267 1254 331 26.7904
coreB 268 1270 330 26.1343
coreB 269 1257 330 25.9749
coreB 270 1254 330 25.9309
coreB 271 1234 329 26.6015
coreB 272 1258 329 26.0151
coreB 273 1253 329 26.0989
coreB 274 1264 328 25.9658
coreB 275 1244 328 25.9404
coreB 276 1241 327 26.006
coreB 277 1269 327 26.1678
coreB 278 1236 327 25.9967
coreB 279 1242 326 26.038
coreB 280 1273 326 26.6689
coreB 281 1244 326 26.6058
coreB 282 1222 326 25.9142
coreB 283 1232 325 26.0178
coreB 284 1203 325 26.0131
coreB 285 1243 324 26.0817
coreB 286 1249 324 25.9404
coreB 287 1201 324 26.5977
coreB 288 1220 323 26.6323
coreB 289 1238 323 26.0276
coreB 290 1223 323 26.017
coreB 291 1229 322 25.9853
coreB 292 1226 322 25.9555
coreB 293 1213 322 26.1946
coreB 294 1212 321 26.0465
coreB 295 1199 321 25.9902
coreB 296 1194 321 25.9812
coreB 297 1218 320 26.1876
coreB 298 1242 320 25.9969
coreB 299 1169 320 25.9413
coreB 300 1214 320 26.1508
coreB 301 1199 319 26.623
coreB 302 1223 319 26.1466
coreB 303 1188 319 26.5659
coreB 304 1176 318 26.5561
coreB 305 1230 318 26.5295
coreB 306 1186 318 26.6272
coreB 307 1174 317 25.9741
coreB 308 1181 317 25.9475
coreB 309 1216 316 26.0181
coreB 310 1161 316 26.5559
coreB 311 1198 316 25.9771
coreB 312 1190 315 26.1509
coreB 313 1196 315 25.9677
coreB 314 1197 314 26.6057
total 4750.79
coreA 1 6395 108622 24.9582
coreA 2 6395 108622 2058.63
coreA 3 6394 108622 14.9835
coreA 4 6397 108622 16.4838
coreA 5 6396 108622 18.4895
coreA 6 6395 108622 18.3343
coreA 7 6405 108622 18.4265
coreA 8 6403 108622 18.6186
coreA 9 6410 108620 18.4951
coreA 10 6401 108620 18.505
coreA 11 6401 108620 18.4381
coreA 12 6410 108620 18.3221
coreA 13 6414 108619 18.5094
coreA 14 6413 108618 18.3797
coreA 15 6418 108606 18.525
coreA 16 6405 108606 35.3566
coreA 17 6412 108601 35.2392
coreA 18 6414 108600 35.1786
coreA 19 6401 108598 35.099
coreA 20 6405 108594 35.0786
coreA 21 6419 108592 35.0528
coreA 22 6415 108591 35.0977
coreA 23 6417 108591 35.167
coreA 24 6417 108590 35.1489
coreA 25 6430 108586 35.1193
coreA 26 6410 108582 35.0745
coreA 27 6416 108576 35.0109
coreA 28 6403 108572 34.9145
coreA 29 6419 108570 34.8488
coreA 30 6413 108566 34.7861
coreA 31 6415 108564 34.7382
coreA 32 6411 108563 34.6594
coreA 33 6416 108558 34.5865
coreA 34 6417 108555 34.5801
coreA 35 6414 108554 34.5198
coreA 36 6404 108554 34.5014
coreA 37 6398 108550 34.4445
coreA 38 6382 108545 34.4026
coreA 39 6418 108540 34.3564
coreA 40 6428 108531 34.3416
coreA 41 6431 108529 34.2801
coreA 42 6409 108522 34.2699
coreA 43 6398 108512 34.2386
coreA 44 6387 108502 34.2114
coreA 45 6406 108499 34.1634
coreA 46 6391 108489 34.1159
coreA 47 6409 108480 34.0476
coreA 48 6395 108474 33.9627
coreA 49 6398 108465 33.9983
coreA 50 6403 108456 34.0022
coreA 51 6396 108439 33.9699
coreA 52 6399 108430 33.9205
coreA 53 6386 108417 33.9663
coreA 54 6407 108407 33.9123
coreA 55 6379 108397 33.9249
coreA 56 6368 108381 33.9113
coreA 57 6394 108367 33.9031
coreA 58 6365 108352 33.8706
coreA 59 6380 108342 33.8661
coreA 60 6388 108333 33.8469
coreA 61 6403 108320 33.8245
coreA 62 6375 108313 33.7262
coreA 63 6359 108293 33.6855
coreA 64 6369 108274 33.6742
coreA 65 6385 108256 33.5943
coreA 66 6403 108236 33.4661
coreA 67 6373 108217 33.3984
coreA 68 6379 108197 33.3168
coreA 69 6390 108167 33.2963
coreA 70 6395 108151 33.2479
coreA 71 6370 108127 33.1838
coreA 72 6368 108107 33.1776
coreA 73 6348 108070 33.126
coreA 74 6399 108032 33.1122
coreA 75 6413 107996 33.0952
coreA 76 6412 107963 33.0723
coreA 77 6379 107938 33.0338
coreA 78 6348 107901 33.0132
coreA 79 6403 107868 32.9433
coreA 80 6381 107827 32.9686
coreA 81 6369 107781 32.8931
coreA 82 6411 107733 32.8936
coreA 83 6355 107688 32.8785
coreA 84 6356 107644 32.8716
coreA 85 6370 107598 32.792
coreA 86 6382 107541 32.867
coreA 87 6360 107487 27.6483
coreA 88 6363 107409 24.0525
coreA 89 6355 107365 24.0073
coreA 90 6366 107295 23.9878
coreA 91 6372 107220 24.1216
coreA 92 6354 107159 21.4401
coreA 93 6377 107110 32.566
coreA 94 6342 107045 32.5681
coreA 95 6359 106978 32.5173
coreA 96 6322 106891 32.4904
coreA 97 6357 106803 32.4405
coreA 98 6338 106683 32.4575
coreA 99 6299 106582 32.4145
coreA 100 6358 106489 32.3644
coreA 101 6321 106360 32.3515
coreA 102 6322 106255 32.3698
coreA 103 6336 106140 32.2978
coreA 104 6335 106033 32.2629
coreA 105 6305 105923 30.2431
coreA 106 6338 105802 26.085
coreA 107 6286 105685 24.261
coreA 108 6338 105549 24.2559
coreA 109 6272 105408 24.1382
coreA 110 6325 105237 24.3683
coreA 111 6347 105086 32.2795
coreA 112 6324 104968 32.2546
coreA 113 6286 104824 32.1332
coreA 114 6269 104686 32.0047
coreA 115 6309 104530 32.0258
coreA 116 6294 104379 32.0017
coreA 117 6306 104231 31.9381
coreA 118 6274 104045 31.9013
coreA 119 6262 103867 31.8605
coreA 120 6283 103717 31.8319
coreA 121 6281 103534 31.8904
coreA 122 6267 103337 31.9003
coreA 123 6295 103159 31.8987
coreA 124 6244 102935 31.8722
coreA 125 6269 102709 31.8397
coreA 126 6271 102493 31.8206
coreA 127 6238 102299 31.8158
coreA 128 6229 102083 31.8231
coreA 129 6230 101870 31.7781
coreA 130 6214 101659 31.7474
coreA 131 6224 101451 31.7156
coreA 132 6199 101199 31.7058
coreA 133 6210 100946 31.6499
coreA 134 6235 100697 31.6525
coreA 135 6156 100422 31.6344
coreA 136 6197 100195 31.5979
coreA 137 6188 99941 31.5696
coreA 138 6212 99673 31.5587
coreA 139 6181 99416 31.8147
coreA 140 6177 99141 31.8058
coreA 141 6138 98825 31.7837
coreA 142 6162 98528 31.7607
coreA 143 6146 98224 31.7234
coreA 144 6158 97923 31.7329
coreA 145 6176 97589 31.6921
coreA 146 6117 97256 31.9129
coreA 147 6151 96883 31.8765
coreA 148 6092 96568 31.8892
coreA 149 6093 96248 31.8632
coreA 150 6131 95879 31.826
coreA 151 6097 95516 31.7936
coreA 152 6117 95183 31.802
coreA 153 6143 94801 31.7332
coreA 154 6096 94426 31.7124
coreA 155 6108 94092 31.7666
coreA 156 6083 93744 31.6862
coreA 157 6075 93400 31.6293
coreA 158 6040 93034 31.619
coreA 159 6078 92672 31.5758
coreA 160 6082 92322 31.5921
coreA 161 6065 91892 31.5345
coreA 162 6055 91504 31.5388
coreA 163 6022 91129 31.5091
coreA 164 6043 90745 31.5071
coreA 165 6010 90324 31.4682
coreA 166 6033 89940 31.4177
coreA 167 5993 89569 31.4083
coreA 168 5988 89188 31.3886
coreA 169 5982 88777 31.36
coreA 170 5942 88370 31.3918
coreA 171 5911 87979 31.3993
coreA 172 5955 87565 31.3611
coreA 173 5934 87146 31.345
coreA 174 5945 86723 31.375
coreA 175 5846 86319 31.3598
coreA 176 5954 85885 31.3124
coreA 177 5879 85502 31.2916
coreA 178 5887 85020 31.2569
coreA 179 5842 84562 31.2462
coreA 180 5861 84113 31.7069
coreA 181 5902 83602 31.649
coreA 182 5821 83124 31.6193
coreA 183 5812 82668 30.929
coreA 184 5868 82234 31.7499
coreA 185 5805 81702 31.605
coreA 186 5805 81248 31.5358
coreA 187 5814 80786 31.4396
coreA 188 5781 80317 31.4546
coreA 189 5791 79878 31.4505
coreA 190 5752 79404 31.3805
coreA 191 5724 78920 31.3335
coreA 192 5701 78483 31.3093
coreA 193 5710 78046 31.2688
coreA 194 5710 77553 31.2214
coreA 195 5701 77061 31.209
coreA 196 5667 76571 31.2416
coreA 197 5670 76065 31.1759
coreA 198 5643 75596 31.1768
coreA 199 5672 75070 31.1222
coreA 200 5592 74581 31.136
coreA 201 5603 74059 31.0894
coreA 202 5618 73584 31.032
coreA 203 5581 73103 31.0014
coreA 204 5571 72611 30.9828
coreA 205 5556 72146 30.987
coreA 206 5551 71660 30.9342
coreA 207 5538 71172 30.8946
coreA 208 5550 70623 30.8635
coreA 209 5528 70098 30.8446
coreA 210 5501 69589 30.796
coreA 211 5491 69098 30.7738
coreA 212 5488 68563 30.7374
coreA 213 5484 68088 30.7323
coreA 214 5429 67582 30.7118
coreA 215 5421 67080 30.6745
coreA 216 5396 66535 30.6451
coreA 217 5407 65991 30.6331
coreA 218 5364 65506 30.5985
coreA 219 5407 65041 30.5862
coreA 220 5338 64542 30.5178
coreA 221 5290 64015 30.5182
coreA 222 5308 63521 30.4929
coreA 223 5281 63036 30.4727
coreA 224 5260 62580 30.4369
coreA 225 5254 62062 31.3709
coreA 226 5245 61594 31.3503
coreA 227 5252 61128 31.2925
coreA 228 5219 60699 31.2853
coreA 229 5202 60235 31.2989
coreA 230 5177 59791 31.2562
coreA 231 5194 59352 31.2315
coreA 232 5157 58883 31.1915
coreA 233 5125 58431 31.2319
coreA 234 5131 57987 31.1783
coreA 235 5132 57550 31.1437
coreA 236 5072 57132 31.1269
coreA 237 5045 56613 31.1263
coreA 238 5050 56063 31.076
coreA 239 5015 55631 31.0514
coreA 240 4990 55213 31.0254
coreA 241 5020 54806 31.03
coreA 242 4997 54350 30.9677
coreA 243 4963 53915 30.9786
coreA 244 4944 53509 30.8918
coreA 245 4948 53015 30.9133
coreA 246 4924 52586 30.868
coreA 247 4896 52168 30.84
coreA 248 4914 51715 30.8459
coreA 249 4878 51318 30.7856
coreA 250 4870 50921 30.7518
coreA 251 4866 50479 30.7656
coreA 252 4814 50016 30.749
coreA 253 4800 49608 30.7023
coreA 254 4791 49190 30.683
coreA 255 4798 48755 30.6548
coreA 256 4743 48357 30.6284
coreA 257 4749 47938 30.6335
coreA 258 4690 47507 30.7029
coreA 259 4715 47073 30.6736
coreA 260 4658 46683 30.6785
coreA 261 4677 46267 30.6397
coreA 262 4633 45917 30.6333
coreA 263 4608 45498 30.5569
coreA 264 4641 45056 30.5533
coreA 265 4580 44628 30.523
coreA 266 4625 44184 30.5341
coreA 267 4563 43829 30.5178
coreA 268 4543 43447 30.5249
coreA 269 4536 43056 30.4871
coreA 270 4528 42658 30.5104
coreA 271 4518 42269 30.3933
coreA 272 4474 41852 30.3427
coreA 273 4489 41490 30.336
coreA 274 4443 41095 30.3419
coreA 275 4430 40683 30.3328
coreA 276 4396 40282 30.3473
coreA 277 4398 39898 30.3276
coreA 278 4391 39537 30.2935
coreA 279 4390 39181 30.2763
coreA 280 4348 38799 30.2753
coreA 281 4335 38407 30.2685
coreA 282 4323 38041 30.2417
coreA 283 4315 37671 30.2229
coreA 284 4275 37327 30.2111
coreA 285 4253 36940 30.213
coreA 286 4241 36590 30.1745
coreA 287 4205 36250 30.1222
coreA 288 4227 35908 30.172
coreA 289 4155 35511 30.0988
coreA 290 4161 35134 30.0919
coreA 291 4140 34831 30.0881
coreA 292 4121 34511 30.0883
coreA 293 4101 34114 30.0889
coreA 294 4068 33696 30.0266
coreA 295 4068 33294 30.0334
coreA 296 4050 32940 30.0015
coreA 297 4015 32574 29.9808
coreA 298 4049 32223 29.9782
coreA 299 4001 31865 29.9457
coreA 300 3989 31534 29.9422
coreA 301 3940 31212 29.9366
coreA 302 3922 30897 29.8911
coreA 303 3937 30555 29.875
coreA 304 3915 30238 29.8882
coreA 305 3905 29915 29.8459
coreA 306 3880 29610 29.8304
coreA 307 3831 29278 29.811
coreA 308 3809 28999 29.8221
coreA 309 3776 28694 29.817
coreA 310 3795 28379 29.8081
coreA 311 3793 28049 29.775
coreA 312 3767 27692 29.8431
coreA 313 3763 27414 29.7739
coreA 314 3730 27136 29.7643
coreB 1 1126 2017 12.0896
coreB 2 1649 1992 14.9417
coreB 3 1777 1992 11.8305
coreB 4 1826 1992 26.1675
coreB 5 1888 1628 25.9187
coreB 6 1913 1628 25.8121
coreB 7 1900 1628 25.8961
coreB 8 1936 1628 25.9057
coreB 9 1912 1628 25.676
coreB 10 1946 1628 26.6486
coreB 11 1990 1373 26.1823
coreB 12 1997 1373 26.2793
coreB 13 1997 1373 26.2899
coreB 14 1951 1373 26.3094
coreB 15 1993 1372 26.327
coreB 16 1986 915 26.9664
coreB 17 2013 915 26.9426
coreB 18 1960 914 26.9305
coreB 19 1974 909 26.9467
coreB 20 1949 837 26.9553
coreB 21 1959 741 27.0316
coreB 22 1978 721 26.9935
coreB 23 1964 719 26.3852
coreB 24 1945 648 26.1552
coreB 25 1952 641 26.4451
coreB 26 1947 635 25.8039
coreB 27 1933 628 25.8451
coreB 28 1938 621 25.7019
coreB 29 1926 615 25.8133
coreB 30 1907 610 25.8158
coreB 31 1916 604 26.4341
coreB 32 1918 599 25.7643
coreB 33 1917 594 25.8268
coreB 34 1867 590 25.9389
coreB 35 1882 586 25.7681
coreB 36 1865 582 25.7503
coreB 37 1901 577 25.9554
coreB 38 1832 572 26.2248
coreB 39 1828 569 26.5625
coreB 40 1848 564 26.5339
coreB 41 1844 560 26.1691
coreB 42 1829 557 25.7358
coreB 43 1841 553 26.1064
coreB 44 1822 550 25.7921
coreB 45 1793 546 25.8653
coreB 46 1807 543 25.8621
coreB 47 1781 540 25.9046
coreB 48 1826 537 26.1289
coreB 49 1803 534 25.7964
coreB 50 1772 531 25.8036
coreB 51 1777 528 25.7681
coreB 52 1814 525 26.394
coreB 53 1784 522 26.1177
coreB 54 1763 520 25.833
coreB 55 1746 518 25.6677
coreB 56 1744 516 25.7811
coreB 57 1730 514 25.8367
coreB 58 1738 511 26.4559
coreB 59 1762 509 25.836
coreB 60 1754 507 26.5894
coreB 61 1743 504 25.8493
coreB 62 1729 502 25.83
coreB 63 1701 500 25.7708
coreB 64 1714 498 25.7567
coreB 65 1709 496 26.1821
coreB 66 1707 494 25.8032
coreB 67 1725 492 25.8995
coreB 68 1724 491 25.7884
coreB 69 1722 489 25.8178
coreB 70 1665 488 26.1317
coreB 71 1666 486 25.8186
coreB 72 1680 484 25.8108
coreB 73 1704 482 26.0935
coreB 74 1665 480 25.7672
coreB 75 1679 479 25.9181
coreB 76 1647 477 25.758
coreB 77 1685 476 25.6301
coreB 78 1642 474 26.0615
coreB 79 1623 473 26.0295
coreB 80 1644 471 25.6929
coreB 81 1704 470 25.6503
coreB 82 1634 468 25.6301
coreB 83 1652 467 25.6471
coreB 84 1660 465 26.0836
coreB 85 1638 464 25.877
coreB 86 1666 463 26.008
coreB 87 1660 461 25.7101
coreB 88 1691 460 25.9524
coreB 89 1655 459 25.8779
coreB 90 1610 457 25.9582
coreB 91 1654 456 25.9451
coreB 92 1595 454 26.0763
coreB 93 1608 454 23.4172
coreB 94 1640 452 22.4885
coreB 95 1640 450 25.8289
coreB 96 1612 449 25.87
coreB 97 1588 448 26.5915
coreB 98 1652 447 26.5461
coreB 99 1646 446 25.8818
coreB 100 1628 444 26.5513
coreB 101 1601 443 26.5137
coreB 102 1636 442 25.8486
coreB 103 1649 441 25.9638
coreB 104 1656 440 25.8829
coreB 105 1635 438 25.9504
coreB 106 1636 438 26.4897
coreB 107 1602 436 25.8809
coreB 108 1644 435 25.797
coreB 109 1609 434 25.7132
coreB 110 1607 433 25.7986
coreB 111 1579 432 25.8508
coreB 112 1607 431 26.4583
coreB 113 1584 430 26.4252
coreB 114 1602 429 25.9406
coreB 115 1581 428 25.8058
coreB 116 1572 427 25.8582
coreB 117 1575 426 25.8191
coreB 118 1543 425 25.8293
coreB 119 1571 424 25.7733
coreB 120 1561 423 25.7591
coreB 121 1546 422 25.7482
coreB 122 1557 421 25.8726
coreB 123 1570 420 26.4654
coreB 124 1558 419 25.9093
coreB 125 1588 418 26.1196
coreB 126 1521 418 26.5547
coreB 127 1564 416 26.5273
coreB 128 1563 416 25.9273
coreB 129 1532 415 25.9772
coreB 130 1577 414 25.8792
coreB 131 1520 413 26.0483
coreB 132 1569 412 25.9579
coreB 133 1550 411 26.0054
coreB 134 1571 410 26.0002
coreB 135 1568 409 26.0208
coreB 136 1522 408 25.8584
coreB 137 1573 407 26.0534
coreB 138 1519 406 26.5202
coreB 139 1497 405 25.9473
coreB 140 1533 405 25.7652
coreB 141 1515 404 25.8077
coreB 142 1541 403 25.7185
coreB 143 1520 402 25.926
coreB 144 1529 401 25.8108
coreB 145 1506 401 26.1377
coreB 146 1529 400 25.9842
coreB 147 1550 399 25.952
coreB 148 1514 398 25.8244
coreB 149 1489 397 26.1531
coreB 150 1509 397 25.9525
coreB 151 1483 396 25.7907
coreB 152 1497 395 25.8966
coreB 153 1472 394 25.842
coreB 154 1482 393 25.8856
coreB 155 1520 392 26.5679
coreB 156 1482 392 25.865
coreB 157 1510 391 25.8449
coreB 158 1503 390 25.9261
coreB 159 1477 389 26.5371
coreB 160 1468 389 25.9627
coreB 161 1503 388 26.1682
coreB 162 1510 387 26.0165
coreB 163 1509 387 25.9952
coreB 164 1471 386 26.076
coreB 165 1430 386 25.9029
coreB 166 1480 385 25.9838
coreB 167 1465 384 25.979
coreB 168 1448 384 26.5758
coreB 169 1484 383 26.5859
coreB 170 1431 382 26.519
coreB 171 1443 381 26.5044
coreB 172 1475 381 26.5463
coreB 173 1448 380 25.8914
coreB 174 1460 379 25.9027
coreB 175 1444 379 26.5103
coreB 176 1402 378 26.4962
coreB 177 1453 377 26.5036
coreB 178 1400 377 25.7569
coreB 179 1451 376 25.9584
coreB 180 1420 376 25.7733
coreB 181 1437 375 25.794
coreB 182 1419 374 25.7555
coreB 183 1422 374 25.716
coreB 184 1441 373 25.9691
coreB 185 1462 373 26.4104
coreB 186 1419 372 25.7537
coreB 187 1428 371 25.6783
coreB 188 1415 371 25.7765
coreB 189 1429 370 25.7952
coreB 190 1432 369 25.7258
coreB 191 1389 368 25.6905
coreB 192 1422 368 25.8198
coreB 193 1401 367 25.6572
coreB 194 1447 367 26.4147
coreB 195 1400 366 26.3562
coreB 196 1422 366 26.3068
coreB 197 1441 365 25.7682
coreB 198 1457 364 25.6997
coreB 199 1418 364 26.3919
coreB 200 1407 363 25.8196
coreB 201 1428 363 26.4833
coreB 202 1420 362 26.3991
coreB 203 1394 361 25.8831
coreB 204 1409 361 26.5287
coreB 205 1401 360 25.9132
coreB 206 1366 360 25.8955
coreB 207 1417 359 26.5625
coreB 208 1364 359 25.9028
coreB 209 1386 358 25.8864
coreB 210 1403 358 25.9154
coreB 211 1449 357 26.589
coreB 212 1371 357 25.9927
coreB 213 1393 356 25.983
coreB 214 1395 356 25.8974
coreB 215 1395 355 26.0406
coreB 216 1429 355 25.7764
coreB 217 1380 354 25.8595
coreB 218 1358 354 26.1921
coreB 219 1388 353 25.8974
coreB 220 1351 353 26.0168
coreB 221 1382 352 26.5934
coreB 222 1352 352 25.9138
coreB 223 1335 351 26.4204
coreB 224 1389 351 25.8283
coreB 225 1364 350 25.7992
coreB 226 1359 350 25.7018
coreB 227 1344 349 25.7075
coreB 228 1362 348 25.8946
coreB 229 1363 348 25.7811
coreB 230 1360 347 25.8989
coreB 231 1359 347 25.8052
coreB 232 1320 346 25.8243
coreB 233 1353 346 25.7142
coreB 234 1334 345 25.7143
coreB 235 1355 345 26.3955
coreB 236 1330 344 25.8518
coreB 237 1321 344 25.6514
coreB 238 1293 343 25.6099
coreB 239 1340 343 25.6541
coreB 240 1327 342 25.6497
coreB 241 1327 342 25.6529
coreB 242 1312 342 25.708
coreB 243 1283 341 25.685
coreB 244 1327 341 25.7908
coreB 245 1308 340 25.7001
coreB 246 1295 340 25.7341
coreB 247 1293 339 25.9326
coreB 248 1306 339 25.9898
coreB 249 1290 339 25.91
coreB 250 1299 338 26.0279
coreB 251 1294 338 25.9637
coreB 252 1321 337 25.9976
coreB 253 1331 337 25.8305
coreB 254 1277 336 80.7826
coreB 255 1270 336 11.0827
coreB 256 1283 336 26.5413
coreB 257 1289 335 25.8639
coreB 258 1295 334 26.0717
coreB 259 1237 334 26.5398
coreB 260 1301 333 25.9823
coreB 261 1255 333 25.8675
coreB 262 1252 333 25.939
coreB 263 1266 332 25.9791
coreB 264 1235 332 26.1418
coreB 265 1265 331 26.0593
coreB 266 1272 331 25.9516
coreB 267 1254 331 26.5293
coreB 268 1270 330 26.024
coreB 269 1257 330 26.0234
coreB 270 1254 330 25.9083
coreB 271 1234 329 26.5093
coreB 272 1258 329 25.9029
coreB 273 1253 329 26.0458
coreB 274 1264 328 25.8905
coreB 275 1244 328 25.8514
coreB 276 1241 327 25.961
coreB 277 1269 327 26.1346
coreB 278 1236 327 25.9911
coreB 279 1242 326 26.0134
coreB 280 1273 326 26.5986
coreB 281 1244 326 26.5743
coreB 282 1222 326 25.8993
coreB 283 1232 325 26.0614
coreB 284 1203 325 25.9869
coreB 285 1243 324 25.9597
coreB 286 1249 324 25.9085
coreB 287 1201 324 26.5323
coreB 288 1220 323 26.5699
coreB 289 1238 323 25.9675
coreB 290 1223 323 25.9024
coreB 291 1229 322 25.9056
coreB 292 1226 322 25.8115
coreB 293 1213 322 25.9353
coreB 294 1212 321 25.9289
coreB 295 1199 321 25.9019
coreB 296 1194 321 25.871
coreB 297 1218 320 26.0883
coreB 298 1242 320 25.9083
coreB 299 1169 320 25.9116
coreB 300 1214 320 26.0061
coreB 301 1199 319 26.4778
coreB 302 1223 319 25.9882
coreB 303 1188 319 26.4647
coreB 304 1176 318 26.4549
coreB 305 1230 318 26.4974
coreB 306 1186 318 26.4834
coreB 307 1174 317 63.4941
coreB 308 1181 317 15.273
coreB 309 1216 316 15.435
coreB 310 1161 316 23.3936
coreB 311 1198 316 22.2366
coreB 312 1190 315 16.5157
coreB 313 1196 315 19.5389
coreB 314 1197 314 19.5269
total 4753.19
