coreA 1 6395 108622 12.7147
coreA 2 6395 108622 11.3933
coreA 3 6394 108622 10.3275
coreA 4 6397 108622 35.7683
coreA 5 6396 108622 36.3516
coreA 6 6395 108622 36.2515
coreA 7 6405 108622 36.1751
coreA 8 6403 108622 35.887
coreA 9 6410 108620 35.7871
coreA 10 6401 108620 36.2453
coreA 11 6401 108620 35.6823
coreA 12 6410 108620 35.7847
coreA 13 6414 108619 35.6952
coreA 14 6413 108618 36.0673
coreA 15 6418 108606 35.6751
coreA 16 6405 108606 35.7679
coreA 17 6412 108601 35.6273
coreA 18 6414 108600 35.4894
coreA 19 6401 108598 35.4353
coreA 20 6405 108594 35.4013
coreA 21 6419 108592 35.4231
coreA 22 6415 108591 35.8401
coreA 23 6417 108591 35.4906
coreA 24 6417 108590 35.7109
coreA 25 6430 108586 35.5738
coreA 26 6410 108582 35.4088
coreA 27 6416 108576 35.3768
coreA 28 6403 108572 35.3191
coreA 29 6419 108570 35.2621
coreA 30 6413 108566 35.1497
coreA 31 6415 108564 35.0928
coreA 32 6411 108563 35.0886
coreA 33 6416 108558 35.0608
coreA 34 6417 108555 34.9712
coreA 35 6414 108554 34.9172
coreA 36 6404 108554 35.1605
coreA 37 6398 108550 34.8051
coreA 38 6382 108545 35.0144
coreA 39 6418 108540 34.7578
coreA 40 6428 108531 34.8033
coreA 41 6431 108529 34.6148
coreA 42 6409 108522 34.5938
coreA 43 6398 108512 34.5649
coreA 44 6387 108502 34.5296
coreA 45 6406 108499 34.4631
coreA 46 6391 108489 34.4213
coreA 47 6409 108480 34.3457
coreA 48 6395 108474 34.3191
coreA 49 6398 108465 34.3306
coreA 50 6403 108456 34.2559
coreA 51 6396 108439 34.2612
coreA 52 6399 108430 87.0327
coreA 53 6386 108417 33.8969
coreA 54 6407 108407 25.0689
coreA 55 6379 108397 20.0938
coreA 56 6368 108381 34.1514
coreA 57 6394 108367 32.0943
coreA 58 6365 108352 33.8142
coreA 59 6380 108342 30.1
coreA 60 6388 108333 34.5877
coreA 61 6403 108320 34.2178
coreA 62 6375 108313 34.5108
coreA 63 6359 108293 34.1708
coreA 64 6369 108274 34.2465
coreA 65 6385 108256 34.0324
coreA 66 6403 108236 33.9155
coreA 67 6373 108217 33.8406
coreA 68 6379 108197 33.791
coreA 69 6390 108167 33.697
coreA 70 6395 108151 33.7229
coreA 71 6370 108127 33.7151
coreA 72 6368 108107 33.6664
coreA 73 6348 108070 33.6001
coreA 74 6399 108032 33.5543
coreA 75 6413 107996 33.4889
coreA 76 6412 107963 33.9233
coreA 77 6379 107938 32.8819
coreA 78 6348 107901 30.8694
coreA 79 6403 107868 24.742
coreA 80 6381 107827 33.3121
coreA 81 6369 107781 33.44
coreA 82 6411 107733 34.8819
coreA 83 6355 107688 155.485
coreA 84 6356 107644 33.1976
coreA 85 6370 107598 33.3309
coreA 86 6382 107541 28.6849
coreA 87 6360 107487 97.2096
coreA 88 6363 107409 17.8233
coreA 89 6355 107365 17.316
coreA 90 6366 107295 33.4526
coreA 91 6372 107220 35.2057
coreA 92 6354 107159 26.2796
coreA 93 6377 107110 37.3201
coreA 94 6342 107045 26.5355
coreA 95 6359 106978 32.7603
coreA 96 6322 106891 33.2067
coreA 97 6357 106803 29.3375
coreA 98 6338 106683 37.1386
coreA 99 6299 106582 26.711
coreA 100 6358 106489 32.6877
coreA 101 6321 106360 89.314
coreA 102 6322 106255 17.6954
coreA 103 6336 106140 33.219
coreA 104 6335 106033 32.7786
coreA 105 6305 105923 33.0632
coreA 106 6338 105802 32.7416
coreA 107 6286 105685 32.8819
coreA 108 6338 105549 32.6478
coreA 109 6272 105408 32.6267
coreA 110 6325 105237 32.5799
coreA 111 6347 105086 32.4979
coreA 112 6324 104968 32.4671
coreA 113 6286 104824 32.4484
coreA 114 6269 104686 32.436
coreA 115 6309 104530 32.4545
coreA 116 6294 104379 32.4186
coreA 117 6306 104231 32.2931
coreA 118 6274 104045 32.2412
coreA 119 6262 103867 32.229
coreA 120 6283 103717 32.1689
coreA 121 6281 103534 32.2619
coreA 122 6267 103337 121.716
coreA 123 6295 103159 32.2389
coreA 124 6244 102935 32.2711
coreA 125 6269 102709 32.3916
coreA 126 6271 102493 32.3541
coreA 127 6238 102299 32.7076
coreA 128 6229 102083 32.2109
coreA 129 6230 101870 32.3256
coreA 130 6214 101659 32.4803
coreA 131 6224 101451 32.5044
coreA 132 6199 101199 31.9961
coreA 133 6210 100946 32.0345
coreA 134 6235 100697 31.9706
coreA 135 6156 100422 31.9446
coreA 136 6197 100195 31.9113
coreA 137 6188 99941 31.9004
coreA 138 6212 99673 32.0417
coreA 139 6181 99416 32.2741
coreA 140 6177 99141 32.1897
coreA 141 6138 98825 32.1275
coreA 142 6162 98528 32.162
coreA 143 6146 98224 32.1823
coreA 144 6158 97923 32.175
coreA 145 6176 97589 32.1515
coreA 146 6117 97256 32.7862
coreA 147 6151 96883 32.2954
coreA 148 6092 96568 32.4897
coreA 149 6093 96248 32.3017
coreA 150 6131 95879 32.3426
coreA 151 6097 95516 32.2054
coreA 152 6117 95183 32.2029
coreA 153 6143 94801 32.148
coreA 154 6096 94426 32.1426
coreA 155 6108 94092 32.1117
coreA 156 6083 93744 32.0937
coreA 157 6075 93400 32.0901
coreA 158 6040 93034 32.0993
coreA 159 6078 92672 32.0616
coreA 160 6082 92322 32.0863
coreA 161 6065 91892 32.0499
coreA 162 6055 91504 32.0062
coreA 163 6022 91129 279.025
coreA 164 6043 90745 18.4907
coreA 165 6010 90324 32.3457
coreA 166 6033 89940 31.9045
coreA 167 5993 89569 32.0585
coreA 168 5988 89188 31.8801
coreA 169 5982 88777 31.9821
coreA 170 5942 88370 31.819
coreA 171 5911 87979 31.7735
coreA 172 5955 87565 31.7609
coreA 173 5934 87146 31.7306
coreA 174 5945 86723 31.7478
coreA 175 5846 86319 31.7289
coreA 176 5954 85885 31.726
coreA 177 5879 85502 31.6901
coreA 178 5887 85020 31.6605
coreA 179 5842 84562 31.8785
coreA 180 5861 84113 31.9245
coreA 181 5902 83602 32.1234
coreA 182 5821 83124 31.8485
coreA 183 5812 82668 31.9036
coreA 184 5868 82234 31.7762
coreA 185 5805 81702 31.7629
coreA 186 5805 81248 31.7244
coreA 187 5814 80786 31.7162
coreA 188 5781 80317 31.6876
coreA 189 5791 79878 31.6666
coreA 190 5752 79404 422.127
coreA 191 5724 78920 18.5684
coreA 192 5701 78483 15.8071
coreA 193 5710 78046 32.0927
coreA 194 5710 77553 31.6621
coreA 195 5701 77061 31.8071
coreA 196 5667 76571 31.598
coreA 197 5670 76065 31.6709
coreA 198 5643 75596 31.5548
coreA 199 5672 75070 31.506
coreA 200 5592 74581 31.4707
coreA 201 5603 74059 31.472
coreA 202 5618 73584 31.4791
coreA 203 5581 73103 31.6127
coreA 204 5571 72611 31.248
coreA 205 5556 72146 31.3881
coreA 206 5551 71660 31.1995
coreA 207 5538 71172 31.2832
coreA 208 5550 70623 31.1183
coreA 209 5528 70098 31.1411
coreA 210 5501 69589 31.0645
coreA 211 5491 69098 31.0632
coreA 212 5488 68563 31.0385
coreA 213 5484 68088 31.013
coreA 214 5429 67582 31.0527
coreA 215 5421 67080 31.0167
coreA 216 5396 66535 30.9463
coreA 217 5407 65991 30.9088
coreA 218 5364 65506 30.9172
coreA 219 5407 65041 30.8519
coreA 220 5338 64542 30.833
coreA 221 5290 64015 30.8089
coreA 222 5308 63521 31.1761
coreA 223 5281 63036 30.6716
coreA 224 5260 62580 30.7972
coreA 225 5254 62062 31.5694
coreA 226 5245 61594 31.7446
coreA 227 5252 61128 31.4829
coreA 228 5219 60699 31.5223
coreA 229 5202 60235 31.4957
coreA 230 5177 59791 31.4657
coreA 231 5194 59352 31.4502
coreA 232 5157 58883 31.403
coreA 233 5125 58431 31.4794
coreA 234 5131 57987 31.383
coreA 235 5132 57550 31.3829
coreA 236 5072 57132 31.3398
coreA 237 5045 56613 31.3413
coreA 238 5050 56063 31.2851
coreA 239 5015 55631 31.3333
coreA 240 4990 55213 216.077
coreA 241 5020 54806 31.2641
coreA 242 4997 54350 31.2201
coreA 243 4963 53915 31.1791
coreA 244 4944 53509 31.1264
coreA 245 4948 53015 31.1624
coreA 246 4924 52586 31.2681
coreA 247 4896 52168 31.2496
coreA 248 4914 51715 188.698
coreA 249 4878 51318 14.3531
coreA 250 4870 50921 31.0295
coreA 251 4866 50479 31.022
coreA 252 4814 50016 31.0045
coreA 253 4800 49608 262.804
coreA 254 4791 49190 19.5447
coreA 255 4798 48755 17.5828
coreA 256 4743 48357 31.603
coreA 257 4749 47938 31.1805
coreA 258 4690 47507 31.3193
coreA 259 4715 47073 31.142
coreA 260 4658 46683 31.3078
coreA 261 4677 46267 31.0761
coreA 262 4633 45917 31.0527
coreA 263 4608 45498 31.0326
coreA 264 4641 45056 31.0027
coreA 265 4580 44628 31.0087
coreA 266 4625 44184 30.8876
coreA 267 4563 43829 30.9026
coreA 268 4543 43447 30.859
coreA 269 4536 43056 30.863
coreA 270 4528 42658 30.8387
coreA 271 4518 42269 30.7943
coreA 272 4474 41852 30.6168
coreA 273 4489 41490 114.523
coreA 274 4443 41095 12.3851
coreA 275 4430 40683 30.6584
coreA 276 4396 40282 30.6589
coreA 277 4398 39898 30.6632
coreA 278 4391 39537 30.6542
coreA 279 4390 39181 30.6434
coreA 280 4348 38799 30.6086
coreA 281 4335 38407 30.9833
coreA 282 4323 38041 31.3118
coreA 283 4315 37671 219.377
coreA 284 4275 37327 16.2614
coreA 285 4253 36940 15.8048
coreA 286 4241 36590 213.165
coreA 287 4205 36250 16.4974
coreA 288 4227 35908 14.5391
coreA 289 4155 35511 30.5084
coreA 290 4161 35134 30.513
coreA 291 4140 34831 30.5275
coreA 292 4121 34511 30.5121
coreA 293 4101 34114 30.5194
coreA 294 4068 33696 30.5362
coreA 295 4068 33294 30.3976
coreA 296 4050 32940 30.3759
coreA 297 4015 32574 91.0767
coreA 298 4049 32223 30.3567
coreA 299 4001 31865 30.2951
coreA 300 3989 31534 27.4121
coreA 301 3940 31212 165.214
coreA 302 3922 30897 12.5293
coreA 303 3937 30555 12.66
coreA 304 3915 30238 30.3561
coreA 305 3905 29915 30.2986
coreA 306 3880 29610 30.2575
coreA 307 3831 29278 30.0188
coreA 308 3809 28999 25.6602
coreA 309 3776 28694 18.9228
coreA 310 3795 28379 152.681
coreA 311 3793 28049 12.2009
coreA 312 3767 27692 11.6584
coreA 313 3763 27414 30.0752
coreA 314 3730 27136 34.7458
coreB 1 1126 2017 6.91827
coreB 2 1649 1992 8.53381
coreB 3 1777 1992 6.92637
coreB 4 1826 1992 7.59264
coreB 5 1888 1628 14.1322
coreB 6 1913 1628 27.2901
coreB 7 1900 1628 26.6898
coreB 8 1936 1628 27.4821
coreB 9 1912 1628 26.5943
coreB 10 1946 1628 28.1193
coreB 11 1990 1373 27.0049
coreB 12 1997 1373 26.9508
coreB 13 1997 1373 27.104
coreB 14 1951 1373 27.0417
coreB 15 1993 1372 27.0983
coreB 16 1986 915 27.7191
coreB 17 2013 915 27.7009
coreB 18 1960 914 27.702
coreB 19 1974 909 27.7298
coreB 20 1949 837 27.6829
coreB 21 1959 741 27.7393
coreB 22 1978 721 27.6667
coreB 23 1964 719 27.0604
coreB 24 1945 648 195.139
coreB 25 1952 641 6.7365
coreB 26 1947 635 7.76799
coreB 27 1933 628 6.91069
coreB 28 1938 621 8.1301
coreB 29 1926 615 7.20165
coreB 30 1907 610 7.68351
coreB 31 1916 604 6.96655
coreB 32 1918 599 6.10109
coreB 33 1917 594 6.34822
coreB 34 1867 590 6.35643
coreB 35 1882 586 6.62074
coreB 36 1865 582 6.0771
coreB 37 1901 577 6.31865
coreB 38 1832 572 6.44739
coreB 39 1828 569 6.09784
coreB 40 1848 564 6.12409
coreB 41 1844 560 5.81589
coreB 42 1829 557 5.32299
coreB 43 1841 553 5.60502
coreB 44 1822 550 5.45826
coreB 45 1793 546 5.4951
coreB 46 1807 543 5.52371
coreB 47 1781 540 5.68637
coreB 48 1826 537 5.62805
coreB 49 1803 534 5.4184
coreB 50 1772 531 5.29995
coreB 51 1777 528 5.34233
coreB 52 1814 525 5.67513
coreB 53 1784 522 5.64864
coreB 54 1763 520 5.54253
coreB 55 1746 518 5.26857
coreB 56 1744 516 5.42558
coreB 57 1730 514 5.3969
coreB 58 1738 511 5.68116
coreB 59 1762 509 5.40982
coreB 60 1754 507 5.68853
coreB 61 1743 504 5.41134
coreB 62 1729 502 5.47639
coreB 63 1701 500 5.40579
coreB 64 1714 498 5.33433
coreB 65 1709 496 5.71981
coreB 66 1707 494 5.29397
coreB 67 1725 492 5.54492
coreB 68 1724 491 5.39178
coreB 69 1722 489 5.402
coreB 70 1665 488 5.64851
coreB 71 1666 486 5.49106
coreB 72 1680 484 5.47051
coreB 73 1704 482 5.63638
coreB 74 1665 480 5.50428
coreB 75 1679 479 5.83614
coreB 76 1647 477 5.5434
coreB 77 1685 476 5.26577
coreB 78 1642 474 5.58955
coreB 79 1623 473 5.65618
coreB 80 1644 471 5.40541
coreB 81 1704 470 5.28816
coreB 82 1634 468 5.26773
coreB 83 1652 467 5.26829
coreB 84 1660 465 5.49588
coreB 85 1638 464 5.27199
coreB 86 1666 463 5.33404
coreB 87 1660 461 5.24884
coreB 88 1691 460 5.47562
coreB 89 1655 459 5.33408
coreB 90 1610 457 5.32304
coreB 91 1654 456 5.34183
coreB 92 1595 454 5.53937
coreB 93 1608 454 5.43381
coreB 94 1640 452 5.3302
coreB 95 1640 450 5.31699
coreB 96 1612 449 5.38378
coreB 97 1588 448 5.69444
coreB 98 1652 447 5.77561
coreB 99 1646 446 5.30105
coreB 100 1628 444 5.74466
coreB 101 1601 443 5.79194
coreB 102 1636 442 5.39806
coreB 103 1649 441 5.40963
coreB 104 1656 440 5.52262
coreB 105 1635 438 5.59407
coreB 106 1636 438 5.81706
coreB 107 1602 436 5.57786
coreB 108 1644 435 5.42236
coreB 109 1609 434 5.32364
coreB 110 1607 433 5.31893
coreB 111 1579 432 5.57351
coreB 112 1607 431 5.73646
coreB 113 1584 430 5.78292
coreB 114 1602 429 5.62699
coreB 115 1581 428 5.50593
coreB 116 1572 427 5.53162
coreB 117 1575 426 5.51895
coreB 118 1543 425 5.38863
coreB 119 1571 424 5.38046
coreB 120 1561 423 5.43283
coreB 121 1546 422 5.41756
coreB 122 1557 421 5.66844
coreB 123 1570 420 5.83476
coreB 124 1558 419 5.58475
coreB 125 1588 418 5.79733
coreB 126 1521 418 5.81548
coreB 127 1564 416 5.82552
coreB 128 1563 416 7.39633
coreB 129 1532 415 7.13191
coreB 130 1577 414 7.62321
coreB 131 1520 413 7.99169
coreB 132 1569 412 7.41429
coreB 133 1550 411 7.88806
coreB 134 1571 410 7.23565
coreB 135 1568 409 7.48892
coreB 136 1522 408 7.05813
coreB 137 1573 407 7.91921
coreB 138 1519 406 7.75987
coreB 139 1497 405 7.10747
coreB 140 1533 405 7.406
coreB 141 1515 404 7.209
coreB 142 1541 403 7.93859
coreB 143 1520 402 7.41436
coreB 144 1529 401 7.40928
coreB 145 1506 401 8.01626
coreB 146 1529 400 7.63569
coreB 147 1550 399 7.33539
coreB 148 1514 398 7.52667
coreB 149 1489 397 7.6984
coreB 150 1509 397 7.78004
coreB 151 1483 396 7.71322
coreB 152 1497 395 7.68552
coreB 153 1472 394 7.66576
coreB 154 1482 393 7.28346
coreB 155 1520 392 8.21335
coreB 156 1482 392 7.41863
coreB 157 1510 391 7.62309
coreB 158 1503 390 7.66941
coreB 159 1477 389 8.55039
coreB 160 1468 389 7.31294
coreB 161 1503 388 8.07306
coreB 162 1510 387 7.56639
coreB 163 1509 387 8.41651
coreB 164 1471 386 8.0572
coreB 165 1430 386 7.57406
coreB 166 1480 385 7.6091
coreB 167 1465 384 7.9256
coreB 168 1448 384 7.50719
coreB 169 1484 383 8.07706
coreB 170 1431 382 7.75598
coreB 171 1443 381 7.55117
coreB 172 1475 381 8.25731
coreB 173 1448 380 7.41337
coreB 174 1460 379 7.30992
coreB 175 1444 379 8.91913
coreB 176 1402 378 7.75438
coreB 177 1453 377 8.13905
coreB 178 1400 377 8.09326
coreB 179 1451 376 7.68724
coreB 180 1420 376 7.81229
coreB 181 1437 375 7.39954
coreB 182 1419 374 7.45729
coreB 183 1422 374 7.18959
coreB 184 1441 373 7.82357
coreB 185 1462 373 8.61048
coreB 186 1419 372 7.4655
coreB 187 1428 371 7.68838
coreB 188 1415 371 7.54906
coreB 189 1429 370 7.8361
coreB 190 1432 369 7.8615
coreB 191 1389 368 7.51843
coreB 192 1422 368 8.11318
coreB 193 1401 367 7.53815
coreB 194 1447 367 8.00932
coreB 195 1400 366 8.6375
coreB 196 1422 366 8.60211
coreB 197 1441 365 7.715
coreB 198 1457 364 7.55368
coreB 199 1418 364 7.81781
coreB 200 1407 363 7.8839
coreB 201 1428 363 8.41584
coreB 202 1420 362 7.76734
coreB 203 1394 361 8.07623
coreB 204 1409 361 7.51202
coreB 205 1401 360 7.33605
coreB 206 1366 360 7.56546
coreB 207 1417 359 8.40017
coreB 208 1364 359 5.39988
coreB 209 1386 358 5.4347
coreB 210 1403 358 5.4535
coreB 211 1449 357 5.90147
coreB 212 1371 357 5.77712
coreB 213 1393 356 5.71788
coreB 214 1395 356 5.54392
coreB 215 1395 355 5.64823
coreB 216 1429 355 5.51251
coreB 217 1380 354 5.495
coreB 218 1358 354 6.04089
coreB 219 1388 353 5.56953
coreB 220 1351 353 5.64705
coreB 221 1382 352 5.90338
coreB 222 1352 352 5.48164
coreB 223 1335 351 5.82298
coreB 224 1389 351 5.63709
coreB 225 1364 350 5.73296
coreB 226 1359 350 5.4926
coreB 227 1344 349 5.43167
coreB 228 1362 348 5.78298
coreB 229 1363 348 5.47661
coreB 230 1360 347 5.6737
coreB 231 1359 347 5.52709
coreB 232 1320 346 5.6703
coreB 233 1353 346 6.88179
coreB 234 1334 345 7.21335
coreB 235 1355 345 7.59506
coreB 236 1330 344 7.58453
coreB 237 1321 344 7.90616
coreB 238 1293 343 7.23811
coreB 239 1340 343 7.02569
coreB 240 1327 342 7.06174
coreB 241 1327 342 7.62812
coreB 242 1312 342 7.14501
coreB 243 1283 341 6.91847
coreB 244 1327 341 7.45572
coreB 245 1308 340 7.16025
coreB 246 1295 340 7.09495
coreB 247 1293 339 7.53137
coreB 248 1306 339 7.64141
coreB 249 1290 339 7.51703
coreB 250 1299 338 7.13438
coreB 251 1294 338 8.02127
coreB 252 1321 337 7.45976
coreB 253 1331 337 7.45964
coreB 254 1277 336 7.37307
coreB 255 1270 336 7.66291
coreB 256 1283 336 7.45325
coreB 257 1289 335 7.35221
coreB 258 1295 334 7.75516
coreB 259 1237 334 7.40102
coreB 260 1301 333 7.13239
coreB 261 1255 333 7.04127
coreB 262 1252 333 7.43241
coreB 263 1266 332 7.45622
coreB 264 1235 332 7.7729
coreB 265 1265 331 7.44411
coreB 266 1272 331 7.73794
coreB 267 1254 331 7.4449
coreB 268 1270 330 7.38329
coreB 269 1257 330 7.12441
coreB 270 1254 330 7.10713
coreB 271 1234 329 8.24672
coreB 272 1258 329 7.6898
coreB 273 1253 329 7.64692
coreB 274 1264 328 7.77957
coreB 275 1244 328 7.74218
coreB 276 1241 327 7.23691
coreB 277 1269 327 7.60602
coreB 278 1236 327 8.00567
coreB 279 1242 326 7.58866
coreB 280 1273 326 8.40163
coreB 281 1244 326 7.54858
coreB 282 1222 326 7.2482
coreB 283 1232 325 7.38291
coreB 284 1203 325 7.76606
coreB 285 1243 324 7.52406
coreB 286 1249 324 7.0539
coreB 287 1201 324 7.64075
coreB 288 1220 323 7.99316
coreB 289 1238 323 7.28735
coreB 290 1223 323 7.1176
coreB 291 1229 322 7.75274
coreB 292 1226 322 7.32605
coreB 293 1213 322 7.62268
coreB 294 1212 321 7.35695
coreB 295 1199 321 7.44345
coreB 296 1194 321 8.28045
coreB 297 1218 320 8.01099
coreB 298 1242 320 7.67068
coreB 299 1169 320 7.65579
coreB 300 1214 320 7.90561
coreB 301 1199 319 7.35911
coreB 302 1223 319 8.33083
coreB 303 1188 319 7.7713
coreB 304 1176 318 7.69936
coreB 305 1230 318 7.39841
coreB 306 1186 318 7.79432
coreB 307 1174 317 7.27168
coreB 308 1181 317 7.51399
coreB 309 1216 316 7.57438
coreB 310 1161 316 8.1165
coreB 311 1198 316 7.58174
coreB 312 1190 315 7.90707
coreB 313 1196 315 7.22606
coreB 314 1197 314 7.58869
total 2082.38
coreA 1 6395 108622 529.052
coreA 2 6395 108622 34.3858
coreA 3 6394 108622 34.2541
coreA 4 6397 108622 35.0612
coreA 5 6396 108622 36.1583
coreA 6 6395 108622 35.9888
coreA 7 6405 108622 36.0614
coreA 8 6403 108622 35.799
coreA 9 6410 108620 35.6037
coreA 10 6401 108620 35.5387
coreA 11 6401 108620 35.4335
coreA 12 6410 108620 35.507
coreA 13 6414 108619 35.5014
coreA 14 6413 108618 35.5092
coreA 15 6418 108606 35.5163
coreA 16 6405 108606 35.4782
coreA 17 6412 108601 35.4171
coreA 18 6414 108600 35.3276
coreA 19 6401 108598 35.3093
coreA 20 6405 108594 35.2721
coreA 21 6419 108592 35.3022
coreA 22 6415 108591 35.2578
coreA 23 6417 108591 35.2672
coreA 24 6417 108590 35.2613
coreA 25 6430 108586 35.1818
coreA 26 6410 108582 35.1978
coreA 27 6416 108576 35.185
coreA 28 6403 108572 35.1206
coreA 29 6419 108570 35.0686
coreA 30 6413 108566 34.9733
coreA 31 6415 108564 34.9429
coreA 32 6411 108563 34.8775
coreA 33 6416 108558 34.8677
coreA 34 6417 108555 34.7595
coreA 35 6414 108554 34.7757
coreA 36 6404 108554 34.731
coreA 37 6398 108550 34.6926
coreA 38 6382 108545 34.6395
coreA 39 6418 108540 34.6031
coreA 40 6428 108531 34.5345
coreA 41 6431 108529 34.4952
coreA 42 6409 108522 34.4916
coreA 43 6398 108512 34.4398
coreA 44 6387 108502 34.3994
coreA 45 6406 108499 34.3099
coreA 46 6391 108489 34.3227
coreA 47 6409 108480 34.2302
coreA 48 6395 108474 34.1761
coreA 49 6398 108465 129.156
coreA 50 6403 108456 114.924
coreA 51 6396 108439 34.0742
coreA 52 6399 108430 131.64
coreA 53 6386 108417 147.307
coreA 54 6407 108407 34.1389
coreA 55 6379 108397 133.859
coreA 56 6368 108381 34.114
coreA 57 6394 108367 34.0623
coreA 58 6365 108352 33.9603
coreA 59 6380 108342 33.9833
coreA 60 6388 108333 33.9842
coreA 61 6403 108320 33.9351
coreA 62 6375 108313 33.9081
coreA 63 6359 108293 33.8507
coreA 64 6369 108274 33.8151
coreA 65 6385 108256 33.7354
coreA 66 6403 108236 33.6844
coreA 67 6373 108217 33.6162
coreA 68 6379 108197 33.5531
coreA 69 6390 108167 33.4618
coreA 70 6395 108151 33.4637
coreA 71 6370 108127 33.4043
coreA 72 6368 108107 33.4254
coreA 73 6348 108070 33.4231
coreA 74 6399 108032 33.37
coreA 75 6413 107996 33.3373
coreA 76 6412 107963 33.2988
coreA 77 6379 107938 33.3055
coreA 78 6348 107901 33.2547
coreA 79 6403 107868 33.1612
coreA 80 6381 107827 33.2544
coreA 81 6369 107781 34.2994
coreA 82 6411 107733 33.014
coreA 83 6355 107688 32.9838
coreA 84 6356 107644 32.9629
coreA 85 6370 107598 32.9467
coreA 86 6382 107541 32.9133
coreA 87 6360 107487 32.9019
coreA 88 6363 107409 32.9125
coreA 89 6355 107365 32.8726
coreA 90 6366 107295 32.8355
coreA 91 6372 107220 32.9099
coreA 92 6354 107159 148.777
coreA 93 6377 107110 32.7827
coreA 94 6342 107045 32.8095
coreA 95 6359 106978 32.7221
coreA 96 6322 106891 32.7561
coreA 97 6357 106803 32.7694
coreA 98 6338 106683 32.6495
coreA 99 6299 106582 32.6464
coreA 100 6358 106489 32.5864
coreA 101 6321 106360 32.6753
coreA 102 6322 106255 32.5831
coreA 103 6336 106140 32.5594
coreA 104 6335 106033 32.5025
coreA 105 6305 105923 32.4188
coreA 106 6338 105802 32.4398
coreA 107 6286 105685 32.4084
coreA 108 6338 105549 32.4877
coreA 109 6272 105408 32.4705
coreA 110 6325 105237 32.4333
coreA 111 6347 105086 32.387
coreA 112 6324 104968 32.4104
coreA 113 6286 104824 32.4117
coreA 114 6269 104686 32.3991
coreA 115 6309 104530 32.2606
coreA 116 6294 104379 32.2556
coreA 117 6306 104231 32.1425
coreA 118 6274 104045 32.2251
coreA 119 6262 103867 32.0955
coreA 120 6283 103717 32.1441
coreA 121 6281 103534 32.2776
coreA 122 6267 103337 83.2433
coreA 123 6295 103159 83.0446
coreA 124 6244 102935 32.9498
coreA 125 6269 102709 32.3095
coreA 126 6271 102493 32.2727
coreA 127 6238 102299 32.2859
coreA 128 6229 102083 32.2236
coreA 129 6230 101870 32.1594
coreA 130 6214 101659 32.1882
coreA 131 6224 101451 32.1312
coreA 132 6199 101199 64.1008
coreA 133 6210 100946 64.0833
coreA 134 6235 100697 31.963
coreA 135 6156 100422 31.8695
coreA 136 6197 100195 31.8066
coreA 137 6188 99941 31.7796
coreA 138 6212 99673 69.0619
coreA 139 6181 99416 32.2173
coreA 140 6177 99141 33.2609
coreA 141 6138 98825 31.9754
coreA 142 6162 98528 64.5057
coreA 143 6146 98224 95.747
coreA 144 6158 97923 32.005
coreA 145 6176 97589 31.9654
coreA 146 6117 97256 32.1105
coreA 147 6151 96883 32.0991
coreA 148 6092 96568 32.0526
coreA 149 6093 96248 32.0664
coreA 150 6131 95879 32.0424
coreA 151 6097 95516 32.0149
coreA 152 6117 95183 32.0177
coreA 153 6143 94801 31.9574
coreA 154 6096 94426 31.9648
coreA 155 6108 94092 31.9568
coreA 156 6083 93744 31.951
coreA 157 6075 93400 31.9368
coreA 158 6040 93034 31.9173
coreA 159 6078 92672 31.8454
coreA 160 6082 92322 31.9043
coreA 161 6065 91892 31.8989
coreA 162 6055 91504 32.8894
coreA 163 6022 91129 31.9405
coreA 164 6043 90745 33.5758
coreA 165 6010 90324 34.0995
coreA 166 6033 89940 33.9353
coreA 167 5993 89569 34.616
coreA 168 5988 89188 33.414
coreA 169 5982 88777 32.673
coreA 170 5942 88370 31.9464
coreA 171 5911 87979 51.8158
coreA 172 5955 87565 33.0334
coreA 173 5934 87146 31.5444
coreA 174 5945 86723 51.5531
coreA 175 5846 86319 31.1965
coreA 176 5954 85885 31.8502
coreA 177 5879 85502 31.5626
coreA 178 5887 85020 31.4479
coreA 179 5842 84562 31.3883
coreA 180 5861 84113 31.8063
coreA 181 5902 83602 31.8096
coreA 182 5821 83124 31.7779
coreA 183 5812 82668 31.7711
coreA 184 5868 82234 31.7445
coreA 185 5805 81702 31.7271
coreA 186 5805 81248 31.8396
coreA 187 5814 80786 31.8096
coreA 188 5781 80317 31.7487
coreA 189 5791 79878 31.7674
coreA 190 5752 79404 31.7302
coreA 191 5724 78920 31.6906
coreA 192 5701 78483 31.4746
coreA 193 5710 78046 31.419
coreA 194 5710 77553 31.3808
coreA 195 5701 77061 31.375
coreA 196 5667 76571 31.3496
coreA 197 5670 76065 31.3424
coreA 198 5643 75596 31.3293
coreA 199 5672 75070 31.2842
coreA 200 5592 74581 31.228
coreA 201 5603 74059 31.2457
coreA 202 5618 73584 31.2137
coreA 203 5581 73103 31.1508
coreA 204 5571 72611 31.1161
coreA 205 5556 72146 31.0927
coreA 206 5551 71660 31.0898
coreA 207 5538 71172 31.0656
coreA 208 5550 70623 31.0585
coreA 209 5528 70098 31.0027
coreA 210 5501 69589 30.9811
coreA 211 5491 69098 31.0471
coreA 212 5488 68563 31.0656
coreA 213 5484 68088 31.0717
coreA 214 5429 67582 31.0113
coreA 215 5421 67080 30.9571
coreA 216 5396 66535 31.0018
coreA 217 5407 65991 30.9397
coreA 218 5364 65506 30.7912
coreA 219 5407 65041 30.7527
coreA 220 5338 64542 30.7818
coreA 221 5290 64015 30.7586
coreA 222 5308 63521 30.7137
coreA 223 5281 63036 30.6467
coreA 224 5260 62580 30.646
coreA 225 5254 62062 31.5212
coreA 226 5245 61594 31.5609
coreA 227 5252 61128 31.4927
coreA 228 5219 60699 31.4709
coreA 229 5202 60235 31.4835
coreA 230 5177 59791 31.4605
coreA 231 5194 59352 31.4651
coreA 232 5157 58883 31.4802
coreA 233 5125 58431 31.4678
coreA 234 5131 57987 31.4425
coreA 235 5132 57550 31.4116
coreA 236 5072 57132 31.3621
coreA 237 5045 56613 31.3469
coreA 238 5050 56063 31.3216
coreA 239 5015 55631 31.2451
coreA 240 4990 55213 31.2642
coreA 241 5020 54806 31.1515
coreA 242 4997 54350 31.1853
coreA 243 4963 53915 31.142
coreA 244 4944 53509 31.1395
coreA 245 4948 53015 31.1012
coreA 246 4924 52586 31.057
coreA 247 4896 52168 31.0485
coreA 248 4914 51715 31.0598
coreA 249 4878 51318 31.1237
coreA 250 4870 50921 31.0338
coreA 251 4866 50479 31.0113
coreA 252 4814 50016 30.9862
coreA 253 4800 49608 30.9338
coreA 254 4791 49190 30.9102
coreA 255 4798 48755 30.9769
coreA 256 4743 48357 30.9186
coreA 257 4749 47938 30.8533
coreA 258 4690 47507 30.9122
coreA 259 4715 47073 30.8401
coreA 260 4658 46683 30.8557
coreA 261 4677 46267 30.8157
coreA 262 4633 45917 30.7929
coreA 263 4608 45498 30.8199
coreA 264 4641 45056 30.8338
coreA 265 4580 44628 30.8012
coreA 266 4625 44184 30.8246
coreA 267 4563 43829 30.8451
coreA 268 4543 43447 30.8187
coreA 269 4536 43056 30.8033
coreA 270 4528 42658 30.7019
coreA 271 4518 42269 30.5042
coreA 272 4474 41852 30.5091
coreA 273 4489 41490 178.318
coreA 274 4443 41095 30.6216
coreA 275 4430 40683 30.5726
coreA 276 4396 40282 30.5584
coreA 277 4398 39898 30.4723
coreA 278 4391 39537 30.4085
coreA 279 4390 39181 30.3961
coreA 280 4348 38799 30.4225
coreA 281 4335 38407 30.4403
coreA 282 4323 38041 30.4201
coreA 283 4315 37671 30.5764
coreA 284 4275 37327 30.4594
coreA 285 4253 36940 30.4595
coreA 286 4241 36590 30.3472
coreA 287 4205 36250 30.3399
coreA 288 4227 35908 56.9689
coreA 289 4155 35511 30.3558
coreA 290 4161 35134 30.394
coreA 291 4140 34831 30.3359
coreA 292 4121 34511 30.3049
coreA 293 4101 34114 30.3275
coreA 294 4068 33696 30.2981
coreA 295 4068 33294 30.3084
coreA 296 4050 32940 30.2711
coreA 297 4015 32574 30.2888
coreA 298 4049 32223 30.2391
coreA 299 4001 31865 30.2223
coreA 300 3989 31534 121.643
coreA 301 3940 31212 30.2065
coreA 302 3922 30897 103.232
coreA 303 3937 30555 93.9397
coreA 304 3915 30238 30.1309
coreA 305 3905 29915 30.1429
coreA 306 3880 29610 30.1545
coreA 307 3831 29278 30.1635
coreA 308 3809 28999 30.103
coreA 309 3776 28694 30.1142
coreA 310 3795 28379 30.0174
coreA 311 3793 28049 30.0507
coreA 312 3767 27692 30.0354
coreA 313 3763 27414 30.033
coreA 314 3730 27136 30.0372
coreB 1 1126 2017 6.27842
coreB 2 1649 1992 27.0284
coreB 3 1777 1992 26.5384
coreB 4 1826 1992 26.7887
coreB 5 1888 1628 26.3552
coreB 6 1913 1628 26.509
coreB 7 1900 1628 26.6813
coreB 8 1936 1628 26.6949
coreB 9 1912 1628 26.3944
coreB 10 1946 1628 27.2661
coreB 11 1990 1373 240.441
coreB 12 1997 1373 26.9798
coreB 13 1997 1373 26.9718
coreB 14 1951 1373 26.8073
coreB 15 1993 1372 26.9684
coreB 16 1986 915 1157.22
coreB 17 2013 915 27.5008
coreB 18 1960 914 27.5384
coreB 19 1974 909 27.4697
coreB 20 1949 837 27.4086
coreB 21 1959 741 27.4911
coreB 22 1978 721 27.5759
coreB 23 1964 719 26.8992
coreB 24 1945 648 26.6471
coreB 25 1952 641 26.9893
coreB 26 1947 635 26.3451
coreB 27 1933 628 26.3752
coreB 28 1938 621 26.558
coreB 29 1926 615 26.6315
coreB 30 1907 610 26.582
coreB 31 1916 604 27.0504
coreB 32 1918 599 26.3984
coreB 33 1917 594 26.3959
coreB 34 1867 590 26.4132
coreB 35 1882 586 26.2854
coreB 36 1865 582 26.3776
coreB 37 1901 577 26.4019
coreB 38 1832 572 26.7754
coreB 39 1828 569 27.1292
coreB 40 1848 564 27.181
coreB 41 1844 560 26.7758
coreB 42 1829 557 26.4816
coreB 43 1841 553 26.7846
coreB 44 1822 550 26.5441
coreB 45 1793 546 26.4796
coreB 46 1807 543 26.4766
coreB 47 1781 540 26.5126
coreB 48 1826 537 26.7977
coreB 49 1803 534 26.5884
coreB 50 1772 531 26.3343
coreB 51 1777 528 26.5801
coreB 52 1814 525 27.0201
coreB 53 1784 522 26.7334
coreB 54 1763 520 26.7262
coreB 55 1746 518 26.5981
coreB 56 1744 516 26.659
coreB 57 1730 514 26.5117
coreB 58 1738 511 27.1459
coreB 59 1762 509 26.4571
coreB 60 1754 507 27.1141
coreB 61 1743 504 26.4786
coreB 62 1729 502 26.509
coreB 63 1701 500 26.4891
coreB 64 1714 498 26.4719
coreB 65 1709 496 26.8893
coreB 66 1707 494 26.4561
coreB 67 1725 492 26.5025
coreB 68 1724 491 26.5052
coreB 69 1722 489 26.8707
coreB 70 1665 488 27.0852
coreB 71 1666 486 26.56
coreB 72 1680 484 26.937
coreB 73 1704 482 27.1061
coreB 74 1665 480 26.734
coreB 75 1679 479 26.7878
coreB 76 1647 477 26.5234
coreB 77 1685 476 26.3496
coreB 78 1642 474 26.8211
coreB 79 1623 473 26.8553
coreB 80 1644 471 26.4728
coreB 81 1704 470 26.4498
coreB 82 1634 468 26.8609
coreB 83 1652 467 26.8341
coreB 84 1660 465 27.0265
coreB 85 1638 464 26.9333
coreB 86 1666 463 26.6313
coreB 87 1660 461 26.2592
coreB 88 1691 460 26.8492
coreB 89 1655 459 26.6299
coreB 90 1610 457 26.5185
coreB 91 1654 456 26.5587
coreB 92 1595 454 26.6437
coreB 93 1608 454 26.5771
coreB 94 1640 452 26.5378
coreB 95 1640 450 26.5157
coreB 96 1612 449 26.5323
coreB 97 1588 448 27.202
coreB 98 1652 447 27.2303
coreB 99 1646 446 26.5695
coreB 100 1628 444 27.2705
coreB 101 1601 443 27.2796
coreB 102 1636 442 26.5901
coreB 103 1649 441 26.5852
coreB 104 1656 440 26.582
coreB 105 1635 438 26.6443
coreB 106 1636 438 27.2581
coreB 107 1602 436 26.61
coreB 108 1644 435 26.5619
coreB 109 1609 434 26.5615
coreB 110 1607 433 26.5677
coreB 111 1579 432 26.7025
coreB 112 1607 431 27.2732
coreB 113 1584 430 27.2946
coreB 114 1602 429 857.602
coreB 115 1581 428 26.667
coreB 116 1572 427 26.5947
coreB 117 1575 426 26.6005
coreB 118 1543 425 26.4779
coreB 119 1571 424 777.871
coreB 120 1561 423 26.5367
coreB 121 1546 422 26.656
coreB 122 1557 421 26.7961
coreB 123 1570 420 27.145
coreB 124 1558 419 26.5515
coreB 125 1588 418 26.7059
coreB 126 1521 418 27.2003
coreB 127 1564 416 27.2046
coreB 128 1563 416 26.4601
coreB 129 1532 415 26.582
coreB 130 1577 414 26.5326
coreB 131 1520 413 26.6277
coreB 132 1569 412 26.5314
coreB 133 1550 411 26.61
coreB 134 1571 410 26.6863
coreB 135 1568 409 26.6457
coreB 136 1522 408 26.5463
coreB 137 1573 407 26.7132
coreB 138 1519 406 27.2228
coreB 139 1497 405 26.4908
coreB 140 1533 405 26.4004
coreB 141 1515 404 26.4546
coreB 142 1541 403 830.235
coreB 143 1520 402 26.6861
coreB 144 1529 401 26.6914
coreB 145 1506 401 26.9604
coreB 146 1529 400 26.7089
coreB 147 1550 399 26.4741
coreB 148 1514 398 26.5102
coreB 149 1489 397 26.7566
coreB 150 1509 397 26.6445
coreB 151 1483 396 26.4336
coreB 152 1497 395 26.5437
coreB 153 1472 394 26.4241
coreB 154 1482 393 26.5338
coreB 155 1520 392 27.2074
coreB 156 1482 392 26.5494
coreB 157 1510 391 26.5785
coreB 158 1503 390 26.5731
coreB 159 1477 389 27.2147
coreB 160 1468 389 26.5548
coreB 161 1503 388 26.6641
coreB 162 1510 387 26.2624
coreB 163 1509 387 26.6276
coreB 164 1471 386 26.6721
coreB 165 1430 386 26.4908
coreB 166 1480 385 26.7153
coreB 167 1465 384 26.7414
coreB 168 1448 384 27.4181
coreB 169 1484 383 27.4132
coreB 170 1431 382 27.3769
coreB 171 1443 381 27.1304
coreB 172 1475 381 27.1381
coreB 173 1448 380 26.526
coreB 174 1460 379 26.5069
coreB 175 1444 379 27.1132
coreB 176 1402 378 53.7999
coreB 177 1453 377 786.707
coreB 178 1400 377 26.7578
coreB 179 1451 376 26.7579
coreB 180 1420 376 26.5947
coreB 181 1437 375 26.4432
coreB 182 1419 374 26.4583
coreB 183 1422 374 26.3253
coreB 184 1441 373 26.6786
coreB 185 1462 373 27.0815
coreB 186 1419 372 26.4652
coreB 187 1428 371 26.5015
coreB 188 1415 371 26.4786
coreB 189 1429 370 26.5824
coreB 190 1432 369 26.4862
coreB 191 1389 368 26.4819
coreB 192 1422 368 26.5624
coreB 193 1401 367 26.462
coreB 194 1447 367 27.1203
coreB 195 1400 366 27.1328
coreB 196 1422 366 26.9532
coreB 197 1441 365 91.02
coreB 198 1457 364 26.5129
coreB 199 1418 364 27.0821
coreB 200 1407 363 26.4651
coreB 201 1428 363 27.0399
coreB 202 1420 362 27.0576
coreB 203 1394 361 26.5752
coreB 204 1409 361 27.0339
coreB 205 1401 360 26.4164
coreB 206 1366 360 26.3628
coreB 207 1417 359 27.0515
coreB 208 1364 359 26.3636
coreB 209 1386 358 26.3905
coreB 210 1403 358 26.3944
coreB 211 1449 357 27.0445
coreB 212 1371 357 26.5598
coreB 213 1393 356 26.5396
coreB 214 1395 356 26.4026
coreB 215 1395 355 26.584
coreB 216 1429 355 778.07
coreB 217 1380 354 753.524
coreB 218 1358 354 26.8046
coreB 219 1388 353 810.867
coreB 220 1351 353 26.5116
coreB 221 1382 352 27.1565
coreB 222 1352 352 26.4033
coreB 223 1335 351 27.0706
coreB 224 1389 351 26.5445
coreB 225 1364 350 26.5448
coreB 226 1359 350 26.4329
coreB 227 1344 349 26.4304
coreB 228 1362 348 26.6551
coreB 229 1363 348 26.4392
coreB 230 1360 347 26.5018
coreB 231 1359 347 26.4477
coreB 232 1320 346 26.5526
coreB 233 1353 346 26.4721
coreB 234 1334 345 26.4515
coreB 235 1355 345 27.1208
coreB 236 1330 344 26.6171
coreB 237 1321 344 26.4351
coreB 238 1293 343 752.664
coreB 239 1340 343 26.9062
coreB 240 1327 342 26.4179
coreB 241 1327 342 26.4375
coreB 242 1312 342 26.5848
coreB 243 1283 341 26.4862
coreB 244 1327 341 26.5822
coreB 245 1308 340 26.4716
coreB 246 1295 340 26.4339
coreB 247 1293 339 26.5346
coreB 248 1306 339 794.762
coreB 249 1290 339 26.5242
coreB 250 1299 338 26.5517
coreB 251 1294 338 79.6358
coreB 252 1321 337 26.6271
coreB 253 1331 337 26.4772
coreB 254 1277 336 26.6824
coreB 255 1270 336 26.9655
coreB 256 1283 336 27.5161
coreB 257 1289 335 26.8956
coreB 258 1295 334 26.8195
coreB 259 1237 334 27.3401
coreB 260 1301 333 26.772
coreB 261 1255 333 26.6782
coreB 262 1252 333 26.7921
coreB 263 1266 332 26.7206
coreB 264 1235 332 26.7092
coreB 265 1265 331 26.6767
coreB 266 1272 331 26.5061
coreB 267 1254 331 27.2002
coreB 268 1270 330 26.6403
coreB 269 1257 330 26.6167
coreB 270 1254 330 26.4777
coreB 271 1234 329 27.1574
coreB 272 1258 329 38.7568
coreB 273 1253 329 38.2071
coreB 274 1264 328 26.5787
coreB 275 1244 328 26.5053
coreB 276 1241 327 65.4556
coreB 277 1269 327 26.6019
coreB 278 1236 327 37.8895
coreB 279 1242 326 26.4127
coreB 280 1273 326 751.793
coreB 281 1244 326 26.9969
coreB 282 1222 326 715.173
coreB 283 1232 325 26.4722
coreB 284 1203 325 26.5331
coreB 285 1243 324 62.545
coreB 286 1249 324 26.3736
coreB 287 1201 324 27.1217
coreB 288 1220 323 62.9169
coreB 289 1238 323 26.5413
coreB 290 1223 323 26.4796
coreB 291 1229 322 26.518
coreB 292 1226 322 36.1175
coreB 293 1213 322 37.7293
coreB 294 1212 321 26.493
coreB 295 1199 321 13.5163
coreB 296 1194 321 35.6842
coreB 297 1218 320 715.618
coreB 298 1242 320 26.5139
coreB 299 1169 320 26.5086
coreB 300 1214 320 36.9435
coreB 301 1199 319 12.833
coreB 302 1223 319 13.3696
coreB 303 1188 319 12.3226
coreB 304 1176 318 27.086
coreB 305 1230 318 742.67
coreB 306 1186 318 37.1153
coreB 307 1174 317 34.2485
coreB 308 1181 317 37.0694
coreB 309 1216 316 35.6544
coreB 310 1161 316 27.3778
coreB 311 1198 316 38.2751
coreB 312 1190 315 13.2741
coreB 313 1196 315 725.294
coreB 314 1197 314 39.2972
total 1220.53
coreA 1 6395 108622 24.3111
coreA 2 6395 108622 34.3237
coreA 3 6394 108622 34.2656
coreA 4 6397 108622 35.1126
coreA 5 6396 108622 36.2706
coreA 6 6395 108622 36.0513
coreA 7 6405 108622 35.9918
coreA 8 6403 108622 35.9667
coreA 9 6410 108620 35.8187
coreA 10 6401 108620 35.7352
coreA 11 6401 108620 35.6155
coreA 12 6410 108620 35.6288
coreA 13 6414 108619 35.5858
coreA 14 6413 108618 35.6266
coreA 15 6418 108606 35.5597
coreA 16 6405 108606 35.5567
coreA 17 6412 108601 35.5148
coreA 18 6414 108600 35.3185
coreA 19 6401 108598 35.3243
coreA 20 6405 108594 35.292
coreA 21 6419 108592 35.2406
coreA 22 6415 108591 35.2835
coreA 23 6417 108591 35.2803
coreA 24 6417 108590 35.3109
coreA 25 6430 108586 35.2752
coreA 26 6410 108582 35.1447
coreA 27 6416 108576 35.1157
coreA 28 6403 108572 35.0914
coreA 29 6419 108570 35.0382
coreA 30 6413 108566 34.9478
coreA 31 6415 108564 34.9034
coreA 32 6411 108563 115.848
coreA 33 6416 108558 34.8131
coreA 34 6417 108555 34.8965
coreA 35 6414 108554 35.4066
coreA 36 6404 108554 33.5824
coreA 37 6398 108550 29.2749
coreA 38 6382 108545 26.8688
coreA 39 6418 108540 34.6347
coreA 40 6428 108531 34.52
coreA 41 6431 108529 34.5129
coreA 42 6409 108522 34.4848
coreA 43 6398 108512 34.4094
coreA 44 6387 108502 34.4056
coreA 45 6406 108499 34.3159
coreA 46 6391 108489 34.2696
coreA 47 6409 108480 34.3085
coreA 48 6395 108474 34.219
coreA 49 6398 108465 34.2175
coreA 50 6403 108456 279.437
coreA 51 6396 108439 30.9689
coreA 52 6399 108430 28.2403
coreA 53 6386 108417 34.1444
coreA 54 6407 108407 34.0909
coreA 55 6379 108397 34.0884
coreA 56 6368 108381 452.047
coreA 57 6394 108367 15.6236
coreA 58 6365 108352 15.0452
coreA 59 6380 108342 33.9853
coreA 60 6388 108333 33.9613
coreA 61 6403 108320 33.9542
coreA 62 6375 108313 33.9357
coreA 63 6359 108293 33.9964
coreA 64 6369 108274 33.9384
coreA 65 6385 108256 33.8864
coreA 66 6403 108236 33.8526
coreA 67 6373 108217 33.6741
coreA 68 6379 108197 33.7008
coreA 69 6390 108167 33.5245
coreA 70 6395 108151 33.5834
coreA 71 6370 108127 33.4023
coreA 72 6368 108107 33.477
coreA 73 6348 108070 33.3222
coreA 74 6399 108032 33.3953
coreA 75 6413 107996 33.2437
coreA 76 6412 107963 33.2736
coreA 77 6379 107938 33.3311
coreA 78 6348 107901 33.3215
coreA 79 6403 107868 33.2708
coreA 80 6381 107827 33.3124
coreA 81 6369 107781 33.2792
coreA 82 6411 107733 35.9542
coreA 83 6355 107688 34.1079
coreA 84 6356 107644 34.3868
coreA 85 6370 107598 30.8145
coreA 86 6382 107541 26.6078
coreA 87 6360 107487 32.9428
coreA 88 6363 107409 32.9289
coreA 89 6355 107365 32.9162
coreA 90 6366 107295 32.9224
coreA 91 6372 107220 32.8736
coreA 92 6354 107159 33.5125
coreA 93 6377 107110 34.8539
coreA 94 6342 107045 32.3228
coreA 95 6359 106978 30.5423
coreA 96 6322 106891 23.5276
coreA 97 6357 106803 33.9634
coreA 98 6338 106683 34.7907
coreA 99 6299 106582 30.6413
coreA 100 6358 106489 24.7168
coreA 101 6321 106360 20.6855
coreA 102 6322 106255 38.9467
coreA 103 6336 106140 33.0672
coreA 104 6335 106033 29.0586
coreA 105 6305 105923 32.6357
coreA 106 6338 105802 32.5691
coreA 107 6286 105685 32.5008
coreA 108 6338 105549 32.5504
coreA 109 6272 105408 32.6003
coreA 110 6325 105237 32.5729
coreA 111 6347 105086 32.523
coreA 112 6324 104968 32.4951
coreA 113 6286 104824 32.4808
coreA 114 6269 104686 32.4026
coreA 115 6309 104530 32.3742
coreA 116 6294 104379 32.3507
coreA 117 6306 104231 32.3147
coreA 118 6274 104045 32.2792
coreA 119 6262 103867 32.1905
coreA 120 6283 103717 32.1954
coreA 121 6281 103534 32.2854
coreA 122 6267 103337 32.2334
coreA 123 6295 103159 32.2571
coreA 124 6244 102935 32.2063
coreA 125 6269 102709 32.0456
coreA 126 6271 102493 32.0058
coreA 127 6238 102299 31.9667
coreA 128 6229 102083 31.9484
coreA 129 6230 101870 32.0507
coreA 130 6214 101659 32.0345
coreA 131 6224 101451 31.9363
coreA 132 6199 101199 31.9508
coreA 133 6210 100946 31.9101
coreA 134 6235 100697 31.8556
coreA 135 6156 100422 415.767
coreA 136 6197 100195 17.5997
coreA 137 6188 99941 16.1045
coreA 138 6212 99673 16.1802
coreA 139 6181 99416 18.1506
coreA 140 6177 99141 32.1748
coreA 141 6138 98825 32.1204
coreA 142 6162 98528 32.1089
coreA 143 6146 98224 329.722
coreA 144 6158 97923 15.9768
coreA 145 6176 97589 31.9392
coreA 146 6117 97256 32.1816
coreA 147 6151 96883 182.503
coreA 148 6092 96568 32.235
coreA 149 6093 96248 32.2522
coreA 150 6131 95879 32.2086
coreA 151 6097 95516 32.1626
coreA 152 6117 95183 32.1876
coreA 153 6143 94801 32.0891
coreA 154 6096 94426 32.0978
coreA 155 6108 94092 32.0598
coreA 156 6083 93744 32.0709
coreA 157 6075 93400 32.0206
coreA 158 6040 93034 32.0101
coreA 159 6078 92672 31.9552
coreA 160 6082 92322 31.942
coreA 161 6065 91892 31.9525
coreA 162 6055 91504 31.8682
coreA 163 6022 91129 31.8222
coreA 164 6043 90745 31.8789
coreA 165 6010 90324 31.8652
coreA 166 6033 89940 31.8323
coreA 167 5993 89569 31.8399
coreA 168 5988 89188 31.7742
coreA 169 5982 88777 31.7806
coreA 170 5942 88370 31.6898
coreA 171 5911 87979 31.6642
coreA 172 5955 87565 31.6489
coreA 173 5934 87146 31.6307
coreA 174 5945 86723 31.6156
coreA 175 5846 86319 31.5659
coreA 176 5954 85885 31.5571
coreA 177 5879 85502 31.4468
coreA 178 5887 85020 31.4512
coreA 179 5842 84562 31.4285
coreA 180 5861 84113 31.9454
coreA 181 5902 83602 32.0521
coreA 182 5821 83124 32.059
coreA 183 5812 82668 32.0194
coreA 184 5868 82234 31.9958
coreA 185 5805 81702 31.8961
coreA 186 5805 81248 31.8706
coreA 187 5814 80786 31.8519
coreA 188 5781 80317 31.8086
coreA 189 5791 79878 31.7835
coreA 190 5752 79404 31.7419
coreA 191 5724 78920 31.7087
coreA 192 5701 78483 31.6919
coreA 193 5710 78046 31.6368
coreA 194 5710 77553 31.6141
coreA 195 5701 77061 31.58
coreA 196 5667 76571 31.5517
coreA 197 5670 76065 31.5139
coreA 198 5643 75596 31.4969
coreA 199 5672 75070 31.4907
coreA 200 5592 74581 31.4323
coreA 201 5603 74059 31.4982
coreA 202 5618 73584 31.3802
coreA 203 5581 73103 126.215
coreA 204 5571 72611 19.1687
coreA 205 5556 72146 31.2401
coreA 206 5551 71660 31.192
coreA 207 5538 71172 31.1714
coreA 208 5550 70623 31.0591
coreA 209 5528 70098 31.0827
coreA 210 5501 69589 31.0679
coreA 211 5491 69098 31.096
coreA 212 5488 68563 31.3588
coreA 213 5484 68088 32.0146
coreA 214 5429 67582 30.2607
coreA 215 5421 67080 32.6888
coreA 216 5396 66535 31.6676
coreA 217 5407 65991 28.5966
coreA 218 5364 65506 26.3258
coreA 219 5407 65041 18.9534
coreA 220 5338 64542 33.6331
coreA 221 5290 64015 29.2689
coreA 222 5308 63521 27.4274
coreA 223 5281 63036 30.6877
coreA 224 5260 62580 30.6382
coreA 225 5254 62062 31.5718
coreA 226 5245 61594 31.5971
coreA 227 5252 61128 31.5524
coreA 228 5219 60699 31.5417
coreA 229 5202 60235 31.5269
coreA 230 5177 59791 32.3641
coreA 231 5194 59352 30.6634
coreA 232 5157 58883 27.3998
coreA 233 5125 58431 25.4971
coreA 234 5131 57987 145.01
coreA 235 5132 57550 16.1529
coreA 236 5072 57132 14.079
coreA 237 5045 56613 13.2084
coreA 238 5050 56063 12.7098
coreA 239 5015 55631 36.0718
coreA 240 4990 55213 28.3283
coreA 241 5020 54806 25.637
coreA 242 4997 54350 31.1598
coreA 243 4963 53915 31.2028
coreA 244 4944 53509 31.1675
coreA 245 4948 53015 31.2241
coreA 246 4924 52586 31.1478
coreA 247 4896 52168 118.243
coreA 248 4914 51715 16.5191
coreA 249 4878 51318 16.0137
coreA 250 4870 50921 30.9872
coreA 251 4866 50479 30.9656
coreA 252 4814 50016 30.9658
coreA 253 4800 49608 151.448
coreA 254 4791 49190 16.2924
coreA 255 4798 48755 15.0471
coreA 256 4743 48357 30.8957
coreA 257 4749 47938 30.8849
coreA 258 4690 47507 30.875
coreA 259 4715 47073 30.803
coreA 260 4658 46683 30.8035
coreA 261 4677 46267 30.771
coreA 262 4633 45917 30.7479
coreA 263 4608 45498 30.6736
coreA 264 4641 45056 30.6837
coreA 265 4580 44628 30.623
coreA 266 4625 44184 30.6561
coreA 267 4563 43829 30.6788
coreA 268 4543 43447 30.647
coreA 269 4536 43056 30.6525
coreA 270 4528 42658 30.6146
coreA 271 4518 42269 30.5788
coreA 272 4474 41852 218.125
coreA 273 4489 41490 13.0605
coreA 274 4443 41095 11.9591
coreA 275 4430 40683 30.4734
coreA 276 4396 40282 30.4343
coreA 277 4398 39898 30.471
coreA 278 4391 39537 30.4587
coreA 279 4390 39181 30.4781
coreA 280 4348 38799 30.4913
coreA 281 4335 38407 30.4928
coreA 282 4323 38041 30.4342
coreA 283 4315 37671 30.421
coreA 284 4275 37327 30.4119
coreA 285 4253 36940 30.3849
coreA 286 4241 36590 30.4158
coreA 287 4205 36250 30.3465
coreA 288 4227 35908 29.8843
coreA 289 4155 35511 30.4164
coreA 290 4161 35134 30.3141
coreA 291 4140 34831 30.3312
coreA 292 4121 34511 30.2592
coreA 293 4101 34114 30.2685
coreA 294 4068 33696 30.209
coreA 295 4068 33294 30.2557
coreA 296 4050 32940 30.2443
coreA 297 4015 32574 30.2155
coreA 298 4049 32223 30.2286
coreA 299 4001 31865 30.1884
coreA 300 3989 31534 30.2259
coreA 301 3940 31212 30.1745
coreA 302 3922 30897 30.1759
coreA 303 3937 30555 30.1222
coreA 304 3915 30238 30.1634
coreA 305 3905 29915 30.1533
coreA 306 3880 29610 30.0914
coreA 307 3831 29278 30.1479
coreA 308 3809 28999 30.0737
coreA 309 3776 28694 35.3812
coreA 310 3795 28379 29.9874
coreA 311 3793 28049 29.9871
coreA 312 3767 27692 30.0349
coreA 313 3763 27414 29.9887
coreA 314 3730 27136 29.9792
coreB 1 1126 2017 6.23835
coreB 2 1649 1992 27.0607
coreB 3 1777 1992 26.4928
coreB 4 1826 1992 26.5392
coreB 5 1888 1628 26.38
coreB 6 1913 1628 26.3756
coreB 7 1900 1628 26.4346
coreB 8 1936 1628 26.4273
coreB 9 1912 1628 26.2147
coreB 10 1946 1628 27.1656
coreB 11 1990 1373 1014.35
coreB 12 1997 1373 26.8426
coreB 13 1997 1373 26.9138
coreB 14 1951 1373 26.8917
coreB 15 1993 1372 26.9134
coreB 16 1986 915 27.4999
coreB 17 2013 915 27.5161
coreB 18 1960 914 27.5124
coreB 19 1974 909 27.4931
coreB 20 1949 837 27.4401
coreB 21 1959 741 27.4285
coreB 22 1978 721 27.4074
coreB 23 1964 719 26.8653
coreB 24 1945 648 26.5948
coreB 25 1952 641 26.9074
coreB 26 1947 635 26.2447
coreB 27 1933 628 26.3045
coreB 28 1938 621 26.2294
coreB 29 1926 615 26.2737
coreB 30 1907 610 26.2371
coreB 31 1916 604 27.0813
coreB 32 1918 599 26.4452
coreB 33 1917 594 26.4904
coreB 34 1867 590 26.4611
coreB 35 1882 586 26.3296
coreB 36 1865 582 26.4102
coreB 37 1901 577 26.4661
coreB 38 1832 572 26.7439
coreB 39 1828 569 27.0713
coreB 40 1848 564 27.1017
coreB 41 1844 560 26.7967
coreB 42 1829 557 26.4147
coreB 43 1841 553 26.7303
coreB 44 1822 550 26.4308
coreB 45 1793 546 26.4868
coreB 46 1807 543 26.4992
coreB 47 1781 540 26.6122
coreB 48 1826 537 26.7602
coreB 49 1803 534 26.395
coreB 50 1772 531 26.375
coreB 51 1777 528 26.3683
coreB 52 1814 525 27.0874
coreB 53 1784 522 26.8177
coreB 54 1763 520 26.5503
coreB 55 1746 518 26.3466
coreB 56 1744 516 26.422
coreB 57 1730 514 26.4513
coreB 58 1738 511 27.1323
coreB 59 1762 509 26.5788
coreB 60 1754 507 27.1568
coreB 61 1743 504 26.5517
coreB 62 1729 502 26.5592
coreB 63 1701 500 26.5655
coreB 64 1714 498 26.4673
coreB 65 1709 496 26.9305
coreB 66 1707 494 26.4239
coreB 67 1725 492 26.5418
coreB 68 1724 491 26.45
coreB 69 1722 489 26.4143
coreB 70 1665 488 26.7822
coreB 71 1666 486 26.5193
coreB 72 1680 484 26.4152
coreB 73 1704 482 26.6783
coreB 74 1665 480 26.3375
coreB 75 1679 479 26.5054
coreB 76 1647 477 26.3631
coreB 77 1685 476 26.1952
coreB 78 1642 474 26.6135
coreB 79 1623 473 26.6581
coreB 80 1644 471 26.3083
coreB 81 1704 470 185.581
coreB 82 1634 468 26.4473
coreB 83 1652 467 26.4612
coreB 84 1660 465 26.4646
coreB 85 1638 464 26.3546
coreB 86 1666 463 26.3635
coreB 87 1660 461 26.1051
coreB 88 1691 460 26.4201
coreB 89 1655 459 26.329
coreB 90 1610 457 26.3538
coreB 91 1654 456 26.4767
coreB 92 1595 454 26.6477
coreB 93 1608 454 26.602
coreB 94 1640 452 26.5589
coreB 95 1640 450 26.587
coreB 96 1612 449 26.5594
coreB 97 1588 448 27.2154
coreB 98 1652 447 27.2299
coreB 99 1646 446 26.5221
coreB 100 1628 444 614.125
coreB 101 1601 443 27.2871
coreB 102 1636 442 26.561
coreB 103 1649 441 26.5414
coreB 104 1656 440 26.6391
coreB 105 1635 438 26.6642
coreB 106 1636 438 27.1927
coreB 107 1602 436 26.6249
coreB 108 1644 435 26.4875
coreB 109 1609 434 26.4498
coreB 110 1607 433 26.4587
coreB 111 1579 432 26.4996
coreB 112 1607 431 27.1249
coreB 113 1584 430 27.1675
coreB 114 1602 429 26.593
coreB 115 1581 428 26.6433
coreB 116 1572 427 26.5533
coreB 117 1575 426 953.162
coreB 118 1543 425 26.6178
coreB 119 1571 424 26.6365
coreB 120 1561 423 26.6788
coreB 121 1546 422 26.5889
coreB 122 1557 421 26.7406
coreB 123 1570 420 27.1108
coreB 124 1558 419 26.549
coreB 125 1588 418 26.6329
coreB 126 1521 418 27.1247
coreB 127 1564 416 27.077
coreB 128 1563 416 26.4955
coreB 129 1532 415 26.5535
coreB 130 1577 414 26.5713
coreB 131 1520 413 26.6696
coreB 132 1569 412 26.4831
coreB 133 1550 411 26.6224
coreB 134 1571 410 26.6397
coreB 135 1568 409 26.6422
coreB 136 1522 408 26.5155
coreB 137 1573 407 26.7244
coreB 138 1519 406 27.2489
coreB 139 1497 405 26.4839
coreB 140 1533 405 26.4985
coreB 141 1515 404 26.5209
coreB 142 1541 403 26.4306
coreB 143 1520 402 26.5404
coreB 144 1529 401 26.5036
coreB 145 1506 401 26.7307
coreB 146 1529 400 26.5175
coreB 147 1550 399 26.4599
coreB 148 1514 398 26.4314
coreB 149 1489 397 26.7661
coreB 150 1509 397 26.5734
coreB 151 1483 396 26.3764
coreB 152 1497 395 26.4802
coreB 153 1472 394 26.4432
coreB 154 1482 393 26.5033
coreB 155 1520 392 27.2093
coreB 156 1482 392 26.486
coreB 157 1510 391 26.4696
coreB 158 1503 390 26.4858
coreB 159 1477 389 27.1166
coreB 160 1468 389 26.586
coreB 161 1503 388 26.6411
coreB 162 1510 387 26.5953
coreB 163 1509 387 26.5444
coreB 164 1471 386 26.6595
coreB 165 1430 386 26.4197
coreB 166 1480 385 26.5347
coreB 167 1465 384 26.4652
coreB 168 1448 384 27.1058
coreB 169 1484 383 27.0002
coreB 170 1431 382 26.979
coreB 171 1443 381 26.9392
coreB 172 1475 381 26.9854
coreB 173 1448 380 26.3051
coreB 174 1460 379 26.2445
coreB 175 1444 379 27.0258
coreB 176 1402 378 27.049
coreB 177 1453 377 26.8393
coreB 178 1400 377 26.3162
coreB 179 1451 376 26.3226
coreB 180 1420 376 26.2898
coreB 181 1437 375 26.404
coreB 182 1419 374 26.4303
coreB 183 1422 374 26.3181
coreB 184 1441 373 26.5692
coreB 185 1462 373 26.9673
coreB 186 1419 372 26.2867
coreB 187 1428 371 26.3303
coreB 188 1415 371 26.3298
coreB 189 1429 370 26.394
coreB 190 1432 369 26.2767
coreB 191 1389 368 26.309
coreB 192 1422 368 26.414
coreB 193 1401 367 26.2601
coreB 194 1447 367 26.9546
coreB 195 1400 366 26.939
coreB 196 1422 366 26.906
coreB 197 1441 365 26.3537
coreB 198 1457 364 26.2579
coreB 199 1418 364 26.8936
coreB 200 1407 363 26.2927
coreB 201 1428 363 26.8969
coreB 202 1420 362 27.2081
coreB 203 1394 361 26.5408
coreB 204 1409 361 27.135
coreB 205 1401 360 26.5195
coreB 206 1366 360 26.4166
coreB 207 1417 359 27.1268
coreB 208 1364 359 26.3
coreB 209 1386 358 26.2675
coreB 210 1403 358 26.2913
coreB 211 1449 357 27.032
coreB 212 1371 357 26.4398
coreB 213 1393 356 26.5859
coreB 214 1395 356 26.5362
coreB 215 1395 355 26.5875
coreB 216 1429 355 26.5103
coreB 217 1380 354 26.5343
coreB 218 1358 354 26.7559
coreB 219 1388 353 26.5233
coreB 220 1351 353 26.5278
coreB 221 1382 352 27.4122
coreB 222 1352 352 26.7594
coreB 223 1335 351 27.3707
coreB 224 1389 351 26.8439
coreB 225 1364 350 26.9072
coreB 226 1359 350 26.8012
coreB 227 1344 349 26.7227
coreB 228 1362 348 26.8962
coreB 229 1363 348 26.7501
coreB 230 1360 347 26.9104
coreB 231 1359 347 26.7732
coreB 232 1320 346 26.5007
coreB 233 1353 346 26.4441
coreB 234 1334 345 26.4052
coreB 235 1355 345 27.1918
coreB 236 1330 344 26.6589
coreB 237 1321 344 26.5105
coreB 238 1293 343 26.4385
coreB 239 1340 343 26.4553
coreB 240 1327 342 26.501
coreB 241 1327 342 26.5179
coreB 242 1312 342 26.5124
coreB 243 1283 341 26.4708
coreB 244 1327 341 26.5979
coreB 245 1308 340 26.5158
coreB 246 1295 340 26.4036
coreB 247 1293 339 26.5896
coreB 248 1306 339 26.4766
coreB 249 1290 339 26.4701
coreB 250 1299 338 26.545
coreB 251 1294 338 26.5148
coreB 252 1321 337 26.5281
coreB 253 1331 337 957.394
coreB 254 1277 336 26.4765
coreB 255 1270 336 26.7186
coreB 256 1283 336 27.206
coreB 257 1289 335 26.5289
coreB 258 1295 334 26.761
coreB 259 1237 334 27.206
coreB 260 1301 333 26.6591
coreB 261 1255 333 26.5342
coreB 262 1252 333 26.6644
coreB 263 1266 332 26.5745
coreB 264 1235 332 26.6426
coreB 265 1265 331 26.5548
coreB 266 1272 331 26.5346
coreB 267 1254 331 27.1887
coreB 268 1270 330 26.6478
coreB 269 1257 330 26.7423
coreB 270 1254 330 26.7136
coreB 271 1234 329 27.3117
coreB 272 1258 329 26.6927
coreB 273 1253 329 26.7042
coreB 274 1264 328 26.5014
coreB 275 1244 328 26.4077
coreB 276 1241 327 26.4382
coreB 277 1269 327 26.574
coreB 278 1236 327 26.4872
coreB 279 1242 326 26.6008
coreB 280 1273 326 27.1674
coreB 281 1244 326 27.1345
coreB 282 1222 326 26.3726
coreB 283 1232 325 26.4702
coreB 284 1203 325 26.4435
coreB 285 1243 324 26.4378
coreB 286 1249 324 26.3553
coreB 287 1201 324 27.0499
coreB 288 1220 323 27.067
coreB 289 1238 323 26.5544
coreB 290 1223 323 26.4608
coreB 291 1229 322 26.5477
coreB 292 1226 322 26.4972
coreB 293 1213 322 26.5293
coreB 294 1212 321 26.5899
coreB 295 1199 321 26.6007
coreB 296 1194 321 26.5432
coreB 297 1218 320 26.7079
coreB 298 1242 320 26.434
coreB 299 1169 320 26.3594
coreB 300 1214 320 26.6016
coreB 301 1199 319 27.1011
coreB 302 1223 319 26.6376
coreB 303 1188 319 27.1354
coreB 304 1176 318 27.4777
coreB 305 1230 318 27.3998
coreB 306 1186 318 27.3709
coreB 307 1174 317 26.4908
coreB 308 1181 317 26.7153
coreB 309 1216 316 26.6522
coreB 310 1161 316 27.2313
coreB 311 1198 316 26.5352
coreB 312 1190 315 26.597
coreB 313 1196 315 26.5336
coreB 314 1197 314 27.0277
total 1262.25
