coreA 1 6395 108622 54.1412
coreA 2 6395 108622 43.5963
coreA 3 6394 108622 42.5391
coreA 4 6397 108622 42.7468
coreA 5 6396 108622 42.3279
coreA 6 6395 108622 42.0285
coreA 7 6405 108622 41.8878
coreA 8 6403 108622 41.8541
coreA 9 6410 108620 41.6683
coreA 10 6401 108620 41.6107
coreA 11 6401 108620 41.306
coreA 12 6410 108620 41.1022
coreA 13 6414 108619 41.1846
coreA 14 6413 108618 40.9485
coreA 15 6418 108606 40.8878
coreA 16 6405 108606 40.8771
coreA 17 6412 108601 40.641
coreA 18 6414 108600 40.5259
coreA 19 6401 108598 40.4969
coreA 20 6405 108594 40.544
coreA 21 6419 108592 40.3907
coreA 22 6415 108591 40.3394
coreA 23 6417 108591 40.2675
coreA 24 6417 108590 40.2122
coreA 25 6430 108586 40.3091
coreA 26 6410 108582 40.1291
coreA 27 6416 108576 40.0806
coreA 28 6403 108572 39.9338
coreA 29 6419 108570 39.8135
coreA 30 6413 108566 39.6535
coreA 31 6415 108564 39.5631
coreA 32 6411 108563 39.5513
coreA 33 6416 108558 39.4925
coreA 34 6417 108555 39.4216
coreA 35 6414 108554 39.3568
coreA 36 6404 108554 39.3195
coreA 37 6398 108550 38.918
coreA 38 6382 108545 39.1833
coreA 39 6418 108540 39.1102
coreA 40 6428 108531 39.0976
coreA 41 6431 108529 39.0719
coreA 42 6409 108522 39.0064
coreA 43 6398 108512 39.0257
coreA 44 6387 108502 38.9418
coreA 45 6406 108499 38.7948
coreA 46 6391 108489 38.6949
coreA 47 6409 108480 38.6082
coreA 48 6395 108474 38.5676
coreA 49 6398 108465 38.5074
coreA 50 6403 108456 38.5145
coreA 51 6396 108439 38.4167
coreA 52 6399 108430 38.3925
coreA 53 6386 108417 38.3213
coreA 54 6407 108407 38.2962
coreA 55 6379 108397 38.2529
coreA 56 6368 108381 38.1942
coreA 57 6394 108367 38.1182
coreA 58 6365 108352 38.162
coreA 59 6380 108342 38.0837
coreA 60 6388 108333 38.015
coreA 61 6403 108320 38.0001
coreA 62 6375 108313 37.9422
coreA 63 6359 108293 37.8651
coreA 64 6369 108274 37.5601
coreA 65 6385 108256 37.8223
coreA 66 6403 108236 37.7153
coreA 67 6373 108217 37.4462
coreA 68 6379 108197 37.6302
coreA 69 6390 108167 37.4905
coreA 70 6395 108151 37.4341
coreA 71 6370 108127 37.4201
coreA 72 6368 108107 37.3898
coreA 73 6348 108070 37.3095
coreA 74 6399 108032 37.2862
coreA 75 6413 107996 37.2263
coreA 76 6412 107963 37.2271
coreA 77 6379 107938 37.2038
coreA 78 6348 107901 37.1595
coreA 79 6403 107868 37.1149
coreA 80 6381 107827 37.1112
coreA 81 6369 107781 37.0244
coreA 82 6411 107733 37.0372
coreA 83 6355 107688 36.9742
coreA 84 6356 107644 36.8759
coreA 85 6370 107598 36.9031
coreA 86 6382 107541 36.8476
coreA 87 6360 107487 36.776
coreA 88 6363 107409 36.7329
coreA 89 6355 107365 36.6813
coreA 90 6366 107295 36.7107
coreA 91 6372 107220 36.6145
coreA 92 6354 107159 36.6202
coreA 93 6377 107110 36.5556
coreA 94 6342 107045 36.5706
coreA 95 6359 106978 36.4795
coreA 96 6322 106891 36.4439
coreA 97 6357 106803 36.3782
coreA 98 6338 106683 36.3702
coreA 99 6299 106582 36.3513
coreA 100 6358 106489 36.2914
coreA 101 6321 106360 36.2358
coreA 102 6322 106255 36.1806
coreA 103 6336 106140 36.1394
coreA 104 6335 106033 36.1193
coreA 105 6305 105923 36.0451
coreA 106 6338 105802 36.0233
coreA 107 6286 105685 35.9883
coreA 108 6338 105549 35.9733
coreA 109 6272 105408 35.917
coreA 110 6325 105237 35.9037
coreA 111 6347 105086 36.0741
coreA 112 6324 104968 36.0443
coreA 113 6286 104824 35.9927
coreA 114 6269 104686 35.9558
coreA 115 6309 104530 35.9066
coreA 116 6294 104379 35.8497
coreA 117 6306 104231 35.8049
coreA 118 6274 104045 35.791
coreA 119 6262 103867 35.7843
coreA 120 6283 103717 35.7378
coreA 121 6281 103534 35.6698
coreA 122 6267 103337 35.638
coreA 123 6295 103159 35.6158
coreA 124 6244 102935 35.3238
coreA 125 6269 102709 35.5033
coreA 126 6271 102493 35.4773
coreA 127 6238 102299 35.4251
coreA 128 6229 102083 35.4063
coreA 129 6230 101870 35.3409
coreA 130 6214 101659 35.2869
coreA 131 6224 101451 35.256
coreA 132 6199 101199 35.1741
coreA 133 6210 100946 35.46
coreA 134 6235 100697 35.338
coreA 135 6156 100422 35.2537
coreA 136 6197 100195 35.198
coreA 137 6188 99941 35.2194
coreA 138 6212 99673 35.1665
coreA 139 6181 99416 35.0943
coreA 140 6177 99141 35.0375
coreA 141 6138 98825 35.0156
coreA 142 6162 98528 34.9491
coreA 143 6146 98224 34.9165
coreA 144 6158 97923 34.8767
coreA 145 6176 97589 34.9027
coreA 146 6117 97256 34.7839
coreA 147 6151 96883 34.7418
coreA 148 6092 96568 34.6666
coreA 149 6093 96248 34.644
coreA 150 6131 95879 34.4228
coreA 151 6097 95516 34.5599
coreA 152 6117 95183 34.4893
coreA 153 6143 94801 34.4617
coreA 154 6096 94426 34.4244
coreA 155 6108 94092 34.3805
coreA 156 6083 93744 34.3249
coreA 157 6075 93400 34.2848
coreA 158 6040 93034 34.2147
coreA 159 6078 92672 34.209
coreA 160 6082 92322 34.6021
coreA 161 6065 91892 34.535
coreA 162 6055 91504 34.4905
coreA 163 6022 91129 34.4388
coreA 164 6043 90745 34.4141
coreA 165 6010 90324 34.3029
coreA 166 6033 89940 34.2754
coreA 167 5993 89569 34.1855
coreA 168 5988 89188 34.1528
coreA 169 5982 88777 34.1115
coreA 170 5942 88370 34.0598
coreA 171 5911 87979 33.9863
coreA 172 5955 87565 33.9408
coreA 173 5934 87146 33.9191
coreA 174 5945 86723 33.8346
coreA 175 5846 86319 33.7613
coreA 176 5954 85885 33.7493
coreA 177 5879 85502 33.6769
coreA 178 5887 85020 33.6414
coreA 179 5842 84562 33.5215
coreA 180 5861 84113 33.5149
coreA 181 5902 83602 33.4446
coreA 182 5821 83124 33.4337
coreA 183 5812 82668 33.3345
coreA 184 5868 82234 33.3263
coreA 185 5805 81702 33.2502
coreA 186 5805 81248 33.165
coreA 187 5814 80786 33.1148
coreA 188 5781 80317 33.0711
coreA 189 5791 79878 33.0597
coreA 190 5752 79404 32.9399
coreA 191 5724 78920 32.9184
coreA 192 5701 78483 32.8399
coreA 193 5710 78046 32.8044
coreA 194 5710 77553 32.7218
coreA 195 5701 77061 32.7109
coreA 196 5667 76571 32.6096
coreA 197 5670 76065 33.4319
coreA 198 5643 75596 33.3638
coreA 199 5672 75070 33.2578
coreA 200 5592 74581 33.254
coreA 201 5603 74059 33.2259
coreA 202 5618 73584 33.1504
coreA 203 5581 73103 33.0601
coreA 204 5571 72611 33.0571
coreA 205 5556 72146 32.9349
coreA 206 5551 71660 32.9359
coreA 207 5538 71172 32.8411
coreA 208 5550 70623 32.8069
coreA 209 5528 70098 32.7146
coreA 210 5501 69589 32.6807
coreA 211 5491 69098 32.5982
coreA 212 5488 68563 32.6047
coreA 213 5484 68088 32.5855
coreA 214 5429 67582 32.524
coreA 215 5421 67080 32.4686
coreA 216 5396 66535 32.4129
coreA 217 5407 65991 32.3742
coreA 218 5364 65506 32.323
coreA 219 5407 65041 32.2349
coreA 220 5338 64542 32.1718
coreA 221 5290 64015 32.1005
coreA 222 5308 63521 32.0598
coreA 223 5281 63036 31.9807
coreA 224 5260 62580 31.9749
coreA 225 5254 62062 31.8693
coreA 226 5245 61594 31.8386
coreA 227 5252 61128 31.6548
coreA 228 5219 60699 31.7473
coreA 229 5202 60235 31.6956
coreA 230 5177 59791 31.5947
coreA 231 5194 59352 31.5634
coreA 232 5157 58883 31.4826
coreA 233 5125 58431 31.3603
coreA 234 5131 57987 31.3862
coreA 235 5132 57550 31.3246
coreA 236 5072 57132 31.285
coreA 237 5045 56613 31.2218
coreA 238 5050 56063 31.1366
coreA 239 5015 55631 31.1099
coreA 240 4990 55213 31.008
coreA 241 5020 54806 30.9952
coreA 242 4997 54350 30.903
coreA 243 4963 53915 30.8677
coreA 244 4944 53509 30.8128
coreA 245 4948 53015 30.7712
coreA 246 4924 52586 30.7314
coreA 247 4896 52168 30.6728
coreA 248 4914 51715 30.6142
coreA 249 4878 51318 30.5505
coreA 250 4870 50921 30.5093
coreA 251 4866 50479 30.4789
coreA 252 4814 50016 30.3971
coreA 253 4800 49608 30.389
coreA 254 4791 49190 30.2968
coreA 255 4798 48755 30.2953
coreA 256 4743 48357 31.9223
coreA 257 4749 47938 31.8992
coreA 258 4690 47507 31.8328
coreA 259 4715 47073 31.8153
coreA 260 4658 46683 31.7252
coreA 261 4677 46267 31.6535
coreA 262 4633 45917 31.6655
coreA 263 4608 45498 31.5496
coreA 264 4641 45056 31.537
coreA 265 4580 44628 31.4558
coreA 266 4625 44184 31.4255
coreA 267 4563 43829 31.3261
coreA 268 4543 43447 31.3164
coreA 269 4536 43056 31.3485
coreA 270 4528 42658 31.2652
coreA 271 4518 42269 31.2436
coreA 272 4474 41852 31.1624
coreA 273 4489 41490 31.1261
coreA 274 4443 41095 31.0793
coreA 275 4430 40683 31.0341
coreA 276 4396 40282 30.9852
coreA 277 4398 39898 30.9084
coreA 278 4391 39537 30.8889
coreA 279 4390 39181 30.6641
coreA 280 4348 38799 30.8129
coreA 281 4335 38407 30.7556
coreA 282 4323 38041 30.7104
coreA 283 4315 37671 30.678
coreA 284 4275 37327 30.6161
coreA 285 4253 36940 30.6016
coreA 286 4241 36590 30.5513
coreA 287 4205 36250 30.4952
coreA 288 4227 35908 30.5007
coreA 289 4155 35511 30.4591
coreA 290 4161 35134 30.3654
coreA 291 4140 34831 30.3797
coreA 292 4121 34511 30.3202
coreA 293 4101 34114 30.2475
coreA 294 4068 33696 30.2227
coreA 295 4068 33294 30.202
coreA 296 4050 32940 29.9934
coreA 297 4015 32574 30.0582
coreA 298 4049 32223 30.071
coreA 299 4001 31865 29.829
coreA 300 3989 31534 30.0258
coreA 301 3940 31212 29.9424
coreA 302 3922 30897 29.9122
coreA 303 3937 30555 29.8643
coreA 304 3915 30238 29.7983
coreA 305 3905 29915 29.8133
coreA 306 3880 29610 29.7404
coreA 307 3831 29278 29.3041
coreA 308 3809 28999 29.7263
coreA 309 3776 28694 29.6623
coreA 310 3795 28379 29.6738
coreA 311 3793 28049 29.5329
coreA 312 3767 27692 29.5562
coreA 313 3763 27414 29.5283
coreA 314 3730 27136 29.4505
coreB 1 1126 2017 31.1078
coreB 2 1649 1992 30.4027
coreB 3 1777 1992 30.353
coreB 4 1826 1992 30.4333
coreB 5 1888 1628 31.1225
coreB 6 1913 1628 31.3294
coreB 7 1900 1628 31.2701
coreB 8 1936 1628 31.3501
coreB 9 1912 1628 31.1261
coreB 10 1946 1628 31.3436
coreB 11 1990 1373 30.5941
coreB 12 1997 1373 30.5819
coreB 13 1997 1373 30.6283
coreB 14 1951 1373 30.6069
coreB 15 1993 1372 30.6609
coreB 16 1986 915 29.7838
coreB 17 2013 915 29.7975
coreB 18 1960 914 29.7979
coreB 19 1974 909 29.7997
coreB 20 1949 837 29.9818
coreB 21 1959 741 30.0132
coreB 22 1978 721 30.0297
coreB 23 1964 719 29.7803
coreB 24 1945 648 31.3025
coreB 25 1952 641 31.3913
coreB 26 1947 635 31.3603
coreB 27 1933 628 30.7268
coreB 28 1938 621 31.3017
coreB 29 1926 615 30.7278
coreB 30 1907 610 30.6558
coreB 31 1916 604 31.3144
coreB 32 1918 599 30.6512
coreB 33 1917 594 30.9503
coreB 34 1867 590 30.9231
coreB 35 1882 586 30.9089
coreB 36 1865 582 30.6996
coreB 37 1901 577 30.97
coreB 38 1832 572 31.3415
coreB 39 1828 569 31.3143
coreB 40 1848 564 30.6685
coreB 41 1844 560 31.1605
coreB 42 1829 557 30.524
coreB 43 1841 553 31.1663
coreB 44 1822 550 30.9354
coreB 45 1793 546 30.9553
coreB 46 1807 543 31.1692
coreB 47 1781 540 30.5593
coreB 48 1826 537 31.1575
coreB 49 1803 534 30.5252
coreB 50 1772 531 30.5627
coreB 51 1777 528 30.736
coreB 52 1814 525 31.3659
coreB 53 1784 522 31.1919
coreB 54 1763 520 30.7725
coreB 55 1746 518 30.6751
coreB 56 1744 516 30.4888
coreB 57 1730 514 30.4543
coreB 58 1738 511 31.2931
coreB 59 1762 509 30.4318
coreB 60 1754 507 31.2929
coreB 61 1743 504 30.458
coreB 62 1729 502 30.8743
coreB 63 1701 500 30.4743
coreB 64 1714 498 30.5993
coreB 65 1709 496 31.1437
coreB 66 1707 494 30.7015
coreB 67 1725 492 30.9101
coreB 68 1724 491 30.4901
coreB 69 1722 489 30.4471
coreB 70 1665 488 31.1485
coreB 71 1666 486 30.8776
coreB 72 1680 484 30.87
coreB 73 1704 482 31.1061
coreB 74 1665 480 30.9183
coreB 75 1679 479 30.5872
coreB 76 1647 477 31.0747
coreB 77 1685 476 31.3194
coreB 78 1642 474 31.0838
coreB 79 1623 473 31.0538
coreB 80 1644 471 30.4509
coreB 81 1704 470 29.7749
coreB 82 1634 468 29.7811
coreB 83 1652 467 31.2866
coreB 84 1660 465 30.8217
coreB 85 1638 464 29.7533
coreB 86 1666 463 30.5977
coreB 87 1660 461 31.309
coreB 88 1691 460 30.405
coreB 89 1655 459 30.6214
coreB 90 1610 457 30.604
coreB 91 1654 456 30.5904
coreB 92 1595 454 31.2403
coreB 93 1608 454 30.4813
coreB 94 1640 452 29.7785
coreB 95 1640 450 31.3089
coreB 96 1612 449 30.5533
coreB 97 1588 448 31.3225
coreB 98 1652 447 31.3262
coreB 99 1646 446 31.3323
coreB 100 1628 444 31.3159
coreB 101 1601 443 30.9447
coreB 102 1636 442 29.7842
coreB 103 1649 441 30.6504
coreB 104 1656 440 30.4593
coreB 105 1635 438 30.4379
coreB 106 1636 438 31.3223
coreB 107 1602 436 30.9346
coreB 108 1644 435 30.546
coreB 109 1609 434 31.3208
coreB 110 1607 433 31.2532
coreB 111 1579 432 30.8909
coreB 112 1607 431 31.2874
coreB 113 1584 430 31.3098
coreB 114 1602 429 30.4921
coreB 115 1581 428 30.4538
coreB 116 1572 427 30.4609
coreB 117 1575 426 30.4724
coreB 118 1543 425 30.6524
coreB 119 1571 424 30.6229
coreB 120 1561 423 30.539
coreB 121 1546 422 30.6153
coreB 122 1557 421 30.8489
coreB 123 1570 420 31.2834
coreB 124 1558 419 30.8355
coreB 125 1588 418 30.4943
coreB 126 1521 418 31.255
coreB 127 1564 416 31.2975
coreB 128 1563 416 29.7886
coreB 129 1532 415 30.4311
coreB 130 1577 414 30.5759
coreB 131 1520 413 30.8522
coreB 132 1569 412 30.6345
coreB 133 1550 411 30.8667
coreB 134 1571 410 30.4734
coreB 135 1568 409 30.8837
coreB 136 1522 408 29.7215
coreB 137 1573 407 30.5044
coreB 138 1519 406 31.3016
coreB 139 1497 405 31.2616
coreB 140 1533 405 30.5629
coreB 141 1515 404 30.6055
coreB 142 1541 403 31.2231
coreB 143 1520 402 30.916
coreB 144 1529 401 29.7824
coreB 145 1506 401 30.4944
coreB 146 1529 400 30.4471
coreB 147 1550 399 30.8585
coreB 148 1514 398 30.438
coreB 149 1489 397 30.4713
coreB 150 1509 397 30.8963
coreB 151 1483 396 31.229
coreB 152 1497 395 30.8558
coreB 153 1472 394 31.2696
coreB 154 1482 393 29.7473
coreB 155 1520 392 31.228
coreB 156 1482 392 29.7586
coreB 157 1510 391 31.2578
coreB 158 1503 390 29.7803
coreB 159 1477 389 31.215
coreB 160 1468 389 30.8166
coreB 161 1503 388 30.5183
coreB 162 1510 387 30.8492
coreB 163 1509 387 30.8413
coreB 164 1471 386 30.4327
coreB 165 1430 386 30.5726
coreB 166 1480 385 30.4236
coreB 167 1465 384 30.3961
coreB 168 1448 384 31.2828
coreB 169 1484 383 31.2012
coreB 170 1431 382 31.1932
coreB 171 1443 381 31.2191
coreB 172 1475 381 31.2368
coreB 173 1448 380 30.4311
coreB 174 1460 379 30.5023
coreB 175 1444 379 31.2612
coreB 176 1402 378 31.1423
coreB 177 1453 377 31.23
coreB 178 1400 377 29.7337
coreB 179 1451 376 30.3419
coreB 180 1420 376 29.7016
coreB 181 1437 375 30.8236
coreB 182 1419 374 30.7692
coreB 183 1422 374 31.2975
coreB 184 1441 373 30.4944
coreB 185 1462 373 31.2937
coreB 186 1419 372 30.3716
coreB 187 1428 371 30.3848
coreB 188 1415 371 30.6232
coreB 189 1429 370 31.1978
coreB 190 1432 369 29.7656
coreB 191 1389 368 29.7431
coreB 192 1422 368 30.8351
coreB 193 1401 367 31.2507
coreB 194 1447 367 31.2357
coreB 195 1400 366 31.2339
coreB 196 1422 366 31.1929
coreB 197 1441 365 30.8119
coreB 198 1457 364 29.7324
coreB 199 1418 364 31.2424
coreB 200 1407 363 30.7702
coreB 201 1428 363 31.2173
coreB 202 1420 362 31.1998
coreB 203 1394 361 30.8016
coreB 204 1409 361 31.1698
coreB 205 1401 360 29.7272
coreB 206 1366 360 29.7218
coreB 207 1417 359 31.1965
coreB 208 1364 359 29.7351
coreB 209 1386 358 29.7236
coreB 210 1403 358 29.7124
coreB 211 1449 357 31.2254
coreB 212 1371 357 30.875
coreB 213 1393 356 31.1014
coreB 214 1395 356 30.4653
coreB 215 1395 355 30.993
coreB 216 1429 355 29.6295
coreB 217 1380 354 29.6509
coreB 218 1358 354 30.3807
coreB 219 1388 353 30.3826
coreB 220 1351 353 30.2518
coreB 221 1382 352 31.1013
coreB 222 1352 352 29.6093
coreB 223 1335 351 31.0641
coreB 224 1389 351 30.2897
coreB 225 1364 350 30.9282
coreB 226 1359 350 29.5765
coreB 227 1344 349 29.5344
coreB 228 1362 348 30.2854
coreB 229 1363 348 29.6099
coreB 230 1360 347 30.1999
coreB 231 1359 347 29.5859
coreB 232 1320 346 30.2034
coreB 233 1353 346 29.6126
coreB 234 1334 345 29.587
coreB 235 1355 345 29.5781
coreB 236 1330 344 30.2946
coreB 237 1321 344 29.5286
coreB 238 1293 343 29.5357
coreB 239 1340 343 29.6309
coreB 240 1327 342 29.571
coreB 241 1327 342 29.6161
coreB 242 1312 342 30.3371
coreB 243 1283 341 29.6163
coreB 244 1327 341 30.2401
coreB 245 1308 340 29.5649
coreB 246 1295 340 29.5905
coreB 247 1293 339 31.0918
coreB 248 1306 339 30.9897
coreB 249 1290 339 29.5477
coreB 250 1299 338 30.3541
coreB 251 1294 338 30.4096
coreB 252 1321 337 30.2527
coreB 253 1331 337 29.6086
coreB 254 1277 336 30.2511
coreB 255 1270 336 31.0176
coreB 256 1283 336 31.0637
coreB 257 1289 335 29.5868
coreB 258 1295 334 30.3088
coreB 259 1237 334 29.5396
coreB 260 1301 333 31.0656
coreB 261 1255 333 30.4161
coreB 262 1252 333 30.9981
coreB 263 1266 332 30.9548
coreB 264 1235 332 30.9802
coreB 265 1265 331 30.1944
coreB 266 1272 331 29.5223
coreB 267 1254 331 29.5465
coreB 268 1270 330 31.033
coreB 269 1257 330 30.2123
coreB 270 1254 330 30.2992
coreB 271 1234 329 29.5086
coreB 272 1258 329 30.9608
coreB 273 1253 329 30.275
coreB 274 1264 328 30.9753
coreB 275 1244 328 29.5613
coreB 276 1241 327 30.1973
coreB 277 1269 327 30.2433
coreB 278 1236 327 30.2885
coreB 279 1242 326 30.9865
coreB 280 1273 326 29.565
coreB 281 1244 326 29.5193
coreB 282 1222 326 29.5029
coreB 283 1232 325 30.9945
coreB 284 1203 325 30.2206
coreB 285 1243 324 30.1503
coreB 286 1249 324 30.3246
coreB 287 1201 324 30.9862
coreB 288 1220 323 29.4969
coreB 289 1238 323 30.9402
coreB 290 1223 323 30.3122
coreB 291 1229 322 30.1847
coreB 292 1226 322 29.5524
coreB 293 1213 322 30.1656
coreB 294 1212 321 30.9494
coreB 295 1199 321 30.1918
coreB 296 1194 321 30.9543
coreB 297 1218 320 30.2713
coreB 298 1242 320 30.4229
coreB 299 1169 320 29.5138
coreB 300 1214 320 30.2407
coreB 301 1199 319 31.0453
coreB 302 1223 319 30.2491
coreB 303 1188 319 29.4617
coreB 304 1176 318 29.4879
coreB 305 1230 318 30.9757
coreB 306 1186 318 29.5172
coreB 307 1174 317 29.4707
coreB 308 1181 317 30.9685
coreB 309 1216 316 30.9773
coreB 310 1161 316 31.0054
coreB 311 1198 316 30.2381
coreB 312 1190 315 30.2239
coreB 313 1196 315 30.2672
coreB 314 1197 314 31.0035
total 20530.8
