coreA 1 6395 108622 35.2817
coreA 2 6395 108622 35.406
coreA 3 6394 108622 34.8255
coreA 4 6397 108622 35.3751
coreA 5 6396 108622 36.9406
coreA 6 6395 108622 36.4664
coreA 7 6405 108622 36.3018
coreA 8 6403 108622 36.7366
coreA 9 6410 108620 36.1635
coreA 10 6401 108620 35.8993
coreA 11 6401 108620 36.1582
coreA 12 6410 108620 35.7698
coreA 13 6414 108619 35.6923
coreA 14 6413 108618 36.3462
coreA 15 6418 108606 35.733
coreA 16 6405 108606 35.6318
coreA 17 6412 108601 35.8266
coreA 18 6414 108600 35.4017
coreA 19 6401 108598 35.3152
coreA 20 6405 108594 35.4174
coreA 21 6419 108592 35.3652
coreA 22 6415 108591 35.3018
coreA 23 6417 108591 35.351
coreA 24 6417 108590 35.3203
coreA 25 6430 108586 35.306
coreA 26 6410 108582 35.2656
coreA 27 6416 108576 35.2218
coreA 28 6403 108572 35.1278
coreA 29 6419 108570 35.0845
coreA 30 6413 108566 35.0636
coreA 31 6415 108564 34.941
coreA 32 6411 108563 34.8618
coreA 33 6416 108558 34.855
coreA 34 6417 108555 34.736
coreA 35 6414 108554 34.7646
coreA 36 6404 108554 34.7243
coreA 37 6398 108550 34.673
coreA 38 6382 108545 34.6527
coreA 39 6418 108540 34.6157
coreA 40 6428 108531 34.5975
coreA 41 6431 108529 34.6712
coreA 42 6409 108522 34.5221
coreA 43 6398 108512 34.4485
coreA 44 6387 108502 34.4276
coreA 45 6406 108499 34.4054
coreA 46 6391 108489 34.3359
coreA 47 6409 108480 34.2853
coreA 48 6395 108474 34.2972
coreA 49 6398 108465 34.2559
coreA 50 6403 108456 34.2525
coreA 51 6396 108439 34.1901
coreA 52 6399 108430 34.1912
coreA 53 6386 108417 34.2102
coreA 54 6407 108407 34.199
coreA 55 6379 108397 34.1864
coreA 56 6368 108381 34.193
coreA 57 6394 108367 34.128
coreA 58 6365 108352 34.155
coreA 59 6380 108342 34.1794
coreA 60 6388 108333 34.1266
coreA 61 6403 108320 34.1075
coreA 62 6375 108313 34.0509
coreA 63 6359 108293 33.967
coreA 64 6369 108274 33.9512
coreA 65 6385 108256 33.904
coreA 66 6403 108236 33.7851
coreA 67 6373 108217 33.7466
coreA 68 6379 108197 33.7355
coreA 69 6390 108167 33.6679
coreA 70 6395 108151 33.5751
coreA 71 6370 108127 33.5776
coreA 72 6368 108107 33.4911
coreA 73 6348 108070 33.4198
coreA 74 6399 108032 33.4164
coreA 75 6413 107996 33.3974
coreA 76 6412 107963 33.3478
coreA 77 6379 107938 33.2713
coreA 78 6348 107901 33.2725
coreA 79 6403 107868 33.2678
coreA 80 6381 107827 33.2462
coreA 81 6369 107781 33.2508
coreA 82 6411 107733 33.169
coreA 83 6355 107688 33.1493
coreA 84 6356 107644 33.1219
coreA 85 6370 107598 33.0901
coreA 86 6382 107541 33.0695
coreA 87 6360 107487 33.0785
coreA 88 6363 107409 33.0054
coreA 89 6355 107365 32.9817
coreA 90 6366 107295 32.9729
coreA 91 6372 107220 32.9843
coreA 92 6354 107159 32.9459
coreA 93 6377 107110 32.9256
coreA 94 6342 107045 32.8892
coreA 95 6359 106978 32.8505
coreA 96 6322 106891 32.8181
coreA 97 6357 106803 32.7904
coreA 98 6338 106683 32.7695
coreA 99 6299 106582 32.767
coreA 100 6358 106489 32.7065
coreA 101 6321 106360 32.7104
coreA 102 6322 106255 32.6587
coreA 103 6336 106140 32.6421
coreA 104 6335 106033 32.5416
coreA 105 6305 105923 32.5378
coreA 106 6338 105802 32.4786
coreA 107 6286 105685 32.4638
coreA 108 6338 105549 32.5916
coreA 109 6272 105408 32.4905
coreA 110 6325 105237 32.4398
coreA 111 6347 105086 32.4229
coreA 112 6324 104968 32.3895
coreA 113 6286 104824 32.3476
coreA 114 6269 104686 32.3374
coreA 115 6309 104530 32.3415
coreA 116 6294 104379 32.2714
coreA 117 6306 104231 32.2755
coreA 118 6274 104045 32.2148
coreA 119 6262 103867 32.2156
coreA 120 6283 103717 32.198
coreA 121 6281 103534 32.295
coreA 122 6267 103337 32.2087
coreA 123 6295 103159 32.2366
coreA 124 6244 102935 32.1785
coreA 125 6269 102709 32.1313
coreA 126 6271 102493 32.1037
coreA 127 6238 102299 32.1347
coreA 128 6229 102083 32.0764
coreA 129 6230 101870 32.0747
coreA 130 6214 101659 32.0426
coreA 131 6224 101451 31.9876
coreA 132 6199 101199 32.0299
coreA 133 6210 100946 31.9663
coreA 134 6235 100697 31.9709
coreA 135 6156 100422 31.8884
coreA 136 6197 100195 31.9067
coreA 137 6188 99941 31.8725
coreA 138 6212 99673 31.826
coreA 139 6181 99416 32.0876
coreA 140 6177 99141 32.0854
coreA 141 6138 98825 32.1272
coreA 142 6162 98528 32.0939
coreA 143 6146 98224 32.0062
coreA 144 6158 97923 32.0326
coreA 145 6176 97589 31.9573
coreA 146 6117 97256 32.1919
coreA 147 6151 96883 32.1393
coreA 148 6092 96568 32.152
coreA 149 6093 96248 32.1369
coreA 150 6131 95879 32.1211
coreA 151 6097 95516 32.054
coreA 152 6117 95183 32.0758
coreA 153 6143 94801 32.0829
coreA 154 6096 94426 32.043
coreA 155 6108 94092 32.0079
coreA 156 6083 93744 31.9595
coreA 157 6075 93400 31.9153
coreA 158 6040 93034 31.9266
coreA 159 6078 92672 31.8641
coreA 160 6082 92322 31.8804
coreA 161 6065 91892 31.8354
coreA 162 6055 91504 31.8299
coreA 163 6022 91129 31.8072
coreA 164 6043 90745 31.7723
coreA 165 6010 90324 31.7221
coreA 166 6033 89940 31.6566
coreA 167 5993 89569 31.6897
coreA 168 5988 89188 31.6479
coreA 169 5982 88777 31.6306
coreA 170 5942 88370 31.5929
coreA 171 5911 87979 31.5608
coreA 172 5955 87565 31.5472
coreA 173 5934 87146 31.5426
coreA 174 5945 86723 31.5105
coreA 175 5846 86319 31.5096
coreA 176 5954 85885 31.486
coreA 177 5879 85502 31.4509
coreA 178 5887 85020 31.4121
coreA 179 5842 84562 31.3678
coreA 180 5861 84113 31.8169
coreA 181 5902 83602 31.8368
coreA 182 5821 83124 31.7723
coreA 183 5812 82668 31.7679
coreA 184 5868 82234 31.7649
coreA 185 5805 81702 31.7394
coreA 186 5805 81248 31.6825
coreA 187 5814 80786 31.6506
coreA 188 5781 80317 31.6777
coreA 189 5791 79878 31.6589
coreA 190 5752 79404 31.6798
coreA 191 5724 78920 31.6235
coreA 192 5701 78483 31.5199
coreA 193 5710 78046 31.484
coreA 194 5710 77553 31.4425
coreA 195 5701 77061 31.4191
coreA 196 5667 76571 31.3981
coreA 197 5670 76065 31.399
coreA 198 5643 75596 31.3579
coreA 199 5672 75070 31.3504
coreA 200 5592 74581 31.2626
coreA 201 5603 74059 31.2447
coreA 202 5618 73584 31.2535
coreA 203 5581 73103 31.1851
coreA 204 5571 72611 31.1913
coreA 205 5556 72146 31.1399
coreA 206 5551 71660 31.1475
coreA 207 5538 71172 31.1145
coreA 208 5550 70623 31.0867
coreA 209 5528 70098 31.0056
coreA 210 5501 69589 30.9969
coreA 211 5491 69098 30.9467
coreA 212 5488 68563 30.9232
coreA 213 5484 68088 30.9108
coreA 214 5429 67582 30.8918
coreA 215 5421 67080 30.8798
coreA 216 5396 66535 30.833
coreA 217 5407 65991 30.8552
coreA 218 5364 65506 30.7752
coreA 219 5407 65041 30.782
coreA 220 5338 64542 30.7038
coreA 221 5290 64015 30.7167
coreA 222 5308 63521 30.6639
coreA 223 5281 63036 30.6359
coreA 224 5260 62580 30.6057
coreA 225 5254 62062 31.5135
coreA 226 5245 61594 31.5548
coreA 227 5252 61128 31.4703
coreA 228 5219 60699 31.5037
coreA 229 5202 60235 31.4346
coreA 230 5177 59791 31.4305
coreA 231 5194 59352 31.3863
coreA 232 5157 58883 31.3586
coreA 233 5125 58431 31.3441
coreA 234 5131 57987 31.3071
coreA 235 5132 57550 31.2944
coreA 236 5072 57132 31.2549
coreA 237 5045 56613 31.2168
coreA 238 5050 56063 31.193
coreA 239 5015 55631 31.1657
coreA 240 4990 55213 31.1555
coreA 241 5020 54806 31.1043
coreA 242 4997 54350 31.115
coreA 243 4963 53915 31.0505
coreA 244 4944 53509 31.0605
coreA 245 4948 53015 31.0327
coreA 246 4924 52586 31.0235
coreA 247 4896 52168 30.9607
coreA 248 4914 51715 30.9712
coreA 249 4878 51318 30.9288
coreA 250 4870 50921 30.9011
coreA 251 4866 50479 30.8808
coreA 252 4814 50016 30.7602
coreA 253 4800 49608 30.792
coreA 254 4791 49190 30.6925
coreA 255 4798 48755 30.7746
coreA 256 4743 48357 30.7378
coreA 257 4749 47938 30.7817
coreA 258 4690 47507 30.7163
coreA 259 4715 47073 30.6291
coreA 260 4658 46683 30.5918
coreA 261 4677 46267 30.6185
coreA 262 4633 45917 30.5205
coreA 263 4608 45498 30.5154
coreA 264 4641 45056 30.4774
coreA 265 4580 44628 30.4915
coreA 266 4625 44184 30.4302
coreA 267 4563 43829 30.4625
coreA 268 4543 43447 30.4384
coreA 269 4536 43056 30.445
coreA 270 4528 42658 30.3328
coreA 271 4518 42269 30.3566
coreA 272 4474 41852 30.3413
coreA 273 4489 41490 30.3483
coreA 274 4443 41095 30.3274
coreA 275 4430 40683 30.3164
coreA 276 4396 40282 30.2958
coreA 277 4398 39898 30.2526
coreA 278 4391 39537 30.2769
coreA 279 4390 39181 30.2351
coreA 280 4348 38799 30.2338
coreA 281 4335 38407 30.196
coreA 282 4323 38041 30.1606
coreA 283 4315 37671 30.149
coreA 284 4275 37327 30.0883
coreA 285 4253 36940 30.101
coreA 286 4241 36590 30.0955
coreA 287 4205 36250 30.0543
coreA 288 4227 35908 20.9698
coreA 289 4155 35511 30.1248
coreA 290 4161 35134 30.1466
coreA 291 4140 34831 30.1324
coreA 292 4121 34511 30.198
coreA 293 4101 34114 30.1316
coreA 294 4068 33696 30.1162
coreA 295 4068 33294 30.0962
coreA 296 4050 32940 30.0954
coreA 297 4015 32574 30.0424
coreA 298 4049 32223 30.0048
coreA 299 4001 31865 30.0354
coreA 300 3989 31534 29.9923
coreA 301 3940 31212 29.9961
coreA 302 3922 30897 29.9389
coreA 303 3937 30555 29.9248
coreA 304 3915 30238 29.912
coreA 305 3905 29915 29.8744
coreA 306 3880 29610 29.8337
coreA 307 3831 29278 29.845
coreA 308 3809 28999 29.8264
coreA 309 3776 28694 29.8552
coreA 310 3795 28379 29.7949
coreA 311 3793 28049 29.7931
coreA 312 3767 27692 29.8135
coreA 313 3763 27414 29.7916
coreA 314 3730 27136 29.7966
coreB 1 1126 2017 30.0485
coreB 2 1649 1992 27.4934
coreB 3 1777 1992 27.1638
coreB 4 1826 1992 27.5465
coreB 5 1888 1628 26.6094
coreB 6 1913 1628 27.6613
coreB 7 1900 1628 26.0896
coreB 8 1936 1628 26.982
coreB 9 1912 1628 25.8888
coreB 10 1946 1628 27.437
coreB 11 1990 1373 26.5971
coreB 12 1997 1373 27.3452
coreB 13 1997 1373 26.4781
coreB 14 1951 1373 27.5839
coreB 15 1993 1372 26.6018
coreB 16 1986 915 27.2185
coreB 17 2013 915 27.2697
coreB 18 1960 914 27.4328
coreB 19 1974 909 27.3041
coreB 20 1949 837 27.366
coreB 21 1959 741 27.5192
coreB 22 1978 721 27.3317
coreB 23 1964 719 26.6201
coreB 24 1945 648 26.8171
coreB 25 1952 641 26.9009
coreB 26 1947 635 26.2174
coreB 27 1933 628 26.2329
coreB 28 1938 621 26.1168
coreB 29 1926 615 27.1118
coreB 30 1907 610 26.1047
coreB 31 1916 604 27.1538
coreB 32 1918 599 26.0394
coreB 33 1917 594 26.4373
coreB 34 1867 590 26.1767
coreB 35 1882 586 26.0414
coreB 36 1865 582 25.9526
coreB 37 1901 577 26.1391
coreB 38 1832 572 26.4656
coreB 39 1828 569 26.6163
coreB 40 1848 564 26.6469
coreB 41 1844 560 26.3479
coreB 42 1829 557 25.9585
coreB 43 1841 553 26.3492
coreB 44 1822 550 26.0657
coreB 45 1793 546 26.0629
coreB 46 1807 543 26.1375
coreB 47 1781 540 26.2413
coreB 48 1826 537 26.4418
coreB 49 1803 534 26.1663
coreB 50 1772 531 25.9955
coreB 51 1777 528 25.9368
coreB 52 1814 525 26.6245
coreB 53 1784 522 26.3583
coreB 54 1763 520 26.1055
coreB 55 1746 518 25.9206
coreB 56 1744 516 26.0369
coreB 57 1730 514 26.08
coreB 58 1738 511 26.7127
coreB 59 1762 509 26.104
coreB 60 1754 507 26.6523
coreB 61 1743 504 26.0839
coreB 62 1729 502 26.0487
coreB 63 1701 500 25.9486
coreB 64 1714 498 25.9469
coreB 65 1709 496 26.3627
coreB 66 1707 494 25.9884
coreB 67 1725 492 26.0847
coreB 68 1724 491 26.027
coreB 69 1722 489 25.9042
coreB 70 1665 488 26.3063
coreB 71 1666 486 26.0503
coreB 72 1680 484 26.1146
coreB 73 1704 482 26.4084
coreB 74 1665 480 26.1357
coreB 75 1679 479 26.2676
coreB 76 1647 477 26.1393
coreB 77 1685 476 25.9431
coreB 78 1642 474 26.3611
coreB 79 1623 473 26.3343
coreB 80 1644 471 26.0348
coreB 81 1704 470 25.9875
coreB 82 1634 468 25.9466
coreB 83 1652 467 25.9059
coreB 84 1660 465 26.1338
coreB 85 1638 464 26.0131
coreB 86 1666 463 26.0214
coreB 87 1660 461 25.7507
coreB 88 1691 460 26.0881
coreB 89 1655 459 26.0807
coreB 90 1610 457 26.0037
coreB 91 1654 456 26.0777
coreB 92 1595 454 26.1235
coreB 93 1608 454 26.0951
coreB 94 1640 452 26.0741
coreB 95 1640 450 26.0262
coreB 96 1612 449 26.0512
coreB 97 1588 448 26.6584
coreB 98 1652 447 26.7572
coreB 99 1646 446 26.0842
coreB 100 1628 444 26.7324
coreB 101 1601 443 26.7851
coreB 102 1636 442 26.0866
coreB 103 1649 441 26.0782
coreB 104 1656 440 26.0976
coreB 105 1635 438 26.0023
coreB 106 1636 438 26.5848
coreB 107 1602 436 25.9898
coreB 108 1644 435 25.9048
coreB 109 1609 434 25.8647
coreB 110 1607 433 25.9137
coreB 111 1579 432 25.9951
coreB 112 1607 431 26.5633
coreB 113 1584 430 26.6973
coreB 114 1602 429 26.1065
coreB 115 1581 428 26.0241
coreB 116 1572 427 26.093
coreB 117 1575 426 26.0679
coreB 118 1543 425 26.032
coreB 119 1571 424 26.0235
coreB 120 1561 423 25.9853
coreB 121 1546 422 26.0398
coreB 122 1557 421 26.1159
coreB 123 1570 420 26.6907
coreB 124 1558 419 26.0363
coreB 125 1588 418 26.1962
coreB 126 1521 418 26.6475
coreB 127 1564 416 26.6828
coreB 128 1563 416 26.0164
coreB 129 1532 415 26.0853
coreB 130 1577 414 25.9998
coreB 131 1520 413 26.1508
coreB 132 1569 412 26.0221
coreB 133 1550 411 26.1366
coreB 134 1571 410 26.0618
coreB 135 1568 409 26.0615
coreB 136 1522 408 25.9706
coreB 137 1573 407 26.1529
coreB 138 1519 406 26.6409
coreB 139 1497 405 25.9265
coreB 140 1533 405 25.915
coreB 141 1515 404 25.8665
coreB 142 1541 403 25.817
coreB 143 1520 402 25.9881
coreB 144 1529 401 25.879
coreB 145 1506 401 26.134
coreB 146 1529 400 25.9609
coreB 147 1550 399 25.9306
coreB 148 1514 398 25.9294
coreB 149 1489 397 26.1508
coreB 150 1509 397 25.9455
coreB 151 1483 396 25.7832
coreB 152 1497 395 25.8759
coreB 153 1472 394 25.8151
coreB 154 1482 393 25.8089
coreB 155 1520 392 26.531
coreB 156 1482 392 25.8649
coreB 157 1510 391 25.7953
coreB 158 1503 390 25.8408
coreB 159 1477 389 26.5202
coreB 160 1468 389 25.9269
coreB 161 1503 388 26.0196
coreB 162 1510 387 25.9259
coreB 163 1509 387 25.8835
coreB 164 1471 386 26.016
coreB 165 1430 386 25.8096
coreB 166 1480 385 25.8434
coreB 167 1465 384 25.8571
coreB 168 1448 384 26.5324
coreB 169 1484 383 26.47
coreB 170 1431 382 26.534
coreB 171 1443 381 26.4596
coreB 172 1475 381 26.4716
coreB 173 1448 380 25.8555
coreB 174 1460 379 25.8282
coreB 175 1444 379 26.3813
coreB 176 1402 378 26.3872
coreB 177 1453 377 26.3951
coreB 178 1400 377 25.7552
coreB 179 1451 376 25.7867
coreB 180 1420 376 25.7149
coreB 181 1437 375 25.7705
coreB 182 1419 374 25.7377
coreB 183 1422 374 25.6537
coreB 184 1441 373 25.9507
coreB 185 1462 373 26.3853
coreB 186 1419 372 25.7596
coreB 187 1428 371 25.7123
coreB 188 1415 371 25.6972
coreB 189 1429 370 25.8494
coreB 190 1432 369 25.8224
coreB 191 1389 368 25.7982
coreB 192 1422 368 25.8546
coreB 193 1401 367 25.7677
coreB 194 1447 367 26.4821
coreB 195 1400 366 26.4676
coreB 196 1422 366 26.3811
coreB 197 1441 365 25.8453
coreB 198 1457 364 25.7337
coreB 199 1418 364 26.4584
coreB 200 1407 363 25.8806
coreB 201 1428 363 26.4669
coreB 202 1420 362 26.4606
coreB 203 1394 361 25.8433
coreB 204 1409 361 26.3918
coreB 205 1401 360 25.7813
coreB 206 1366 360 25.7365
coreB 207 1417 359 26.417
coreB 208 1364 359 25.7218
coreB 209 1386 358 25.7193
coreB 210 1403 358 25.744
coreB 211 1449 357 26.4137
coreB 212 1371 357 25.8754
coreB 213 1393 356 25.9023
coreB 214 1395 356 25.7684
coreB 215 1395 355 25.835
coreB 216 1429 355 25.7906
coreB 217 1380 354 25.7663
coreB 218 1358 354 26.0658
coreB 219 1388 353 25.8268
coreB 220 1351 353 25.8211
coreB 221 1382 352 26.4522
coreB 222 1352 352 25.8247
coreB 223 1335 351 26.4182
coreB 224 1389 351 25.8071
coreB 225 1364 350 25.865
coreB 226 1359 350 25.7299
coreB 227 1344 349 25.7111
coreB 228 1362 348 25.874
coreB 229 1363 348 25.7911
coreB 230 1360 347 25.8387
coreB 231 1359 347 25.7511
coreB 232 1320 346 25.8407
coreB 233 1353 346 25.7444
coreB 234 1334 345 25.7597
coreB 235 1355 345 26.5024
coreB 236 1330 344 26.0053
coreB 237 1321 344 25.7606
coreB 238 1293 343 25.7933
coreB 239 1340 343 25.7929
coreB 240 1327 342 25.7806
coreB 241 1327 342 25.7809
coreB 242 1312 342 25.7969
coreB 243 1283 341 25.722
coreB 244 1327 341 25.9183
coreB 245 1308 340 25.8421
coreB 246 1295 340 25.8566
coreB 247 1293 339 25.8703
coreB 248 1306 339 25.8399
coreB 249 1290 339 25.7711
coreB 250 1299 338 25.7175
coreB 251 1294 338 25.6714
coreB 252 1321 337 25.7128
coreB 253 1331 337 25.6131
coreB 254 1277 336 25.8448
coreB 255 1270 336 25.7374
coreB 256 1283 336 26.4556
coreB 257 1289 335 25.7589
coreB 258 1295 334 25.9667
coreB 259 1237 334 26.3837
coreB 260 1301 333 25.8499
coreB 261 1255 333 25.732
coreB 262 1252 333 25.8575
coreB 263 1266 332 25.8167
coreB 264 1235 332 25.8682
coreB 265 1265 331 25.7945
coreB 266 1272 331 25.7101
coreB 267 1254 331 26.4383
coreB 268 1270 330 25.8674
coreB 269 1257 330 25.8158
coreB 270 1254 330 25.7316
coreB 271 1234 329 26.3567
coreB 272 1258 329 25.7677
coreB 273 1253 329 25.9126
coreB 274 1264 328 25.8284
coreB 275 1244 328 25.7002
coreB 276 1241 327 25.7593
coreB 277 1269 327 25.8662
coreB 278 1236 327 25.7098
coreB 279 1242 326 25.7845
coreB 280 1273 326 26.4292
coreB 281 1244 326 26.3954
coreB 282 1222 326 25.6979
coreB 283 1232 325 25.6813
coreB 284 1203 325 25.6932
coreB 285 1243 324 25.7039
coreB 286 1249 324 25.6026
coreB 287 1201 324 26.2604
coreB 288 1220 323 26.295
coreB 289 1238 323 25.7855
coreB 290 1223 323 25.6901
coreB 291 1229 322 25.7935
coreB 292 1226 322 25.7084
coreB 293 1213 322 25.8106
coreB 294 1212 321 25.7966
coreB 295 1199 321 25.7447
coreB 296 1194 321 25.7602
coreB 297 1218 320 25.9766
coreB 298 1242 320 25.5873
coreB 299 1169 320 25.5823
coreB 300 1214 320 25.7782
coreB 301 1199 319 26.2719
coreB 302 1223 319 25.8227
coreB 303 1188 319 26.3006
coreB 304 1176 318 26.3106
coreB 305 1230 318 26.2877
coreB 306 1186 318 26.389
coreB 307 1174 317 25.7053
coreB 308 1181 317 25.7264
coreB 309 1216 316 25.757
coreB 310 1161 316 26.3271
coreB 311 1198 316 25.7025
coreB 312 1190 315 25.8699
coreB 313 1196 315 25.6712
coreB 314 1197 314 26.2865
total 9181.79
coreA 1 6395 108622 33.2149
coreA 2 6395 108622 34.3615
coreA 3 6394 108622 34.1634
coreA 4 6397 108622 34.9346
coreA 5 6396 108622 36.0599
coreA 6 6395 108622 35.9033
coreA 7 6405 108622 35.96
coreA 8 6403 108622 35.7782
coreA 9 6410 108620 35.6639
coreA 10 6401 108620 35.557
coreA 11 6401 108620 35.3889
coreA 12 6410 108620 35.4029
coreA 13 6414 108619 35.3428
coreA 14 6413 108618 35.3388
coreA 15 6418 108606 35.3076
coreA 16 6405 108606 35.2503
coreA 17 6412 108601 35.1979
coreA 18 6414 108600 35.0612
coreA 19 6401 108598 35.1144
coreA 20 6405 108594 35.0254
coreA 21 6419 108592 35.1193
coreA 22 6415 108591 35.1555
coreA 23 6417 108591 35.078
coreA 24 6417 108590 35.156
coreA 25 6430 108586 35.1159
coreA 26 6410 108582 35.0426
coreA 27 6416 108576 35.0951
coreA 28 6403 108572 34.9729
coreA 29 6419 108570 34.841
coreA 30 6413 108566 34.7907
coreA 31 6415 108564 34.6816
coreA 32 6411 108563 34.6495
coreA 33 6416 108558 34.5588
coreA 34 6417 108555 34.5878
coreA 35 6414 108554 34.4923
coreA 36 6404 108554 34.4947
coreA 37 6398 108550 34.3771
coreA 38 6382 108545 34.366
coreA 39 6418 108540 34.276
coreA 40 6428 108531 34.3572
coreA 41 6431 108529 34.2276
coreA 42 6409 108522 34.2926
coreA 43 6398 108512 34.2167
coreA 44 6387 108502 34.2121
coreA 45 6406 108499 34.097
coreA 46 6391 108489 34.0554
coreA 47 6409 108480 33.9938
coreA 48 6395 108474 33.9934
coreA 49 6398 108465 34.0048
coreA 50 6403 108456 33.9971
coreA 51 6396 108439 33.9842
coreA 52 6399 108430 33.9421
coreA 53 6386 108417 33.927
coreA 54 6407 108407 33.8797
coreA 55 6379 108397 33.87
coreA 56 6368 108381 33.8839
coreA 57 6394 108367 33.8193
coreA 58 6365 108352 33.8302
coreA 59 6380 108342 33.8067
coreA 60 6388 108333 33.8024
coreA 61 6403 108320 33.7324
coreA 62 6375 108313 33.7306
coreA 63 6359 108293 33.6709
coreA 64 6369 108274 33.5927
coreA 65 6385 108256 33.5587
coreA 66 6403 108236 33.4823
coreA 67 6373 108217 33.4312
coreA 68 6379 108197 33.3819
coreA 69 6390 108167 33.3014
coreA 70 6395 108151 33.2525
coreA 71 6370 108127 33.2073
coreA 72 6368 108107 33.1954
coreA 73 6348 108070 33.1082
coreA 74 6399 108032 33.084
coreA 75 6413 107996 33.0417
coreA 76 6412 107963 33.0455
coreA 77 6379 107938 33.0195
coreA 78 6348 107901 32.9917
coreA 79 6403 107868 32.9988
coreA 80 6381 107827 32.9705
coreA 81 6369 107781 32.934
coreA 82 6411 107733 32.9048
coreA 83 6355 107688 32.8721
coreA 84 6356 107644 32.869
coreA 85 6370 107598 32.816
coreA 86 6382 107541 32.8251
coreA 87 6360 107487 32.8054
coreA 88 6363 107409 32.7642
coreA 89 6355 107365 32.7164
coreA 90 6366 107295 32.7248
coreA 91 6372 107220 32.6853
coreA 92 6354 107159 32.6828
coreA 93 6377 107110 32.6501
coreA 94 6342 107045 32.7003
coreA 95 6359 106978 32.608
coreA 96 6322 106891 32.6216
coreA 97 6357 106803 32.5415
coreA 98 6338 106683 32.5208
coreA 99 6299 106582 32.5021
coreA 100 6358 106489 32.4623
coreA 101 6321 106360 32.4335
coreA 102 6322 106255 32.4361
coreA 103 6336 106140 32.4002
coreA 104 6335 106033 32.3683
coreA 105 6305 105923 32.2823
coreA 106 6338 105802 32.2745
coreA 107 6286 105685 32.2458
coreA 108 6338 105549 32.3328
coreA 109 6272 105408 32.2637
coreA 110 6325 105237 32.2615
coreA 111 6347 105086 32.2024
coreA 112 6324 104968 32.1885
coreA 113 6286 104824 32.1704
coreA 114 6269 104686 32.1386
coreA 115 6309 104530 32.1497
coreA 116 6294 104379 32.0918
coreA 117 6306 104231 32.066
coreA 118 6274 104045 32.0684
coreA 119 6262 103867 32.0287
coreA 120 6283 103717 32.0094
coreA 121 6281 103534 32.0809
coreA 122 6267 103337 32.1334
coreA 123 6295 103159 32.0798
coreA 124 6244 102935 32.059
coreA 125 6269 102709 32.0133
coreA 126 6271 102493 31.9697
coreA 127 6238 102299 32.0043
coreA 128 6229 102083 31.9462
coreA 129 6230 101870 31.9303
coreA 130 6214 101659 31.8748
coreA 131 6224 101451 31.8453
coreA 132 6199 101199 31.8557
coreA 133 6210 100946 31.8133
coreA 134 6235 100697 31.8349
coreA 135 6156 100422 31.7865
coreA 136 6197 100195 31.7761
coreA 137 6188 99941 31.8325
coreA 138 6212 99673 31.7561
coreA 139 6181 99416 32.0495
coreA 140 6177 99141 31.971
coreA 141 6138 98825 32.0012
coreA 142 6162 98528 31.9389
coreA 143 6146 98224 31.8931
coreA 144 6158 97923 31.9031
coreA 145 6176 97589 31.8677
coreA 146 6117 97256 32.0695
coreA 147 6151 96883 32.0777
coreA 148 6092 96568 32.0487
coreA 149 6093 96248 32.0562
coreA 150 6131 95879 32.0211
coreA 151 6097 95516 31.992
coreA 152 6117 95183 31.9585
coreA 153 6143 94801 31.9358
coreA 154 6096 94426 31.97
coreA 155 6108 94092 31.9172
coreA 156 6083 93744 31.9298
coreA 157 6075 93400 31.8688
coreA 158 6040 93034 31.8878
coreA 159 6078 92672 31.8199
coreA 160 6082 92322 31.7741
coreA 161 6065 91892 31.7955
coreA 162 6055 91504 31.7359
coreA 163 6022 91129 31.7279
coreA 164 6043 90745 31.7321
coreA 165 6010 90324 31.6934
coreA 166 6033 89940 31.6216
coreA 167 5993 89569 31.6312
coreA 168 5988 89188 31.6792
coreA 169 5982 88777 31.545
coreA 170 5942 88370 31.5341
coreA 171 5911 87979 31.4844
coreA 172 5955 87565 31.5102
coreA 173 5934 87146 31.4376
coreA 174 5945 86723 31.4272
coreA 175 5846 86319 31.32
coreA 176 5954 85885 31.2387
coreA 177 5879 85502 31.2457
coreA 178 5887 85020 31.2044
coreA 179 5842 84562 31.1915
coreA 180 5861 84113 31.6865
coreA 181 5902 83602 31.6373
coreA 182 5821 83124 31.6343
coreA 183 5812 82668 31.5551
coreA 184 5868 82234 31.6246
coreA 185 5805 81702 31.5058
coreA 186 5805 81248 31.524
coreA 187 5814 80786 31.474
coreA 188 5781 80317 31.4273
coreA 189 5791 79878 31.5305
coreA 190 5752 79404 31.4786
coreA 191 5724 78920 31.4325
coreA 192 5701 78483 31.4293
coreA 193 5710 78046 31.3586
coreA 194 5710 77553 31.3586
coreA 195 5701 77061 31.327
coreA 196 5667 76571 31.3031
coreA 197 5670 76065 31.3064
coreA 198 5643 75596 31.2646
coreA 199 5672 75070 31.2753
coreA 200 5592 74581 31.2455
coreA 201 5603 74059 31.2295
coreA 202 5618 73584 31.1812
coreA 203 5581 73103 31.181
coreA 204 5571 72611 31.1388
coreA 205 5556 72146 31.1363
coreA 206 5551 71660 31.089
coreA 207 5538 71172 31.026
coreA 208 5550 70623 31.0176
coreA 209 5528 70098 30.9402
coreA 210 5501 69589 30.9585
coreA 211 5491 69098 30.9067
coreA 212 5488 68563 30.9169
coreA 213 5484 68088 30.8337
coreA 214 5429 67582 30.8564
coreA 215 5421 67080 30.786
coreA 216 5396 66535 30.7663
coreA 217 5407 65991 30.7385
coreA 218 5364 65506 30.6809
coreA 219 5407 65041 30.6948
coreA 220 5338 64542 30.6333
coreA 221 5290 64015 30.6472
coreA 222 5308 63521 30.6338
coreA 223 5281 63036 30.5936
coreA 224 5260 62580 30.5282
coreA 225 5254 62062 31.5104
coreA 226 5245 61594 31.4436
coreA 227 5252 61128 31.3969
coreA 228 5219 60699 31.3564
coreA 229 5202 60235 31.3665
coreA 230 5177 59791 31.3712
coreA 231 5194 59352 31.3403
coreA 232 5157 58883 31.2875
coreA 233 5125 58431 31.3102
coreA 234 5131 57987 31.2514
coreA 235 5132 57550 31.2204
coreA 236 5072 57132 31.1901
coreA 237 5045 56613 31.1499
coreA 238 5050 56063 31.1097
coreA 239 5015 55631 31.0692
coreA 240 4990 55213 31.0555
coreA 241 5020 54806 31.043
coreA 242 4997 54350 31.0088
coreA 243 4963 53915 31.0711
coreA 244 4944 53509 31.0019
coreA 245 4948 53015 31.0231
coreA 246 4924 52586 30.9498
coreA 247 4896 52168 30.9481
coreA 248 4914 51715 30.9343
coreA 249 4878 51318 30.8995
coreA 250 4870 50921 30.8021
coreA 251 4866 50479 30.8254
coreA 252 4814 50016 30.7327
coreA 253 4800 49608 30.7232
coreA 254 4791 49190 30.6856
coreA 255 4798 48755 30.6578
coreA 256 4743 48357 30.6871
coreA 257 4749 47938 30.6802
coreA 258 4690 47507 30.652
coreA 259 4715 47073 30.7181
coreA 260 4658 46683 30.6665
coreA 261 4677 46267 30.6725
coreA 262 4633 45917 30.5977
coreA 263 4608 45498 30.5299
coreA 264 4641 45056 30.6378
coreA 265 4580 44628 30.5496
coreA 266 4625 44184 30.5463
coreA 267 4563 43829 30.4708
coreA 268 4543 43447 30.5096
coreA 269 4536 43056 30.4112
coreA 270 4528 42658 30.4175
coreA 271 4518 42269 30.2999
coreA 272 4474 41852 30.3456
coreA 273 4489 41490 30.3134
coreA 274 4443 41095 30.3407
coreA 275 4430 40683 30.3562
coreA 276 4396 40282 30.3187
coreA 277 4398 39898 30.2899
coreA 278 4391 39537 30.3215
coreA 279 4390 39181 30.2163
coreA 280 4348 38799 30.2221
coreA 281 4335 38407 30.2328
coreA 282 4323 38041 30.2064
coreA 283 4315 37671 30.1358
coreA 284 4275 37327 30.0967
coreA 285 4253 36940 30.0993
coreA 286 4241 36590 23.9191
coreA 287 4205 36250 19.9709
coreA 288 4227 35908 19.9681
coreA 289 4155 35511 30.0323
coreA 290 4161 35134 29.9918
coreA 291 4140 34831 30.0097
coreA 292 4121 34511 29.9233
coreA 293 4101 34114 30.0193
coreA 294 4068 33696 29.8913
coreA 295 4068 33294 29.8971
coreA 296 4050 32940 29.9028
coreA 297 4015 32574 29.8504
coreA 298 4049 32223 29.9489
coreA 299 4001 31865 29.9275
coreA 300 3989 31534 29.9339
coreA 301 3940 31212 29.8862
coreA 302 3922 30897 29.8406
coreA 303 3937 30555 29.8746
coreA 304 3915 30238 29.8763
coreA 305 3905 29915 29.8374
coreA 306 3880 29610 29.8067
coreA 307 3831 29278 29.7917
coreA 308 3809 28999 29.793
coreA 309 3776 28694 29.797
coreA 310 3795 28379 29.7997
coreA 311 3793 28049 29.7777
coreA 312 3767 27692 29.7812
coreA 313 3763 27414 29.7556
coreA 314 3730 27136 29.7996
coreB 1 1126 2017 25.7473
coreB 2 1649 1992 26.2165
coreB 3 1777 1992 25.677
coreB 4 1826 1992 25.8508
coreB 5 1888 1628 25.603
coreB 6 1913 1628 25.638
coreB 7 1900 1628 25.566
coreB 8 1936 1628 25.6698
coreB 9 1912 1628 25.4181
coreB 10 1946 1628 26.4328
coreB 11 1990 1373 25.8518
coreB 12 1997 1373 26.0396
coreB 13 1997 1373 26.1113
coreB 14 1951 1373 26.0429
coreB 15 1993 1372 26.0858
coreB 16 1986 915 26.6437
coreB 17 2013 915 26.7342
coreB 18 1960 914 26.7135
coreB 19 1974 909 26.7334
coreB 20 1949 837 26.7635
coreB 21 1959 741 26.8007
coreB 22 1978 721 26.7715
coreB 23 1964 719 26.1884
coreB 24 1945 648 25.8912
coreB 25 1952 641 26.1966
coreB 26 1947 635 25.6518
coreB 27 1933 628 25.701
coreB 28 1938 621 25.6433
coreB 29 1926 615 25.6687
coreB 30 1907 610 25.62
coreB 31 1916 604 26.3547
coreB 32 1918 599 25.6774
coreB 33 1917 594 25.7763
coreB 34 1867 590 25.8251
coreB 35 1882 586 25.6405
coreB 36 1865 582 25.653
coreB 37 1901 577 25.8406
coreB 38 1832 572 26.0508
coreB 39 1828 569 26.3443
coreB 40 1848 564 26.315
coreB 41 1844 560 26.0408
coreB 42 1829 557 25.6335
coreB 43 1841 553 26.0036
coreB 44 1822 550 25.6889
coreB 45 1793 546 25.751
coreB 46 1807 543 25.7364
coreB 47 1781 540 25.8091
coreB 48 1826 537 26.0024
coreB 49 1803 534 25.6887
coreB 50 1772 531 25.6652
coreB 51 1777 528 25.7326
coreB 52 1814 525 26.3463
coreB 53 1784 522 26.1222
coreB 54 1763 520 25.7808
coreB 55 1746 518 25.6511
coreB 56 1744 516 25.6896
coreB 57 1730 514 25.671
coreB 58 1738 511 26.2444
coreB 59 1762 509 25.6646
coreB 60 1754 507 26.3057
coreB 61 1743 504 25.6582
coreB 62 1729 502 25.6851
coreB 63 1701 500 25.6826
coreB 64 1714 498 25.6513
coreB 65 1709 496 26.1742
coreB 66 1707 494 25.6656
coreB 67 1725 492 25.7022
coreB 68 1724 491 25.686
coreB 69 1722 489 25.7557
coreB 70 1665 488 26.0573
coreB 71 1666 486 25.7202
coreB 72 1680 484 25.7024
coreB 73 1704 482 26.0229
coreB 74 1665 480 25.7276
coreB 75 1679 479 25.8357
coreB 76 1647 477 25.6982
coreB 77 1685 476 25.6235
coreB 78 1642 474 25.9911
coreB 79 1623 473 25.9816
coreB 80 1644 471 25.6686
coreB 81 1704 470 25.6128
coreB 82 1634 468 25.6178
coreB 83 1652 467 25.5646
coreB 84 1660 465 25.8001
coreB 85 1638 464 25.7066
coreB 86 1666 463 25.7394
coreB 87 1660 461 25.444
coreB 88 1691 460 25.8065
coreB 89 1655 459 25.7077
coreB 90 1610 457 25.7303
coreB 91 1654 456 25.7061
coreB 92 1595 454 25.8122
coreB 93 1608 454 25.7678
coreB 94 1640 452 25.7109
coreB 95 1640 450 25.7367
coreB 96 1612 449 25.7481
coreB 97 1588 448 26.4238
coreB 98 1652 447 26.4768
coreB 99 1646 446 25.836
coreB 100 1628 444 26.5839
coreB 101 1601 443 26.5345
coreB 102 1636 442 25.8466
coreB 103 1649 441 25.7503
coreB 104 1656 440 25.8252
coreB 105 1635 438 25.8705
coreB 106 1636 438 26.4024
coreB 107 1602 436 25.8303
coreB 108 1644 435 25.782
coreB 109 1609 434 25.7153
coreB 110 1607 433 25.7505
coreB 111 1579 432 25.879
coreB 112 1607 431 26.4362
coreB 113 1584 430 26.4276
coreB 114 1602 429 25.8398
coreB 115 1581 428 25.7961
coreB 116 1572 427 25.8472
coreB 117 1575 426 25.822
coreB 118 1543 425 25.7663
coreB 119 1571 424 25.8213
coreB 120 1561 423 25.8045
coreB 121 1546 422 25.8486
coreB 122 1557 421 25.9174
coreB 123 1570 420 26.5062
coreB 124 1558 419 25.9225
coreB 125 1588 418 25.9869
coreB 126 1521 418 26.4326
coreB 127 1564 416 26.4738
coreB 128 1563 416 25.7658
coreB 129 1532 415 25.8238
coreB 130 1577 414 25.7885
coreB 131 1520 413 25.9579
coreB 132 1569 412 25.8238
coreB 133 1550 411 25.8967
coreB 134 1571 410 25.8847
coreB 135 1568 409 25.8803
coreB 136 1522 408 25.7815
coreB 137 1573 407 25.9332
coreB 138 1519 406 26.4483
coreB 139 1497 405 25.7327
coreB 140 1533 405 25.6645
coreB 141 1515 404 25.6441
coreB 142 1541 403 25.6031
coreB 143 1520 402 25.8732
coreB 144 1529 401 25.7735
coreB 145 1506 401 26.0386
coreB 146 1529 400 25.7375
coreB 147 1550 399 25.72
coreB 148 1514 398 25.6991
coreB 149 1489 397 25.9451
coreB 150 1509 397 25.7934
coreB 151 1483 396 25.6256
coreB 152 1497 395 25.705
coreB 153 1472 394 25.6358
coreB 154 1482 393 25.6772
coreB 155 1520 392 26.343
coreB 156 1482 392 25.6424
coreB 157 1510 391 25.6045
coreB 158 1503 390 25.671
coreB 159 1477 389 26.3323
coreB 160 1468 389 25.7592
coreB 161 1503 388 25.8383
coreB 162 1510 387 25.8657
coreB 163 1509 387 25.8351
coreB 164 1471 386 25.9283
coreB 165 1430 386 25.666
coreB 166 1480 385 25.7032
coreB 167 1465 384 25.7055
coreB 168 1448 384 26.336
coreB 169 1484 383 26.3692
coreB 170 1431 382 26.4999
coreB 171 1443 381 26.4706
coreB 172 1475 381 26.4208
coreB 173 1448 380 25.8152
coreB 174 1460 379 25.7685
coreB 175 1444 379 26.4161
coreB 176 1402 378 26.4067
coreB 177 1453 377 26.3664
coreB 178 1400 377 25.7037
coreB 179 1451 376 25.6567
coreB 180 1420 376 25.6016
coreB 181 1437 375 25.7483
coreB 182 1419 374 25.7081
coreB 183 1422 374 25.6464
coreB 184 1441 373 25.9418
coreB 185 1462 373 26.3801
coreB 186 1419 372 25.7541
coreB 187 1428 371 25.7172
coreB 188 1415 371 25.6206
coreB 189 1429 370 25.7014
coreB 190 1432 369 25.6786
coreB 191 1389 368 25.5851
coreB 192 1422 368 25.7069
coreB 193 1401 367 25.5719
coreB 194 1447 367 26.2989
coreB 195 1400 366 26.2885
coreB 196 1422 366 26.2806
coreB 197 1441 365 25.7526
coreB 198 1457 364 25.6269
coreB 199 1418 364 26.2583
coreB 200 1407 363 25.7244
coreB 201 1428 363 26.2587
coreB 202 1420 362 26.307
coreB 203 1394 361 25.689
coreB 204 1409 361 26.2521
coreB 205 1401 360 25.6385
coreB 206 1366 360 25.6399
coreB 207 1417 359 26.3681
coreB 208 1364 359 25.6443
coreB 209 1386 358 25.5982
coreB 210 1403 358 25.6264
coreB 211 1449 357 26.2895
coreB 212 1371 357 25.7894
coreB 213 1393 356 25.8083
coreB 214 1395 356 25.6974
coreB 215 1395 355 25.7004
coreB 216 1429 355 25.6438
coreB 217 1380 354 25.6838
coreB 218 1358 354 26.0292
coreB 219 1388 353 25.9606
coreB 220 1351 353 25.9245
coreB 221 1382 352 26.5621
coreB 222 1352 352 25.7375
coreB 223 1335 351 26.4429
coreB 224 1389 351 25.8577
coreB 225 1364 350 25.8591
coreB 226 1359 350 25.6977
coreB 227 1344 349 25.605
coreB 228 1362 348 25.9075
coreB 229 1363 348 25.7064
coreB 230 1360 347 25.8713
coreB 231 1359 347 25.7363
coreB 232 1320 346 25.7753
coreB 233 1353 346 25.8001
coreB 234 1334 345 25.7216
coreB 235 1355 345 26.449
coreB 236 1330 344 26.0664
coreB 237 1321 344 25.7462
coreB 238 1293 343 25.8839
coreB 239 1340 343 26.0137
coreB 240 1327 342 25.8953
coreB 241 1327 342 25.8198
coreB 242 1312 342 25.8531
coreB 243 1283 341 25.6884
coreB 244 1327 341 25.8176
coreB 245 1308 340 25.766
coreB 246 1295 340 25.7079
coreB 247 1293 339 25.8952
coreB 248 1306 339 25.8493
coreB 249 1290 339 25.6896
coreB 250 1299 338 25.8795
coreB 251 1294 338 25.9038
coreB 252 1321 337 25.939
coreB 253 1331 337 25.791
coreB 254 1277 336 25.9888
coreB 255 1270 336 25.8792
coreB 256 1283 336 26.4104
coreB 257 1289 335 25.776
coreB 258 1295 334 26.0154
coreB 259 1237 334 26.433
coreB 260 1301 333 25.8667
coreB 261 1255 333 25.7201
coreB 262 1252 333 25.8664
coreB 263 1266 332 25.8534
coreB 264 1235 332 25.9082
coreB 265 1265 331 25.8328
coreB 266 1272 331 25.7268
coreB 267 1254 331 26.3722
coreB 268 1270 330 25.8049
coreB 269 1257 330 25.8175
coreB 270 1254 330 25.9033
coreB 271 1234 329 26.4782
coreB 272 1258 329 25.951
coreB 273 1253 329 26.0384
coreB 274 1264 328 25.905
coreB 275 1244 328 25.8556
coreB 276 1241 327 25.8567
coreB 277 1269 327 26.0023
coreB 278 1236 327 25.7715
coreB 279 1242 326 25.8093
coreB 280 1273 326 26.4637
coreB 281 1244 326 26.5053
coreB 282 1222 326 25.8347
coreB 283 1232 325 25.9845
coreB 284 1203 325 25.8679
coreB 285 1243 324 25.8332
coreB 286 1249 324 25.7583
coreB 287 1201 324 26.4471
coreB 288 1220 323 26.5314
coreB 289 1238 323 25.8484
coreB 290 1223 323 25.7883
coreB 291 1229 322 25.9178
coreB 292 1226 322 25.8332
coreB 293 1213 322 25.8765
coreB 294 1212 321 25.9382
coreB 295 1199 321 25.9353
coreB 296 1194 321 25.881
coreB 297 1218 320 26.0958
coreB 298 1242 320 25.8393
coreB 299 1169 320 25.815
coreB 300 1214 320 26.036
coreB 301 1199 319 26.5484
coreB 302 1223 319 26.1073
coreB 303 1188 319 26.499
coreB 304 1176 318 26.4827
coreB 305 1230 318 26.4203
coreB 306 1186 318 26.5506
coreB 307 1174 317 25.8843
coreB 308 1181 317 25.8852
coreB 309 1216 316 25.961
coreB 310 1161 316 26.4678
coreB 311 1198 316 25.894
coreB 312 1190 315 25.9842
coreB 313 1196 315 25.8333
coreB 314 1197 314 26.4971
total 9132.81
coreA 1 6395 108622 33.167
coreA 2 6395 108622 34.2826
coreA 3 6394 108622 34.0955
coreA 4 6397 108622 34.8578
coreA 5 6396 108622 36.0738
coreA 6 6395 108622 35.8056
coreA 7 6405 108622 35.8522
coreA 8 6403 108622 35.7355
coreA 9 6410 108620 35.6025
coreA 10 6401 108620 35.5022
coreA 11 6401 108620 35.3524
coreA 12 6410 108620 35.4505
coreA 13 6414 108619 35.2662
coreA 14 6413 108618 35.3438
coreA 15 6418 108606 35.2176
coreA 16 6405 108606 35.3007
coreA 17 6412 108601 35.1988
coreA 18 6414 108600 35.1089
coreA 19 6401 108598 35.0431
coreA 20 6405 108594 35.0485
coreA 21 6419 108592 34.9986
coreA 22 6415 108591 35.0049
coreA 23 6417 108591 34.9702
coreA 24 6417 108590 34.9793
coreA 25 6430 108586 34.9748
coreA 26 6410 108582 34.9068
coreA 27 6416 108576 34.9084
coreA 28 6403 108572 34.8678
coreA 29 6419 108570 34.7954
coreA 30 6413 108566 34.6845
coreA 31 6415 108564 34.6723
coreA 32 6411 108563 34.5587
coreA 33 6416 108558 34.5524
coreA 34 6417 108555 34.5589
coreA 35 6414 108554 34.4748
coreA 36 6404 108554 34.4467
coreA 37 6398 108550 34.389
coreA 38 6382 108545 34.347
coreA 39 6418 108540 34.3167
coreA 40 6428 108531 34.3114
coreA 41 6431 108529 34.3109
coreA 42 6409 108522 34.2346
coreA 43 6398 108512 34.2468
coreA 44 6387 108502 34.1894
coreA 45 6406 108499 34.0764
coreA 46 6391 108489 34.0697
coreA 47 6409 108480 34.0245
coreA 48 6395 108474 33.9761
coreA 49 6398 108465 34.0102
coreA 50 6403 108456 33.9885
coreA 51 6396 108439 33.9454
coreA 52 6399 108430 33.9371
coreA 53 6386 108417 33.9429
coreA 54 6407 108407 33.8978
coreA 55 6379 108397 33.9049
coreA 56 6368 108381 33.9284
coreA 57 6394 108367 33.89
coreA 58 6365 108352 33.9171
coreA 59 6380 108342 33.9288
coreA 60 6388 108333 33.8735
coreA 61 6403 108320 33.7909
coreA 62 6375 108313 33.7858
coreA 63 6359 108293 33.6866
coreA 64 6369 108274 33.6253
coreA 65 6385 108256 33.6173
coreA 66 6403 108236 33.5005
coreA 67 6373 108217 33.471
coreA 68 6379 108197 33.3752
coreA 69 6390 108167 33.3642
coreA 70 6395 108151 33.2734
coreA 71 6370 108127 33.2338
coreA 72 6368 108107 33.1976
coreA 73 6348 108070 33.1406
coreA 74 6399 108032 33.0811
coreA 75 6413 107996 33.0619
coreA 76 6412 107963 33.0261
coreA 77 6379 107938 32.9776
coreA 78 6348 107901 32.9885
coreA 79 6403 107868 32.9475
coreA 80 6381 107827 32.9357
coreA 81 6369 107781 32.9016
coreA 82 6411 107733 32.8561
coreA 83 6355 107688 32.8977
coreA 84 6356 107644 32.8338
coreA 85 6370 107598 32.8646
coreA 86 6382 107541 32.805
coreA 87 6360 107487 32.7688
coreA 88 6363 107409 32.7276
coreA 89 6355 107365 32.726
coreA 90 6366 107295 32.6973
coreA 91 6372 107220 32.7183
coreA 92 6354 107159 32.6586
coreA 93 6377 107110 32.791
coreA 94 6342 107045 32.6143
coreA 95 6359 106978 32.5716
coreA 96 6322 106891 32.5882
coreA 97 6357 106803 32.5106
coreA 98 6338 106683 32.522
coreA 99 6299 106582 32.4923
coreA 100 6358 106489 32.446
coreA 101 6321 106360 32.4879
coreA 102 6322 106255 32.3728
coreA 103 6336 106140 32.4131
coreA 104 6335 106033 32.3375
coreA 105 6305 105923 32.2629
coreA 106 6338 105802 32.2079
coreA 107 6286 105685 32.1778
coreA 108 6338 105549 32.2921
coreA 109 6272 105408 32.2275
coreA 110 6325 105237 32.2076
coreA 111 6347 105086 32.1579
coreA 112 6324 104968 32.1465
coreA 113 6286 104824 32.1497
coreA 114 6269 104686 32.1206
coreA 115 6309 104530 32.0761
coreA 116 6294 104379 32.0638
coreA 117 6306 104231 32.0199
coreA 118 6274 104045 31.9469
coreA 119 6262 103867 32.0068
coreA 120 6283 103717 31.9067
coreA 121 6281 103534 32.0268
coreA 122 6267 103337 32.0238
coreA 123 6295 103159 31.9803
coreA 124 6244 102935 31.9763
coreA 125 6269 102709 31.9257
coreA 126 6271 102493 31.9343
coreA 127 6238 102299 31.9113
coreA 128 6229 102083 31.8986
coreA 129 6230 101870 31.8785
coreA 130 6214 101659 31.8352
coreA 131 6224 101451 31.808
coreA 132 6199 101199 31.7929
coreA 133 6210 100946 31.7884
coreA 134 6235 100697 31.7511
coreA 135 6156 100422 31.6927
coreA 136 6197 100195 31.7487
coreA 137 6188 99941 31.6712
coreA 138 6212 99673 31.6953
coreA 139 6181 99416 31.9257
coreA 140 6177 99141 31.877
coreA 141 6138 98825 31.8891
coreA 142 6162 98528 31.8881
coreA 143 6146 98224 31.8851
coreA 144 6158 97923 31.8761
coreA 145 6176 97589 31.7846
coreA 146 6117 97256 31.9979
coreA 147 6151 96883 31.9786
coreA 148 6092 96568 31.9567
coreA 149 6093 96248 31.9775
coreA 150 6131 95879 31.9491
coreA 151 6097 95516 31.9394
coreA 152 6117 95183 31.902
coreA 153 6143 94801 31.8795
coreA 154 6096 94426 31.88
coreA 155 6108 94092 31.8601
coreA 156 6083 93744 31.9353
coreA 157 6075 93400 31.8386
coreA 158 6040 93034 31.8027
coreA 159 6078 92672 31.7944
coreA 160 6082 92322 31.7527
coreA 161 6065 91892 31.7193
coreA 162 6055 91504 31.6963
coreA 163 6022 91129 31.6148
coreA 164 6043 90745 31.6773
coreA 165 6010 90324 31.6005
coreA 166 6033 89940 31.5308
coreA 167 5993 89569 31.558
coreA 168 5988 89188 31.5276
coreA 169 5982 88777 31.5149
coreA 170 5942 88370 31.4906
coreA 171 5911 87979 31.4687
coreA 172 5955 87565 31.501
coreA 173 5934 87146 31.4046
coreA 174 5945 86723 31.4613
coreA 175 5846 86319 31.3192
coreA 176 5954 85885 31.286
coreA 177 5879 85502 31.2296
coreA 178 5887 85020 31.1994
coreA 179 5842 84562 31.1997
coreA 180 5861 84113 31.632
coreA 181 5902 83602 31.6587
coreA 182 5821 83124 31.5898
coreA 183 5812 82668 31.6068
coreA 184 5868 82234 31.5454
coreA 185 5805 81702 31.4975
coreA 186 5805 81248 31.5326
coreA 187 5814 80786 31.4495
coreA 188 5781 80317 31.4725
coreA 189 5791 79878 31.5304
coreA 190 5752 79404 31.4553
coreA 191 5724 78920 31.455
coreA 192 5701 78483 31.4412
coreA 193 5710 78046 31.3935
coreA 194 5710 77553 31.366
coreA 195 5701 77061 31.2896
coreA 196 5667 76571 31.3217
coreA 197 5670 76065 31.299
coreA 198 5643 75596 31.2582
coreA 199 5672 75070 31.2246
coreA 200 5592 74581 31.1696
coreA 201 5603 74059 31.2273
coreA 202 5618 73584 31.1366
coreA 203 5581 73103 31.151
coreA 204 5571 72611 31.0707
coreA 205 5556 72146 31.0836
coreA 206 5551 71660 31.0282
coreA 207 5538 71172 31.0018
coreA 208 5550 70623 30.9661
coreA 209 5528 70098 30.9294
coreA 210 5501 69589 30.9103
coreA 211 5491 69098 30.889
coreA 212 5488 68563 30.8521
coreA 213 5484 68088 30.8842
coreA 214 5429 67582 30.7942
coreA 215 5421 67080 30.8001
coreA 216 5396 66535 30.7612
coreA 217 5407 65991 30.7326
coreA 218 5364 65506 30.7116
coreA 219 5407 65041 30.6582
coreA 220 5338 64542 30.6414
coreA 221 5290 64015 30.6207
coreA 222 5308 63521 30.5987
coreA 223 5281 63036 30.5713
coreA 224 5260 62580 30.5037
coreA 225 5254 62062 31.503
coreA 226 5245 61594 31.4332
coreA 227 5252 61128 31.3754
coreA 228 5219 60699 31.3596
coreA 229 5202 60235 31.3558
coreA 230 5177 59791 31.38
coreA 231 5194 59352 31.3375
coreA 232 5157 58883 31.2882
coreA 233 5125 58431 31.2564
coreA 234 5131 57987 31.2175
coreA 235 5132 57550 31.2377
coreA 236 5072 57132 31.1862
coreA 237 5045 56613 31.1898
coreA 238 5050 56063 31.1214
coreA 239 5015 55631 31.093
coreA 240 4990 55213 31.0941
coreA 241 5020 54806 31.037
coreA 242 4997 54350 31.0504
coreA 243 4963 53915 31.0108
coreA 244 4944 53509 30.9716
coreA 245 4948 53015 30.9728
coreA 246 4924 52586 30.9311
coreA 247 4896 52168 30.9441
coreA 248 4914 51715 30.8948
coreA 249 4878 51318 30.9064
coreA 250 4870 50921 30.7681
coreA 251 4866 50479 30.7777
coreA 252 4814 50016 30.745
coreA 253 4800 49608 30.7423
coreA 254 4791 49190 30.7509
coreA 255 4798 48755 30.6477
coreA 256 4743 48357 30.6241
coreA 257 4749 47938 30.6425
coreA 258 4690 47507 30.5852
coreA 259 4715 47073 30.5869
coreA 260 4658 46683 30.6611
coreA 261 4677 46267 30.5238
coreA 262 4633 45917 30.546
coreA 263 4608 45498 30.4792
coreA 264 4641 45056 30.6027
coreA 265 4580 44628 30.4413
coreA 266 4625 44184 30.5327
coreA 267 4563 43829 30.451
coreA 268 4543 43447 30.4186
coreA 269 4536 43056 30.3852
coreA 270 4528 42658 30.3755
coreA 271 4518 42269 30.4242
coreA 272 4474 41852 30.3171
coreA 273 4489 41490 30.3177
coreA 274 4443 41095 30.2929
coreA 275 4430 40683 30.4434
coreA 276 4396 40282 30.2637
coreA 277 4398 39898 30.3176
coreA 278 4391 39537 30.2036
coreA 279 4390 39181 30.1842
coreA 280 4348 38799 30.2119
coreA 281 4335 38407 30.1781
coreA 282 4323 38041 30.1819
coreA 283 4315 37671 30.1416
coreA 284 4275 37327 30.1323
coreA 285 4253 36940 30.119
coreA 286 4241 36590 24.3556
coreA 287 4205 36250 20.0996
coreA 288 4227 35908 20.0713
coreA 289 4155 35511 30.1394
coreA 290 4161 35134 29.976
coreA 291 4140 34831 29.9946
coreA 292 4121 34511 29.9424
coreA 293 4101 34114 29.9316
coreA 294 4068 33696 29.9368
coreA 295 4068 33294 29.9206
coreA 296 4050 32940 30.0139
coreA 297 4015 32574 29.8537
coreA 298 4049 32223 29.99
coreA 299 4001 31865 29.9243
coreA 300 3989 31534 29.9195
coreA 301 3940 31212 29.8807
coreA 302 3922 30897 29.8861
coreA 303 3937 30555 29.8605
coreA 304 3915 30238 29.8712
coreA 305 3905 29915 29.9477
coreA 306 3880 29610 29.8672
coreA 307 3831 29278 29.9743
coreA 308 3809 28999 29.7974
coreA 309 3776 28694 29.8451
coreA 310 3795 28379 29.7692
coreA 311 3793 28049 29.7746
coreA 312 3767 27692 29.7676
coreA 313 3763 27414 29.7574
coreA 314 3730 27136 29.7489
coreB 1 1126 2017 25.8824
coreB 2 1649 1992 26.257
coreB 3 1777 1992 25.7561
coreB 4 1826 1992 25.8759
coreB 5 1888 1628 25.6956
coreB 6 1913 1628 25.7618
coreB 7 1900 1628 25.7959
coreB 8 1936 1628 25.7831
coreB 9 1912 1628 25.5877
coreB 10 1946 1628 26.6086
coreB 11 1990 1373 26.0888
coreB 12 1997 1373 26.2134
coreB 13 1997 1373 26.2315
coreB 14 1951 1373 26.2317
coreB 15 1993 1372 26.2473
coreB 16 1986 915 26.7859
coreB 17 2013 915 26.8009
coreB 18 1960 914 26.7918
coreB 19 1974 909 26.799
coreB 20 1949 837 26.8209
coreB 21 1959 741 26.903
coreB 22 1978 721 26.8904
coreB 23 1964 719 26.2253
coreB 24 1945 648 25.9729
coreB 25 1952 641 26.2675
coreB 26 1947 635 25.6376
coreB 27 1933 628 25.6564
coreB 28 1938 621 25.6574
coreB 29 1926 615 25.6607
coreB 30 1907 610 25.6459
coreB 31 1916 604 26.3572
coreB 32 1918 599 25.6743
coreB 33 1917 594 25.7529
coreB 34 1867 590 25.781
coreB 35 1882 586 25.6344
coreB 36 1865 582 25.6583
coreB 37 1901 577 25.7702
coreB 38 1832 572 26.0421
coreB 39 1828 569 26.3121
coreB 40 1848 564 26.3466
coreB 41 1844 560 26.041
coreB 42 1829 557 25.632
coreB 43 1841 553 26.0283
coreB 44 1822 550 25.7167
coreB 45 1793 546 25.7448
coreB 46 1807 543 25.7205
coreB 47 1781 540 25.8079
coreB 48 1826 537 26.0359
coreB 49 1803 534 25.7149
coreB 50 1772 531 25.638
coreB 51 1777 528 25.6512
coreB 52 1814 525 26.2818
coreB 53 1784 522 26.0294
coreB 54 1763 520 25.7002
coreB 55 1746 518 25.6017
coreB 56 1744 516 25.6259
coreB 57 1730 514 25.6462
coreB 58 1738 511 26.26
coreB 59 1762 509 25.6394
coreB 60 1754 507 26.2723
coreB 61 1743 504 25.6521
coreB 62 1729 502 25.6669
coreB 63 1701 500 25.6584
coreB 64 1714 498 25.5546
coreB 65 1709 496 25.9997
coreB 66 1707 494 25.5681
coreB 67 1725 492 25.687
coreB 68 1724 491 25.5994
coreB 69 1722 489 25.633
coreB 70 1665 488 25.9935
coreB 71 1666 486 25.6637
coreB 72 1680 484 25.6793
coreB 73 1704 482 26.0017
coreB 74 1665 480 25.6995
coreB 75 1679 479 25.8476
coreB 76 1647 477 25.7208
coreB 77 1685 476 25.5927
coreB 78 1642 474 26.0742
coreB 79 1623 473 26.0916
coreB 80 1644 471 25.7026
coreB 81 1704 470 25.6641
coreB 82 1634 468 25.5595
coreB 83 1652 467 25.5738
coreB 84 1660 465 25.7722
coreB 85 1638 464 25.6736
coreB 86 1666 463 25.6761
coreB 87 1660 461 25.4368
coreB 88 1691 460 25.7631
coreB 89 1655 459 25.7188
coreB 90 1610 457 25.6913
coreB 91 1654 456 25.7534
coreB 92 1595 454 25.8176
coreB 93 1608 454 25.813
coreB 94 1640 452 25.72
coreB 95 1640 450 25.732
coreB 96 1612 449 25.7257
coreB 97 1588 448 26.4285
coreB 98 1652 447 26.449
coreB 99 1646 446 25.7691
coreB 100 1628 444 26.4142
coreB 101 1601 443 26.4715
coreB 102 1636 442 25.7409
coreB 103 1649 441 25.8238
coreB 104 1656 440 25.8977
coreB 105 1635 438 25.935
coreB 106 1636 438 26.4494
coreB 107 1602 436 25.899
coreB 108 1644 435 25.8275
coreB 109 1609 434 25.8166
coreB 110 1607 433 25.8175
coreB 111 1579 432 25.9317
coreB 112 1607 431 26.4653
coreB 113 1584 430 26.5295
coreB 114 1602 429 26.0386
coreB 115 1581 428 25.9284
coreB 116 1572 427 25.9416
coreB 117 1575 426 25.8696
coreB 118 1543 425 25.8528
coreB 119 1571 424 25.8193
coreB 120 1561 423 25.8525
coreB 121 1546 422 25.8185
coreB 122 1557 421 25.9483
coreB 123 1570 420 26.4626
coreB 124 1558 419 25.8536
coreB 125 1588 418 25.9646
coreB 126 1521 418 26.4961
coreB 127 1564 416 26.4886
coreB 128 1563 416 25.8159
coreB 129 1532 415 25.864
coreB 130 1577 414 25.8391
coreB 131 1520 413 25.8908
coreB 132 1569 412 25.7821
coreB 133 1550 411 25.9016
coreB 134 1571 410 25.8994
coreB 135 1568 409 25.8006
coreB 136 1522 408 25.753
coreB 137 1573 407 25.9696
coreB 138 1519 406 26.4891
coreB 139 1497 405 25.8057
coreB 140 1533 405 25.7588
coreB 141 1515 404 25.6905
coreB 142 1541 403 25.6681
coreB 143 1520 402 25.7686
coreB 144 1529 401 25.7431
coreB 145 1506 401 26.0147
coreB 146 1529 400 25.8595
coreB 147 1550 399 25.8131
coreB 148 1514 398 25.7901
coreB 149 1489 397 26.0082
coreB 150 1509 397 25.9417
coreB 151 1483 396 25.7008
coreB 152 1497 395 25.7766
coreB 153 1472 394 25.7022
coreB 154 1482 393 25.6335
coreB 155 1520 392 26.5062
coreB 156 1482 392 25.7302
coreB 157 1510 391 25.6519
coreB 158 1503 390 25.6979
coreB 159 1477 389 26.3579
coreB 160 1468 389 25.7937
coreB 161 1503 388 25.9357
coreB 162 1510 387 25.795
coreB 163 1509 387 25.7998
coreB 164 1471 386 25.9116
coreB 165 1430 386 25.7035
coreB 166 1480 385 25.7517
coreB 167 1465 384 25.787
coreB 168 1448 384 26.3961
coreB 169 1484 383 26.4042
coreB 170 1431 382 26.3888
coreB 171 1443 381 26.457
coreB 172 1475 381 26.4164
coreB 173 1448 380 25.7966
coreB 174 1460 379 25.7628
coreB 175 1444 379 26.4102
coreB 176 1402 378 26.5699
coreB 177 1453 377 26.3056
coreB 178 1400 377 25.6599
coreB 179 1451 376 25.7378
coreB 180 1420 376 25.6206
coreB 181 1437 375 25.7201
coreB 182 1419 374 25.7832
coreB 183 1422 374 25.7141
coreB 184 1441 373 25.9702
coreB 185 1462 373 26.3883
coreB 186 1419 372 25.7233
coreB 187 1428 371 25.7682
coreB 188 1415 371 25.768
coreB 189 1429 370 25.7769
coreB 190 1432 369 25.7771
coreB 191 1389 368 25.6958
coreB 192 1422 368 25.8203
coreB 193 1401 367 25.7094
coreB 194 1447 367 26.3652
coreB 195 1400 366 26.39
coreB 196 1422 366 26.3273
coreB 197 1441 365 25.7816
coreB 198 1457 364 25.7213
coreB 199 1418 364 26.4528
coreB 200 1407 363 25.7882
coreB 201 1428 363 26.4166
coreB 202 1420 362 26.4142
coreB 203 1394 361 25.8898
coreB 204 1409 361 26.3853
coreB 205 1401 360 25.7923
coreB 206 1366 360 25.6748
coreB 207 1417 359 26.3336
coreB 208 1364 359 25.6756
coreB 209 1386 358 25.6791
coreB 210 1403 358 25.6937
coreB 211 1449 357 26.3666
coreB 212 1371 357 25.8505
coreB 213 1393 356 25.8375
coreB 214 1395 356 25.7405
coreB 215 1395 355 25.6818
coreB 216 1429 355 25.6787
coreB 217 1380 354 25.6147
coreB 218 1358 354 25.9241
coreB 219 1388 353 25.669
coreB 220 1351 353 25.7217
coreB 221 1382 352 26.2784
coreB 222 1352 352 25.6228
coreB 223 1335 351 26.2139
coreB 224 1389 351 25.6832
coreB 225 1364 350 25.7211
coreB 226 1359 350 25.6462
coreB 227 1344 349 25.6534
coreB 228 1362 348 25.83
coreB 229 1363 348 25.6867
coreB 230 1360 347 25.8862
coreB 231 1359 347 25.7764
coreB 232 1320 346 25.895
coreB 233 1353 346 25.7674
coreB 234 1334 345 25.723
coreB 235 1355 345 26.4303
coreB 236 1330 344 25.936
coreB 237 1321 344 25.7522
coreB 238 1293 343 25.7606
coreB 239 1340 343 25.7007
coreB 240 1327 342 25.6461
coreB 241 1327 342 25.7067
coreB 242 1312 342 25.6941
coreB 243 1283 341 25.6552
coreB 244 1327 341 25.7538
coreB 245 1308 340 25.6199
coreB 246 1295 340 25.6176
coreB 247 1293 339 25.7576
coreB 248 1306 339 25.7416
coreB 249 1290 339 25.6437
coreB 250 1299 338 25.6684
coreB 251 1294 338 25.6411
coreB 252 1321 337 25.6558
coreB 253 1331 337 25.6606
coreB 254 1277 336 25.8133
coreB 255 1270 336 25.7262
coreB 256 1283 336 26.271
coreB 257 1289 335 25.6476
coreB 258 1295 334 25.9011
coreB 259 1237 334 26.4418
coreB 260 1301 333 25.9737
coreB 261 1255 333 25.7499
coreB 262 1252 333 25.7915
coreB 263 1266 332 25.8371
coreB 264 1235 332 25.8229
coreB 265 1265 331 25.7703
coreB 266 1272 331 25.6589
coreB 267 1254 331 26.3869
coreB 268 1270 330 25.7458
coreB 269 1257 330 25.6919
coreB 270 1254 330 25.6889
coreB 271 1234 329 26.4005
coreB 272 1258 329 25.748
coreB 273 1253 329 25.901
coreB 274 1264 328 25.7357
coreB 275 1244 328 25.6895
coreB 276 1241 327 25.7804
coreB 277 1269 327 25.9065
coreB 278 1236 327 25.7457
coreB 279 1242 326 25.7992
coreB 280 1273 326 26.3981
coreB 281 1244 326 26.3563
coreB 282 1222 326 25.6162
coreB 283 1232 325 25.7334
coreB 284 1203 325 25.8476
coreB 285 1243 324 25.8511
coreB 286 1249 324 25.7775
coreB 287 1201 324 26.4328
coreB 288 1220 323 26.4074
coreB 289 1238 323 25.7886
coreB 290 1223 323 25.7178
coreB 291 1229 322 25.7504
coreB 292 1226 322 25.707
coreB 293 1213 322 25.732
coreB 294 1212 321 25.7178
coreB 295 1199 321 25.6859
coreB 296 1194 321 25.7046
coreB 297 1218 320 25.8779
coreB 298 1242 320 25.6137
coreB 299 1169 320 25.5584
coreB 300 1214 320 25.7789
coreB 301 1199 319 26.2686
coreB 302 1223 319 25.8124
coreB 303 1188 319 26.1998
coreB 304 1176 318 26.235
coreB 305 1230 318 26.2194
coreB 306 1186 318 26.2993
coreB 307 1174 317 25.5654
coreB 308 1181 317 25.7679
coreB 309 1216 316 25.6712
coreB 310 1161 316 26.2725
coreB 311 1198 316 25.6511
coreB 312 1190 315 25.7583
coreB 313 1196 315 25.6543
coreB 314 1197 314 26.3498
total 9126.23
