coreA 1 4767 345056 56.3865
coreA 2 4767 345056 54.2576
coreA 3 4767 345056 53.0742
coreA 4 4767 345056 45.8189
coreA 5 4767 345056 50.7298
coreA 6 4767 345056 144.684
coreA 7 4772 345056 49.5145
coreA 8 4767 345053 49.9317
coreA 9 4776 345050 129.434
coreA 10 4779 345038 49.0036
coreA 11 4771 345016 51.3479
coreA 12 4762 344955 48.2356
coreA 13 4766 344855 47.9903
coreA 14 4747 344723 45.9426
coreA 15 4777 344541 43.0289
coreA 16 4765 344237 75.2632
coreA 17 4760 343823 99.2814
coreA 18 4770 343102 77.2634
coreA 19 4777 341701 124.88
coreA 20 4736 339736 44.5893
coreA 21 4743 337030 48.8298
coreA 22 4752 333708 141.714
coreA 23 4743 329976 46.1354
coreA 24 4748 326085 47.3395
coreA 25 4751 322531 93.5587
coreA 26 4726 319291 46.5157
coreA 27 4745 316670 47.1607
coreA 28 4697 314488 46.0321
coreA 29 4720 312440 45.6039
coreA 30 4709 310364 47.2881
coreA 31 4711 308463 47.0179
coreA 32 4699 306372 46.8443
coreA 33 4711 304178 46.0278
coreA 34 4652 301959 123.838
coreA 35 4645 299639 234.203
coreA 36 4692 297315 46.1567
coreA 37 4700 294867 92.6446
coreA 38 4676 292396 45.8805
coreA 39 4654 289945 90.2363
coreA 40 4629 287281 46.3676
coreA 41 4617 284739 45.7913
coreA 42 4602 282162 45.4717
coreA 43 4592 279591 102.851
coreA 44 4595 277160 49.8031
coreA 45 4587 274809 44.8792
coreA 46 4570 272426 44.6888
coreA 47 4591 269966 90.7643
coreA 48 4567 267504 44.2665
coreA 49 4570 265104 45.9867
coreA 50 4525 262520 46.6828
coreA 51 4543 260032 45.0712
coreA 52 4535 257503 44.6862
coreA 53 4510 255118 49.0293
coreA 54 4498 252661 49.9186
coreA 55 4487 250166 49.1361
coreA 56 4452 247656 69.6632
coreA 57 4476 245114 73.2371
coreA 58 4431 242492 44.4172
coreA 59 4433 239817 79.611
coreA 60 4400 237137 112.643
coreA 61 4380 234377 82.9561
coreA 62 4372 231596 48.8306
coreA 63 4387 228878 43.2411
coreA 64 4376 225958 42.8637
coreA 65 4356 223092 50.462
coreA 66 4282 220288 66.3068
coreA 67 4311 217544 65.8767
coreA 68 4283 214909 75.0569
coreA 69 4299 212278 44.4759
coreA 70 4273 209683 44.4911
coreA 71 4276 207182 42.5572
coreA 72 4256 204618 85.489
coreA 73 4230 202057 42.6426
coreA 74 4206 199629 42.7325
coreA 75 4205 197208 42.3015
coreA 76 4196 194827 43.1478
coreA 77 4187 192475 157.741
coreA 78 4166 190133 43.2309
coreA 79 4137 187897 148.489
coreA 80 4121 185729 43.0573
coreA 81 4141 183573 43.7686
coreA 82 4137 181391 43.056
coreA 83 4097 179284 134.066
coreA 84 4061 177210 132.97
coreA 85 4131 175227 41.8342
coreA 86 4090 173134 46.4121
coreA 87 4049 170984 41.8828
coreA 88 4046 169008 53.2611
coreA 89 4008 167082 56.9215
coreA 90 4014 165119 41.7686
coreA 91 3987 163106 41.1761
coreA 92 4006 161075 112.699
coreA 93 3978 158971 42.0286
coreA 94 3966 157028 41.9052
coreA 95 3939 155107 41.3793
coreA 96 3889 153193 41.3725
coreA 97 3920 151335 105.968
coreA 98 3918 149506 53.4675
coreA 99 3901 147695 40.7282
coreA 100 3874 145878 44.2219
coreA 101 3872 144198 40.7633
coreA 102 3855 142388 43.7711
coreA 103 3852 140644 47.7607
coreA 104 3813 138907 44.9785
coreA 105 3812 137136 106.911
coreA 106 3801 135363 41.5484
coreA 107 3778 133611 41.4474
coreA 108 3742 131945 121.538
coreA 109 3722 130293 203.777
coreA 110 3741 128674 41.6965
coreA 111 3698 127084 41.3748
coreA 112 3718 125471 90.515
coreA 113 3701 123862 50.2785
coreA 114 3714 122305 76.4383
coreA 115 3665 120748 49.8829
coreA 116 3641 119175 39.0501
coreA 117 3643 117634 75.5288
coreA 118 3641 116083 77.7344
coreA 119 3654 114539 44.4536
coreA 120 3590 113047 81.192
coreA 121 3573 111456 52.9516
coreA 122 3580 109937 52.3244
coreA 123 3548 108435 39.7515
coreA 124 3553 106872 78.3885
coreA 125 3514 105391 41.4393
coreA 126 3541 103909 43.215
coreA 127 3489 102479 38.0012
coreA 128 3486 101007 39.2185
coreA 129 3480 99545 53.0195
coreA 130 3431 98089 39.5709
coreA 131 3439 96637 94.4877
coreA 132 3404 95229 51.2108
coreA 133 3386 93737 38.8848
coreA 134 3382 92297 38.5752
coreA 135 3386 90876 78.7439
coreA 136 3333 89500 53.9552
coreA 137 3341 88133 42.1069
coreA 138 3315 86818 41.2253
coreA 139 3318 85429 189.63
coreA 140 3266 84155 40.8644
coreA 141 3273 82744 40.8005
coreA 142 3273 81384 42.0656
coreA 143 3221 80017 41.0911
coreA 144 3234 78655 40.3246
coreA 145 3203 77268 44.9145
coreA 146 3197 75952 40.9262
coreA 147 3184 74676 127.125
coreA 148 3155 73375 40.6705
coreA 149 3134 72054 40.0712
coreA 150 3113 70792 105.752
coreA 151 3100 69486 40.5219
coreA 152 3086 68200 188.181
coreA 153 3084 66953 41.0773
coreA 154 3070 65692 78.9469
coreA 155 3089 64511 151.243
coreA 156 3030 63297 45.5153
coreA 157 3009 62080 41.1588
coreA 158 2991 60892 40.9789
coreA 159 2976 59723 47.2278
coreA 160 2928 58515 52.6345
coreA 161 2940 57331 36.0855
coreA 162 2905 56186 68.5662
coreA 163 2900 55055 52.2509
coreA 164 2843 53973 49.6217
coreA 165 2879 52777 121.042
coreA 166 2810 51665 97.552
coreA 167 2782 50525 79.1083
coreA 168 2810 49417 40.755
coreA 169 2786 48298 44.1733
coreA 170 2746 47212 50.1772
coreA 171 2723 46127 48.5846
coreA 172 2729 45069 98.6668
coreA 173 2700 44046 107.749
coreA 174 2655 43046 78.3886
coreA 175 2654 42055 43.186
coreA 176 2631 41072 70.1661
coreA 177 2578 40067 39.9448
coreA 178 2571 39085 39.5144
coreA 179 2557 38150 42.2186
coreA 180 2545 37308 44.3741
coreA 181 2506 36368 101.511
coreA 182 2502 35529 40.6666
coreA 183 2438 34670 136.72
coreA 184 2446 33858 79.2515
coreA 185 2420 32962 49.38
coreA 186 2417 32095 39.4739
coreA 187 2373 31285 137.914
coreA 188 2363 30529 88.61
coreA 189 2337 29723 40.0954
coreA 190 2340 28957 39.7292
coreA 191 2307 28217 80.5601
coreA 192 2280 27500 40.5796
coreB 1 636 1585 4.54687
coreB 2 1210 1131 38.5216
coreB 3 1334 1067 38.2228
coreB 4 1345 1022 324.062
coreB 5 1417 965 38.6387
coreB 6 1404 914 35.8184
coreB 7 1413 884 324.08
coreB 8 1414 864 38.0303
coreB 9 1417 843 249.706
coreB 10 1427 828 110.452
coreB 11 1443 800 73.614
coreB 12 1444 745 37.8335
coreB 13 1425 666 74.0357
coreB 14 1417 599 38.189
coreB 15 1432 568 291.817
coreB 16 1412 551 37.7575
coreB 17 1405 529 268.111
coreB 18 1361 513 38.0021
coreB 19 1315 500 38.4397
coreB 20 1337 484 38.1239
coreB 21 1326 468 38.0724
coreB 22 1346 456 72.88
coreB 23 1303 441 37.9579
coreB 24 1332 410 38.0359
coreB 25 1299 386 223.421
coreB 26 1306 373 330.309
coreB 27 1282 360 289.122
coreB 28 1275 346 38.6847
coreB 29 1300 331 285.43
coreB 30 1289 317 39.1545
coreB 31 1303 314 224.628
coreB 32 1277 312 36.6239
coreB 33 1269 310 38.6681
coreB 34 1232 309 270.639
coreB 35 1250 307 229.98
coreB 36 1237 306 37.7419
coreB 37 1278 304 36.8341
coreB 38 1233 302 36.8126
coreB 39 1280 301 36.6877
coreB 40 1274 299 36.623
coreB 41 1233 298 36.7768
coreB 42 1212 297 34.8867
coreB 43 1244 295 36.6239
coreB 44 1211 293 108.752
coreB 45 1208 292 36.8166
coreB 46 1248 290 232.93
coreB 47 1209 289 36.5388
coreB 48 1260 288 34.8837
coreB 49 1245 287 209.001
coreB 50 1223 286 35.1268
coreB 51 1243 285 36.6741
coreB 52 1208 284 293.293
coreB 53 1211 282 36.8778
coreB 54 1188 280 286.969
coreB 55 1203 279 36.813
coreB 56 1196 277 34.6184
coreB 57 1204 276 35.7389
coreB 58 1181 275 36.9461
coreB 59 1201 273 36.2172
coreB 60 1138 272 233.935
coreB 61 1192 270 37.4263
coreB 62 1165 269 196.228
coreB 63 1154 268 36.7776
coreB 64 1184 267 245.032
coreB 65 1187 265 37.5948
coreB 66 1168 264 38.3198
coreB 67 1161 263 246.602
coreB 68 1159 262 36.7937
coreB 69 1192 261 182.919
coreB 70 1154 259 36.2539
coreB 71 1149 258 35.4217
coreB 72 1142 257 36.8551
coreB 73 1127 255 266.789
coreB 74 1111 254 276.462
coreB 75 1139 253 72.4182
coreB 76 1155 252 35.381
coreB 77 1129 251 35.4906
coreB 78 1104 250 37.3695
coreB 79 1108 248 34.7809
coreB 80 1096 248 37.0129
coreB 81 1134 247 293.404
coreB 82 1094 246 36.8995
coreB 83 1125 245 35.01
coreB 84 1091 244 273.884
coreB 85 1105 243 36.843
coreB 86 1079 242 35.2821
coreB 87 1094 241 245.983
coreB 88 1102 240 37.1935
coreB 89 1062 240 267.411
coreB 90 1085 239 37.4007
coreB 91 1112 238 36.4237
coreB 92 1059 238 71.5689
coreB 93 1090 237 37.8298
coreB 94 1093 236 36.7651
coreB 95 1066 236 35.7117
coreB 96 1059 235 37.1139
coreB 97 1053 234 34.9684
coreB 98 1045 234 245.354
coreB 99 1069 233 238.135
coreB 100 1058 232 35.5459
coreB 101 1059 231 37.1133
coreB 102 1044 231 36.407
coreB 103 1016 230 250.323
coreB 104 1045 230 35.6425
coreB 105 1052 229 35.5988
coreB 106 1019 228 36.1562
coreB 107 1016 228 223.701
coreB 108 1032 227 250.97
coreB 109 1040 226 252.128
coreB 110 1037 226 37.1259
coreB 111 1032 225 36.4096
coreB 112 992 225 250.285
coreB 113 1033 225 35.6162
coreB 114 1033 224 35.0231
coreB 115 1029 223 36.844
coreB 116 1042 223 223.14
coreB 117 1004 222 36.1371
coreB 118 1038 222 36.1684
coreB 119 1001 221 38.0255
coreB 120 1003 221 83.3891
coreB 121 987 220 214.257
coreB 122 994 219 174.993
coreB 123 985 219 243.473
coreB 124 1008 219 36.62
coreB 125 1016 218 37.191
coreB 126 975 218 35.6057
coreB 127 1014 217 244.391
coreB 128 980 217 72.1212
coreB 129 992 216 36.1872
coreB 130 975 216 71.3127
coreB 131 961 215 273.37
coreB 132 999 215 37.4512
coreB 133 941 214 37.5883
coreB 134 985 214 239.571
coreB 135 960 214 153.505
coreB 136 957 213 186.924
coreB 137 959 213 36.6921
coreB 138 950 212 36.1086
coreB 139 971 212 285.376
coreB 140 953 212 127.101
coreB 141 975 211 192.619
coreB 142 966 210 36.7234
coreB 143 937 210 37.4843
coreB 144 933 210 36.8066
coreB 145 939 209 217.774
coreB 146 957 209 37.3776
coreB 147 913 208 91.7524
coreB 148 935 208 37.2036
coreB 149 934 208 35.7214
coreB 150 916 207 36.7288
coreB 151 932 207 208.528
coreB 152 943 207 208.441
coreB 153 921 206 271.161
coreB 154 898 206 72.7418
coreB 155 915 205 35.6486
coreB 156 929 205 249.824
coreB 157 911 204 37.8311
coreB 158 891 204 36.4685
coreB 159 898 204 223.32
coreB 160 914 203 235.613
coreB 161 880 203 35.6473
coreB 162 881 203 202.222
coreB 163 902 202 35.6092
coreB 164 894 202 174.466
coreB 165 921 202 35.3925
coreB 166 882 201 115.216
coreB 167 865 201 265.388
coreB 168 847 201 37.6188
coreB 169 935 200 36.651
coreB 170 877 200 209.096
coreB 171 864 200 257.243
coreB 172 938 199 36.5188
coreB 173 883 199 35.3124
coreB 174 878 199 256.643
coreB 175 890 199 36.6274
coreB 176 843 198 199.576
coreB 177 863 198 37.6808
coreB 178 880 198 271.627
coreB 179 858 197 35.6898
coreB 180 856 197 83.3248
coreB 181 871 197 240.122
coreB 182 859 196 37.4751
coreB 183 845 196 35.7837
coreB 184 833 195 35.5662
coreB 185 821 195 35.4637
coreB 186 817 195 166.466
coreB 187 797 194 221.414
coreB 188 826 194 35.957
coreB 189 858 193 78.2984
coreB 190 810 193 202.83
coreB 191 814 193 180.574
coreB 192 789 192 36.0039
total 337.485
coreA 1 4767 345056 144.218
coreA 2 4767 345056 9.74167
coreA 3 4767 345056 8.64632
coreA 4 4767 345056 50.9027
coreA 5 4767 345056 101.282
coreA 6 4767 345056 16.8312
coreA 7 4772 345056 49.1312
coreA 8 4767 345053 49.6902
coreA 9 4776 345050 37.5091
coreA 10 4779 345038 47.6873
coreA 11 4771 345016 48.8194
coreA 12 4762 344955 36.3676
coreA 13 4766 344855 49.2933
coreA 14 4747 344723 52.5917
coreA 15 4777 344541 47.2434
coreA 16 4765 344237 52.2013
coreA 17 4760 343823 38.9737
coreA 18 4770 343102 48.9305
coreA 19 4777 341701 52.2881
coreA 20 4736 339736 47.1215
coreA 21 4743 337030 109.495
coreA 22 4752 333708 18.672
coreA 23 4743 329976 45.7191
coreA 24 4748 326085 53.7798
coreA 25 4751 322531 42.6622
coreA 26 4726 319291 49.3381
coreA 27 4745 316670 25.8799
coreA 28 4697 314488 45.6089
coreA 29 4720 312440 118.977
coreA 30 4709 310364 46.6869
coreA 31 4711 308463 53.7246
coreA 32 4699 306372 45.2789
coreA 33 4711 304178 54.3944
coreA 34 4652 301959 43.2948
coreA 35 4645 299639 45.8287
coreA 36 4692 297315 109.898
coreA 37 4700 294867 19.8657
coreA 38 4676 292396 45.6197
coreA 39 4654 289945 115.369
coreA 40 4629 287281 19.5357
coreA 41 4617 284739 45.1928
coreA 42 4602 282162 53.863
coreA 43 4592 279591 43.9225
coreA 44 4595 277160 140.443
coreA 45 4587 274809 45.0365
coreA 46 4570 272426 54.9243
coreA 47 4591 269966 43.0031
coreA 48 4567 267504 114.387
coreA 49 4570 265104 20.1662
coreA 50 4525 262520 44.5854
coreA 51 4543 260032 56.2048
coreA 52 4535 257503 43.386
coreA 53 4510 255118 43.1584
coreA 54 4498 252661 117.789
coreA 55 4487 250166 19.0874
coreA 56 4452 247656 44.2581
coreA 57 4476 245114 55.4619
coreA 58 4431 242492 43.4492
coreA 59 4433 239817 43.8862
coreA 60 4400 237137 54.5129
coreA 61 4380 234377 43.3681
coreA 62 4372 231596 86.5421
coreA 63 4387 228878 18.0955
coreA 64 4376 225958 44.7795
coreA 65 4356 223092 55.8582
coreA 66 4282 220288 42.3855
coreA 67 4311 217544 43.4173
coreA 68 4283 214909 53.7639
coreA 69 4299 212278 41.5624
coreA 70 4273 209683 117.339
coreA 71 4276 207182 42.6738
coreA 72 4256 204618 52.9991
coreA 73 4230 202057 44.5605
coreA 74 4206 199629 105.073
coreA 75 4205 197208 20.6808
coreA 76 4196 194827 42.1977
coreA 77 4187 192475 48.3987
coreA 78 4166 190133 47.1128
coreA 79 4137 187897 41.4049
coreA 80 4121 185729 45.6392
coreA 81 4141 183573 47.7132
coreA 82 4137 181391 43.0823
coreA 83 4097 179284 52.338
coreA 84 4061 177210 42.7109
coreA 85 4131 175227 42.5927
coreA 86 4090 173134 50.2829
coreA 87 4049 170984 44.2046
coreA 88 4046 169008 52.6733
coreA 89 4008 167082 24.7369
coreA 90 4014 165119 41.995
coreA 91 3987 163106 51.0851
coreA 92 4006 161075 43.5613
coreA 93 3978 158971 42.9351
coreA 94 3966 157028 50.4609
coreA 95 3939 155107 43.1288
coreA 96 3889 153193 40.252
coreA 97 3920 151335 43.6151
coreA 98 3918 149506 50.1727
coreA 99 3901 147695 41.9632
coreA 100 3874 145878 143.902
coreA 101 3872 144198 43.2246
coreA 102 3855 142388 50.7579
coreA 103 3852 140644 42.6667
coreA 104 3813 138907 40.5607
coreA 105 3812 137136 44.8087
coreA 106 3801 135363 40.1279
coreA 107 3778 133611 43.8153
coreA 108 3742 131945 40.7187
coreA 109 3722 130293 45.6546
coreA 110 3741 128674 41.0966
coreA 111 3698 127084 45.4024
coreA 112 3718 125471 44.8689
coreA 113 3701 123862 40.0597
coreA 114 3714 122305 44.1339
coreA 115 3665 120748 39.6262
coreA 116 3641 119175 39.6844
coreA 117 3643 117634 54.3791
coreA 118 3641 116083 23.1464
coreA 119 3654 114539 43.2651
coreA 120 3590 113047 52.6407
coreA 121 3573 111456 39.4995
coreA 122 3580 109937 40.823
coreA 123 3548 108435 44.4098
coreA 124 3553 106872 44.0959
coreA 125 3514 105391 41.9539
coreA 126 3541 103909 49.8802
coreA 127 3489 102479 47.3791
coreA 128 3486 101007 26.7774
coreA 129 3480 99545 40.4212
coreA 130 3431 98089 128.897
coreA 131 3439 96637 14.3464
coreA 132 3404 95229 41.8876
coreA 133 3386 93737 48.7311
coreA 134 3382 92297 39.3493
coreA 135 3386 90876 40.4447
coreA 136 3333 89500 45.493
coreA 137 3341 88133 40.2958
coreA 138 3315 86818 103.507
coreA 139 3318 85429 18.3821
coreA 140 3266 84155 46.1835
coreA 141 3273 82744 26.0897
coreA 142 3273 81384 16.9814
coreA 143 3221 80017 41.9233
coreA 144 3234 78655 49.8801
coreA 145 3203 77268 36.6376
coreA 146 3197 75952 43.184
coreA 147 3184 74676 26.1715
coreA 148 3155 73375 41.3044
coreA 149 3134 72054 47.6647
coreA 150 3113 70792 35.6209
coreA 151 3100 69486 86.4964
coreA 152 3086 68200 14.6731
coreA 153 3084 66953 39.9456
coreA 154 3070 65692 43.021
coreA 155 3089 64511 42.4808
coreA 156 3030 63297 26.4761
coreA 157 3009 62080 41.4457
coreA 158 2991 60892 48.1744
coreA 159 2976 59723 34.7583
coreA 160 2928 58515 40.8602
coreA 161 2940 57331 45.5257
coreA 162 2905 56186 35.5382
coreA 163 2900 55055 41.11
coreA 164 2843 53973 45.6462
coreA 165 2879 52777 34.1933
coreA 166 2810 51665 39.9147
coreA 167 2782 50525 42.6251
coreA 168 2810 49417 40.5084
coreA 169 2786 48298 99.8693
coreA 170 2746 47212 16.6693
coreA 171 2723 46127 39.354
coreA 172 2729 45069 39.6311
coreA 173 2700 44046 40.3093
coreA 174 2655 43046 44.6973
coreA 175 2654 42055 40.9359
coreA 176 2631 41072 46.2997
coreA 177 2578 40067 40.918
coreA 178 2571 39085 47.0697
coreA 179 2557 38150 30.454
coreA 180 2545 37308 34.7564
coreA 181 2506 36368 28.244
coreA 182 2502 35529 37.6571
coreA 183 2438 34670 25.8637
coreA 184 2446 33858 35.6593
coreA 185 2420 32962 27.7562
coreA 186 2417 32095 36.9267
coreA 187 2373 31285 26.7497
coreA 188 2363 30529 32.1241
coreA 189 2337 29723 27.6469
coreA 190 2340 28957 34.2174
coreA 191 2307 28217 27.4437
coreA 192 2280 27500 17.1089
coreB 1 636 1585 4.38564
coreB 2 1210 1131 35.7836
coreB 3 1334 1067 35.5005
coreB 4 1345 1022 36.9515
coreB 5 1417 965 35.8565
coreB 6 1404 914 36.0375
coreB 7 1413 884 35.7393
coreB 8 1414 864 35.5674
coreB 9 1417 843 128.791
coreB 10 1427 828 36.7098
coreB 11 1443 800 36.714
coreB 12 1444 745 128.736
coreB 13 1425 666 36.0531
coreB 14 1417 599 72.1828
coreB 15 1432 568 144.994
coreB 16 1412 551 35.4534
coreB 17 1405 529 36.3561
coreB 18 1361 513 35.9165
coreB 19 1315 500 35.4434
coreB 20 1337 484 126.714
coreB 21 1326 468 36.8526
coreB 22 1346 456 74.5303
coreB 23 1303 441 36.2511
coreB 24 1332 410 36.1494
coreB 25 1299 386 76.7344
coreB 26 1306 373 128.914
coreB 27 1282 360 128.498
coreB 28 1275 346 107.105
coreB 29 1300 331 111.22
coreB 30 1289 317 36.5564
coreB 31 1303 314 36.7677
coreB 32 1277 312 90.6113
coreB 33 1269 310 37.4382
coreB 34 1232 309 36.5873
coreB 35 1250 307 91.7502
coreB 36 1237 306 35.8983
coreB 37 1278 304 35.1464
coreB 38 1233 302 33.2473
coreB 39 1280 301 33.3804
coreB 40 1274 299 34.8107
coreB 41 1233 298 36.5081
coreB 42 1212 297 73.7389
coreB 43 1244 295 35.0723
coreB 44 1211 293 127.629
coreB 45 1208 292 125.931
coreB 46 1248 290 35.1225
coreB 47 1209 289 128.693
coreB 48 1260 288 36.2428
coreB 49 1245 287 35.8898
coreB 50 1223 286 35.4055
coreB 51 1243 285 35.9277
coreB 52 1208 284 99.4265
coreB 53 1211 282 35.1153
coreB 54 1188 280 69.8468
coreB 55 1203 279 36.3927
coreB 56 1196 277 35.4209
coreB 57 1204 276 34.746
coreB 58 1181 275 35.5191
coreB 59 1201 273 35.8015
coreB 60 1138 272 35.6716
coreB 61 1192 270 105.804
coreB 62 1165 269 34.6325
coreB 63 1154 268 36.2521
coreB 64 1184 267 75.4791
coreB 65 1187 265 58.7982
coreB 66 1168 264 91.1268
coreB 67 1161 263 72.3651
coreB 68 1159 262 36.1241
coreB 69 1192 261 35.6046
coreB 70 1154 259 35.0067
coreB 71 1149 258 35.87
coreB 72 1142 257 36.4085
coreB 73 1127 255 99.5537
coreB 74 1111 254 36.2672
coreB 75 1139 253 38.0154
coreB 76 1155 252 72.1684
coreB 77 1129 251 36.6293
coreB 78 1104 250 36.6526
coreB 79 1108 248 35.802
coreB 80 1096 248 54.4981
coreB 81 1134 247 36.0464
coreB 82 1094 246 36.3928
coreB 83 1125 245 41.0597
coreB 84 1091 244 40.5378
coreB 85 1105 243 35.6873
coreB 86 1079 242 35.5277
coreB 87 1094 241 39.5521
coreB 88 1102 240 41.6532
coreB 89 1062 240 41.3687
coreB 90 1085 239 35.5234
coreB 91 1112 238 35.1521
coreB 92 1059 238 100.166
coreB 93 1090 237 78.4417
coreB 94 1093 236 90.2287
coreB 95 1066 236 92.6895
coreB 96 1059 235 36.3496
coreB 97 1053 234 35.7879
coreB 98 1045 234 36.4467
coreB 99 1069 233 36.2645
coreB 100 1058 232 36.2259
coreB 101 1059 231 35.6213
coreB 102 1044 231 36.7418
coreB 103 1016 230 36.1533
coreB 104 1045 230 54.7518
coreB 105 1052 229 36.007
coreB 106 1019 228 37.2898
coreB 107 1016 228 55.9202
coreB 108 1032 227 33.0723
coreB 109 1040 226 40.5712
coreB 110 1037 226 35.5008
coreB 111 1032 225 35.6257
coreB 112 992 225 33.2273
coreB 113 1033 225 39.8834
coreB 114 1033 224 37.8457
coreB 115 1029 223 33.3873
coreB 116 1042 223 34.6686
coreB 117 1004 222 39.4411
coreB 118 1038 222 37.2589
coreB 119 1001 221 75.8385
coreB 120 1003 221 34.0193
coreB 121 987 220 40.7549
coreB 122 994 219 39.9704
coreB 123 985 219 32.5528
coreB 124 1008 219 33.9367
coreB 125 1016 218 35.8769
coreB 126 975 218 35.5879
coreB 127 1014 217 58.0034
coreB 128 980 217 40.7673
coreB 129 992 216 34.3875
coreB 130 975 216 35.5788
coreB 131 961 215 33.9593
coreB 132 999 215 36.8393
coreB 133 941 214 99.1125
coreB 134 985 214 76.4349
coreB 135 960 214 71.5472
coreB 136 957 213 70.4656
coreB 137 959 213 36.1789
coreB 138 950 212 35.6387
coreB 139 971 212 38.7281
coreB 140 953 212 56.2638
coreB 141 975 211 40.2875
coreB 142 966 210 40.0106
coreB 143 937 210 36.9244
coreB 144 933 210 36.4875
coreB 145 939 209 38.1381
coreB 146 957 209 59.2622
coreB 147 913 208 38.9005
coreB 148 935 208 36.5383
coreB 149 934 208 36.4471
coreB 150 916 207 73.4467
coreB 151 932 207 74.5131
coreB 152 943 207 74.3154
coreB 153 921 206 130.058
coreB 154 898 206 35.663
coreB 155 915 205 36.8567
coreB 156 929 205 76.6999
coreB 157 911 204 36.2056
coreB 158 891 204 92.3903
coreB 159 898 204 37.4928
coreB 160 914 203 36.7597
coreB 161 880 203 36.4343
coreB 162 881 203 36.4208
coreB 163 902 202 36.5394
coreB 164 894 202 77.3672
coreB 165 921 202 54.7315
coreB 166 882 201 92.192
coreB 167 865 201 63.4485
coreB 168 847 201 35.942
coreB 169 935 200 36.4053
coreB 170 877 200 37.3508
coreB 171 864 200 38.0711
coreB 172 938 199 35.086
coreB 173 883 199 40.2519
coreB 174 878 199 41.4448
coreB 175 890 199 31.1619
coreB 176 843 198 53.0729
coreB 177 863 198 35.6493
coreB 178 880 198 36.2735
coreB 179 858 197 39.3388
coreB 180 856 197 35.6816
coreB 181 871 197 40.2251
coreB 182 859 196 35.5908
coreB 183 845 196 62.7453
coreB 184 833 195 39.9212
coreB 185 821 195 54.3237
coreB 186 817 195 36.794
coreB 187 797 194 35.6875
coreB 188 826 194 36.3582
coreB 189 858 193 108.091
coreB 190 810 193 37.0422
coreB 191 814 193 74.6884
coreB 192 789 192 64.9217
total 349.871
coreA 1 4767 345056 8.95798
coreA 2 4767 345056 48.7359
coreA 3 4767 345056 41.2741
coreA 4 4767 345056 102.335
coreA 5 4767 345056 86.7652
coreA 6 4767 345056 48.0194
coreA 7 4772 345056 141.767
coreA 8 4767 345053 50.681
coreA 9 4776 345050 108.55
coreA 10 4779 345038 33.6877
coreA 11 4771 345016 48.1133
coreA 12 4762 344955 30.987
coreA 13 4766 344855 49.4649
coreA 14 4747 344723 45.3001
coreA 15 4777 344541 35.4624
coreA 16 4765 344237 100.621
coreA 17 4760 343823 64.5286
coreA 18 4770 343102 47.5962
coreA 19 4777 341701 84.0246
coreA 20 4736 339736 89.1261
coreA 21 4743 337030 47.8232
coreA 22 4752 333708 88.3885
coreA 23 4743 329976 41.2901
coreA 24 4748 326085 43.5047
coreA 25 4751 322531 42.6085
coreA 26 4726 319291 42.6974
coreA 27 4745 316670 39.9368
coreA 28 4697 314488 45.7735
coreA 29 4720 312440 43.8564
coreA 30 4709 310364 46.371
coreA 31 4711 308463 42.9587
coreA 32 4699 306372 67.4104
coreA 33 4711 304178 45.6279
coreA 34 4652 301959 46.3115
coreA 35 4645 299639 44.9209
coreA 36 4692 297315 45.4468
coreA 37 4700 294867 87.3755
coreA 38 4676 292396 48.6522
coreA 39 4654 289945 109.899
coreA 40 4629 287281 74.1714
coreA 41 4617 284739 46.9833
coreA 42 4602 282162 48.9034
coreA 43 4592 279591 49.1747
coreA 44 4595 277160 82.2556
coreA 45 4587 274809 43.7974
coreA 46 4570 272426 129.36
coreA 47 4591 269966 93.8614
coreA 48 4567 267504 110.124
coreA 49 4570 265104 48.0095
coreA 50 4525 262520 111.36
coreA 51 4543 260032 44.6805
coreA 52 4535 257503 47.0598
coreA 53 4510 255118 45.5118
coreA 54 4498 252661 73.2893
coreA 55 4487 250166 46.2904
coreA 56 4452 247656 88.1037
coreA 57 4476 245114 44.9799
coreA 58 4431 242492 42.7357
coreA 59 4433 239817 45.4995
coreA 60 4400 237137 155.073
coreA 61 4380 234377 88.8492
coreA 62 4372 231596 85.7449
coreA 63 4387 228878 43.3919
coreA 64 4376 225958 45.1397
coreA 65 4356 223092 65.1121
coreA 66 4282 220288 87.4029
coreA 67 4311 217544 45.8432
coreA 68 4283 214909 48.4975
coreA 69 4299 212278 46.8951
coreA 70 4273 209683 47.6867
coreA 71 4276 207182 46.5817
coreA 72 4256 204618 47.1836
coreA 73 4230 202057 44.8084
coreA 74 4206 199629 89.2933
coreA 75 4205 197208 85.9282
coreA 76 4196 194827 70.6833
coreA 77 4187 192475 43.1621
coreA 78 4166 190133 41.9921
coreA 79 4137 187897 87.6549
coreA 80 4121 185729 47.8356
coreA 81 4141 183573 46.4307
coreA 82 4137 181391 50.1681
coreA 83 4097 179284 69.414
coreA 84 4061 177210 45.759
coreA 85 4131 175227 43.3392
coreA 86 4090 173134 45.3667
coreA 87 4049 170984 44.4862
coreA 88 4046 169008 46.9768
coreA 89 4008 167082 44.2351
coreA 90 4014 165119 41.009
coreA 91 3987 163106 40.8872
coreA 92 4006 161075 43.9277
coreA 93 3978 158971 41.1238
coreA 94 3966 157028 40.5293
coreA 95 3939 155107 116.734
coreA 96 3889 153193 40.8648
coreA 97 3920 151335 40.8009
coreA 98 3918 149506 43.1841
coreA 99 3901 147695 42.054
coreA 100 3874 145878 42.0247
coreA 101 3872 144198 40.6679
coreA 102 3855 142388 112.129
coreA 103 3852 140644 171.263
coreA 104 3813 138907 40.9115
coreA 105 3812 137136 88.0394
coreA 106 3801 135363 41.654
coreA 107 3778 133611 146.612
coreA 108 3742 131945 150.528
coreA 109 3722 130293 112.629
coreA 110 3741 128674 41.2119
coreA 111 3698 127084 41.0557
coreA 112 3718 125471 40.4145
coreA 113 3701 123862 40.9144
coreA 114 3714 122305 70.8104
coreA 115 3665 120748 41.189
coreA 116 3641 119175 64.6062
coreA 117 3643 117634 67.0513
coreA 118 3641 116083 68.2972
coreA 119 3654 114539 40.9727
coreA 120 3590 113047 81.634
coreA 121 3573 111456 109.838
coreA 122 3580 109937 127.429
coreA 123 3548 108435 69.7562
coreA 124 3553 106872 125.92
coreA 125 3514 105391 40.7699
coreA 126 3541 103909 197.026
coreA 127 3489 102479 42.5138
coreA 128 3486 101007 44.3707
coreA 129 3480 99545 42.228
coreA 130 3431 98089 106.674
coreA 131 3439 96637 45.9855
coreA 132 3404 95229 42.0418
coreA 133 3386 93737 156.827
coreA 134 3382 92297 41.3027
coreA 135 3386 90876 40.8489
coreA 136 3333 89500 83.6747
coreA 137 3341 88133 41.5269
coreA 138 3315 86818 41.5271
coreA 139 3318 85429 86.5309
coreA 140 3266 84155 129.541
coreA 141 3273 82744 88.092
coreA 142 3273 81384 42.7133
coreA 143 3221 80017 41.6815
coreA 144 3234 78655 89.1141
coreA 145 3203 77268 77.8398
coreA 146 3197 75952 40.0053
coreA 147 3184 74676 42.7155
coreA 148 3155 73375 41.862
coreA 149 3134 72054 37.0583
coreA 150 3113 70792 184.411
coreA 151 3100 69486 169.943
coreA 152 3086 68200 71.6862
coreA 153 3084 66953 41.4635
coreA 154 3070 65692 113.668
coreA 155 3089 64511 37.1169
coreA 156 3030 63297 43.9668
coreA 157 3009 62080 129.188
coreA 158 2991 60892 39.7265
coreA 159 2976 59723 39.8111
coreA 160 2928 58515 39.8433
coreA 161 2940 57331 144.558
coreA 162 2905 56186 40.181
coreA 163 2900 55055 39.851
coreA 164 2843 53973 39.7045
coreA 165 2879 52777 154.776
coreA 166 2810 51665 41.8217
coreA 167 2782 50525 167.969
coreA 168 2810 49417 41.1327
coreA 169 2786 48298 39.8777
coreA 170 2746 47212 39.499
coreA 171 2723 46127 173.839
coreA 172 2729 45069 40.7865
coreA 173 2700 44046 39.4371
coreA 174 2655 43046 39.0599
coreA 175 2654 42055 39.3403
coreA 176 2631 41072 38.9557
coreA 177 2578 40067 40.6405
coreA 178 2571 39085 40.2363
coreA 179 2557 38150 160.22
coreA 180 2545 37308 39.9503
coreA 181 2506 36368 39.9471
coreA 182 2502 35529 40.5968
coreA 183 2438 34670 40.2364
coreA 184 2446 33858 39.5763
coreA 185 2420 32962 41.6125
coreA 186 2417 32095 39.4975
coreA 187 2373 31285 142.558
coreA 188 2363 30529 38.921
coreA 189 2337 29723 81.7968
coreA 190 2340 28957 83.8565
coreA 191 2307 28217 133.012
coreA 192 2280 27500 40.6282
coreB 1 636 1585 4.27155
coreB 2 1210 1131 218.831
coreB 3 1334 1067 5.74199
coreB 4 1345 1022 99.6355
coreB 5 1417 965 21.4249
coreB 6 1404 914 19.0372
coreB 7 1413 884 115.081
coreB 8 1414 864 22.1359
coreB 9 1417 843 13.8607
coreB 10 1427 828 32.7837
coreB 11 1443 800 30.9779
coreB 12 1444 745 30.7282
coreB 13 1425 666 98.4216
coreB 14 1417 599 22.8921
coreB 15 1432 568 102.675
coreB 16 1412 551 21.4784
coreB 17 1405 529 18.2901
coreB 18 1361 513 32.8373
coreB 19 1315 500 38.9247
coreB 20 1337 484 36.9002
coreB 21 1326 468 33.3818
coreB 22 1346 456 32.9122
coreB 23 1303 441 36.9251
coreB 24 1332 410 35.5411
coreB 25 1299 386 26.894
coreB 26 1306 373 124.955
coreB 27 1282 360 20.5931
coreB 28 1275 346 101.819
coreB 29 1300 331 21.9146
coreB 30 1289 317 32.1588
coreB 31 1303 314 37.4245
coreB 32 1277 312 144.185
coreB 33 1269 310 12.2299
coreB 34 1232 309 7.24278
coreB 35 1250 307 119.885
coreB 36 1237 306 18.4799
coreB 37 1278 304 13.092
coreB 38 1233 302 100.618
coreB 39 1280 301 19.1556
coreB 40 1274 299 18.749
coreB 41 1233 298 170.046
coreB 42 1212 297 4.76492
coreB 43 1244 295 28.7319
coreB 44 1211 293 38.258
coreB 45 1208 292 30.4484
coreB 46 1248 290 41.9022
coreB 47 1209 289 97.1351
coreB 48 1260 288 22.746
coreB 49 1245 287 20.1614
coreB 50 1223 286 103.193
coreB 51 1243 285 22.5152
coreB 52 1208 284 15.9408
coreB 53 1211 282 88.5509
coreB 54 1188 280 23.3661
coreB 55 1203 279 18.2713
coreB 56 1196 277 154.962
coreB 57 1204 276 9.37764
coreB 58 1181 275 5.71019
coreB 59 1201 273 32.4286
coreB 60 1138 272 36.4179
coreB 61 1192 270 28.1328
coreB 62 1165 269 117.619
coreB 63 1154 268 17.4043
coreB 64 1184 267 37.1943
coreB 65 1187 265 36.5942
coreB 66 1168 264 28.4118
coreB 67 1161 263 30.2069
coreB 68 1159 262 40.4245
coreB 69 1192 261 28.6651
coreB 70 1154 259 36.4374
coreB 71 1149 258 28.5131
coreB 72 1142 257 32.3484
coreB 73 1127 255 99.8418
coreB 74 1111 254 18.4734
coreB 75 1139 253 18.4999
coreB 76 1155 252 103.816
coreB 77 1129 251 23.1502
coreB 78 1104 250 19.4139
coreB 79 1108 248 36.1661
coreB 80 1096 248 34.9411
coreB 81 1134 247 31.7014
coreB 82 1094 246 34.8899
coreB 83 1125 245 37.7745
coreB 84 1091 244 26.728
coreB 85 1105 243 29.5329
coreB 86 1079 242 37.7173
coreB 87 1094 241 26.9164
coreB 88 1102 240 37.7236
coreB 89 1062 240 32.3658
coreB 90 1085 239 36.8767
coreB 91 1112 238 36.9199
coreB 92 1059 238 26.6284
coreB 93 1090 237 144.09
coreB 94 1093 236 11.0755
coreB 95 1066 236 8.31659
coreB 96 1059 235 34.5562
coreB 97 1053 234 33.8199
coreB 98 1045 234 27.4855
coreB 99 1069 233 35.0672
coreB 100 1058 232 36.786
coreB 101 1059 231 114.926
coreB 102 1044 231 18.2099
coreB 103 1016 230 16.1314
coreB 104 1045 230 162.045
coreB 105 1052 229 7.01309
coreB 106 1019 228 33.0314
coreB 107 1016 228 37.7445
coreB 108 1032 227 37.192
coreB 109 1040 226 33.1715
coreB 110 1037 226 100.636
coreB 111 1032 225 22.1236
coreB 112 992 225 18.2886
coreB 113 1033 225 143.656
coreB 114 1033 224 12.313
coreB 115 1029 223 175.334
coreB 116 1042 223 5.07678
coreB 117 1004 222 31.044
coreB 118 1038 222 38.6389
coreB 119 1001 221 118.364
coreB 120 1003 221 18.1814
coreB 121 987 220 14.7474
coreB 122 994 219 31.6542
coreB 123 985 219 32.1488
coreB 124 1008 219 26.5365
coreB 125 1016 218 34.2322
coreB 126 975 218 37.8719
coreB 127 1014 217 102.792
coreB 128 980 217 23.162
coreB 129 992 216 32.847
coreB 130 975 216 41.0214
coreB 131 961 215 27.2961
coreB 132 999 215 127.123
coreB 133 941 214 18.9024
coreB 134 985 214 11.7916
coreB 135 960 214 36.0334
coreB 136 957 213 38.4059
coreB 137 959 213 143.627
coreB 138 950 212 10.1994
coreB 139 971 212 9.65963
coreB 140 953 212 31.8137
coreB 141 975 211 32.7255
coreB 142 966 210 32.9847
coreB 143 937 210 39.7411
coreB 144 933 210 36.0558
coreB 145 939 209 27.8442
coreB 146 957 209 103.706
coreB 147 913 208 23.2427
coreB 148 935 208 120.162
coreB 149 934 208 21.2643
coreB 150 916 207 12.3442
coreB 151 932 207 105.256
coreB 152 943 207 18.6487
coreB 153 921 206 99.2679
coreB 154 898 206 19.7425
coreB 155 915 205 122.768
coreB 156 929 205 16.8061
coreB 157 911 204 33.6088
coreB 158 891 204 32.387
coreB 159 898 204 35.2256
coreB 160 914 203 32.7442
coreB 161 880 203 34.0398
coreB 162 881 203 38.4511
coreB 163 902 202 35.6703
coreB 164 894 202 33.8902
coreB 165 921 202 28.7456
coreB 166 882 201 31.7612
coreB 167 865 201 43.8265
coreB 168 847 201 32.6346
coreB 169 935 200 34.4533
coreB 170 877 200 28.7191
coreB 171 864 200 39.8587
coreB 172 938 199 34.4658
coreB 173 883 199 36.8917
coreB 174 878 199 36.5777
coreB 175 890 199 37.0696
coreB 176 843 198 31.7306
coreB 177 863 198 35.5049
coreB 178 880 198 35.6747
coreB 179 858 197 30.7292
coreB 180 856 197 32.9703
coreB 181 871 197 30.7528
coreB 182 859 196 31.7525
coreB 183 845 196 32.4585
coreB 184 833 195 34.0291
coreB 185 821 195 36.748
coreB 186 817 195 30.3369
coreB 187 797 194 32.9287
coreB 188 826 194 30.0347
coreB 189 858 193 36.8623
coreB 190 810 193 32.7749
coreB 191 814 193 30.9476
coreB 192 789 192 27.3196
total 410.638
