coreA 1 4767 345056 311.014
coreA 2 4767 345056 32.1698
coreA 3 4767 345056 32.6097
coreA 4 4767 345056 33.2554
coreA 5 4767 345056 33.6999
coreA 6 4767 345056 33.0012
coreA 7 4772 345056 32.8526
coreA 8 4767 345053 33.1962
coreA 9 4776 345050 32.9909
coreA 10 4779 345038 32.5558
coreA 11 4771 345016 32.4582
coreA 12 4762 344955 32.1273
coreA 13 4766 344855 32.5196
coreA 14 4747 344723 32.3731
coreA 15 4777 344541 32.1396
coreA 16 4765 344237 31.9723
coreA 17 4760 343823 31.8423
coreA 18 4770 343102 31.6542
coreA 19 4777 341701 31.6214
coreA 20 4736 339736 58.8299
coreA 21 4743 337030 31.5846
coreA 22 4752 333708 31.3099
coreA 23 4743 329976 31.0298
coreA 24 4748 326085 30.9157
coreA 25 4751 322531 30.9853
coreA 26 4726 319291 30.9717
coreA 27 4745 316670 30.8711
coreA 28 4697 314488 30.7191
coreA 29 4720 312440 30.7056
coreA 30 4709 310364 30.8749
coreA 31 4711 308463 30.6181
coreA 32 4699 306372 30.3248
coreA 33 4711 304178 30.1689
coreA 34 4652 301959 30.0271
coreA 35 4645 299639 198.1
coreA 36 4692 297315 30.1821
coreA 37 4700 294867 30.2209
coreA 38 4676 292396 30.028
coreA 39 4654 289945 30.0029
coreA 40 4629 287281 29.8349
coreA 41 4617 284739 29.94
coreA 42 4602 282162 29.7301
coreA 43 4592 279591 29.7535
coreA 44 4595 277160 289.53
coreA 45 4587 274809 29.8141
coreA 46 4570 272426 29.6639
coreA 47 4591 269966 29.46
coreA 48 4567 267504 29.2821
coreA 49 4570 265104 29.1303
coreA 50 4525 262520 29.0403
coreA 51 4543 260032 29.4633
coreA 52 4535 257503 29.2758
coreA 53 4510 255118 29.0649
coreA 54 4498 252661 29.005
coreA 55 4487 250166 28.9538
coreA 56 4452 247656 28.8668
coreA 57 4476 245114 28.8049
coreA 58 4431 242492 28.7341
coreA 59 4433 239817 28.6961
coreA 60 4400 237137 29.0557
coreA 61 4380 234377 28.7366
coreA 62 4372 231596 28.9179
coreA 63 4387 228878 28.8329
coreA 64 4376 225958 28.8091
coreA 65 4356 223092 28.6154
coreA 66 4282 220288 28.3883
coreA 67 4311 217544 28.2231
coreA 68 4283 214909 28.1778
coreA 69 4299 212278 28.273
coreA 70 4273 209683 28.2479
coreA 71 4276 207182 28.2096
coreA 72 4256 204618 28.5043
coreA 73 4230 202057 28.8119
coreA 74 4206 199629 65.9249
coreA 75 4205 197208 51.6894
coreA 76 4196 194827 26.6404
coreA 77 4187 192475 63.9188
coreA 78 4166 190133 28.1079
coreA 79 4137 187897 28.0606
coreA 80 4121 185729 28.0475
coreA 81 4141 183573 28.057
coreA 82 4137 181391 28.013
coreA 83 4097 179284 28.0328
coreA 84 4061 177210 27.8813
coreA 85 4131 175227 27.9144
coreA 86 4090 173134 29.5396
coreA 87 4049 170984 23.2888
coreA 88 4046 169008 24.063
coreA 89 4008 167082 22.2757
coreA 90 4014 165119 27.7909
coreA 91 3987 163106 27.7296
coreA 92 4006 161075 27.7344
coreA 93 3978 158971 27.5419
coreA 94 3966 157028 27.5175
coreA 95 3939 155107 27.5273
coreA 96 3889 153193 27.5579
coreA 97 3920 151335 27.5145
coreA 98 3918 149506 67.1224
coreA 99 3901 147695 27.5007
coreA 100 3874 145878 27.7292
coreA 101 3872 144198 27.3474
coreA 102 3855 142388 27.3104
coreA 103 3852 140644 27.2495
coreA 104 3813 138907 27.325
coreA 105 3812 137136 27.3583
coreA 106 3801 135363 27.171
coreA 107 3778 133611 122.105
coreA 108 3742 131945 27.1179
coreA 109 3722 130293 27.3414
coreA 110 3741 128674 27.2118
coreA 111 3698 127084 27.2404
coreA 112 3718 125471 26.9995
coreA 113 3701 123862 26.8555
coreA 114 3714 122305 26.9125
coreA 115 3665 120748 26.8856
coreA 116 3641 119175 26.8797
coreA 117 3643 117634 27.8605
coreA 118 3641 116083 26.7998
coreA 119 3654 114539 27.8098
coreA 120 3590 113047 27.8602
coreA 121 3573 111456 27.7878
coreA 122 3580 109937 27.7727
coreA 123 3548 108435 83.0721
coreA 124 3553 106872 54.789
coreA 125 3514 105391 27.6267
coreA 126 3541 103909 27.8277
coreA 127 3489 102479 27.4963
coreA 128 3486 101007 27.4865
coreA 129 3480 99545 27.3658
coreA 130 3431 98089 27.3531
coreA 131 3439 96637 27.4089
coreA 132 3404 95229 27.3487
coreA 133 3386 93737 83.0586
coreA 134 3382 92297 27.4178
coreA 135 3386 90876 27.317
coreA 136 3333 89500 27.3178
coreA 137 3341 88133 27.5037
coreA 138 3315 86818 27.6209
coreA 139 3318 85429 27.4164
coreA 140 3266 84155 27.3099
coreA 141 3273 82744 27.2108
coreA 142 3273 81384 27.1303
coreA 143 3221 80017 27.2675
coreA 144 3234 78655 27.212
coreA 145 3203 77268 27.2488
coreA 146 3197 75952 27.1667
coreA 147 3184 74676 27.0508
coreA 148 3155 73375 27.1307
coreA 149 3134 72054 26.9936
coreA 150 3113 70792 26.9926
coreA 151 3100 69486 26.9165
coreA 152 3086 68200 26.9133
coreA 153 3084 66953 26.9284
coreA 154 3070 65692 26.9388
coreA 155 3089 64511 26.9175
coreA 156 3030 63297 26.8769
coreA 157 3009 62080 26.9919
coreA 158 2991 60892 27.1663
coreA 159 2976 59723 26.8924
coreA 160 2928 58515 26.78
coreA 161 2940 57331 26.6973
coreA 162 2905 56186 26.7489
coreA 163 2900 55055 26.7781
coreA 164 2843 53973 26.793
coreA 165 2879 52777 26.7175
coreA 166 2810 51665 26.6946
coreA 167 2782 50525 26.71
coreA 168 2810 49417 27.1493
coreA 169 2786 48298 53.002
coreA 170 2746 47212 45.8049
coreA 171 2723 46127 38.8561
coreA 172 2729 45069 44.298
coreA 173 2700 44046 45.4334
coreA 174 2655 43046 17.981
coreA 175 2654 42055 36.7538
coreA 176 2631 41072 40.4678
coreA 177 2578 40067 26.6309
coreA 178 2571 39085 26.596
coreA 179 2557 38150 26.553
coreA 180 2545 37308 26.6037
coreA 181 2506 36368 26.5587
coreA 182 2502 35529 26.4608
coreA 183 2438 34670 26.847
coreA 184 2446 33858 42.6497
coreA 185 2420 32962 22.6293
coreA 186 2417 32095 26.495
coreA 187 2373 31285 26.5513
coreA 188 2363 30529 26.4277
coreA 189 2337 29723 26.4427
coreA 190 2340 28957 26.3811
coreA 191 2307 28217 80.8541
coreA 192 2280 27500 96.4177
coreB 1 636 1585 4.58036
coreB 2 1210 1131 25.6242
coreB 3 1334 1067 24.4271
coreB 4 1345 1022 24.3506
coreB 5 1417 965 24.3542
coreB 6 1404 914 24.5484
coreB 7 1413 884 24.5095
coreB 8 1414 864 24.0743
coreB 9 1417 843 24.0912
coreB 10 1427 828 24.0916
coreB 11 1443 800 24.3638
coreB 12 1444 745 24.2131
coreB 13 1425 666 25.3091
coreB 14 1417 599 24.6018
coreB 15 1432 568 24.1926
coreB 16 1412 551 24.2898
coreB 17 1405 529 24.6911
coreB 18 1361 513 25.1896
coreB 19 1315 500 24.1161
coreB 20 1337 484 24.343
coreB 21 1326 468 25.1698
coreB 22 1346 456 24.4097
coreB 23 1303 441 24.5922
coreB 24 1332 410 24.594
coreB 25 1299 386 167.733
coreB 26 1306 373 25.3093
coreB 27 1282 360 25.49
coreB 28 1275 346 25.3277
coreB 29 1300 331 24.7762
coreB 30 1289 317 24.9808
coreB 31 1303 314 24.9976
coreB 32 1277 312 24.2451
coreB 33 1269 310 24.6255
coreB 34 1232 309 94.0958
coreB 35 1250 307 24.3478
coreB 36 1237 306 24.9902
coreB 37 1278 304 23.7518
coreB 38 1233 302 24.254
coreB 39 1280 301 24.2001
coreB 40 1274 299 23.9453
coreB 41 1233 298 24.3377
coreB 42 1212 297 23.6833
coreB 43 1244 295 23.5972
coreB 44 1211 293 24.1907
coreB 45 1208 292 24.2105
coreB 46 1248 290 23.761
coreB 47 1209 289 23.9079
coreB 48 1260 288 24.3335
coreB 49 1245 287 23.3406
coreB 50 1223 286 23.9369
coreB 51 1243 285 24.2593
coreB 52 1208 284 23.6707
coreB 53 1211 282 23.3571
coreB 54 1188 280 24.0715
coreB 55 1203 279 23.8747
coreB 56 1196 277 23.6034
coreB 57 1204 276 23.6499
coreB 58 1181 275 23.4511
coreB 59 1201 273 24.1486
coreB 60 1138 272 23.2629
coreB 61 1192 270 23.8738
coreB 62 1165 269 23.4737
coreB 63 1154 268 24.3435
coreB 64 1184 267 23.7113
coreB 65 1187 265 23.867
coreB 66 1168 264 24.3796
coreB 67 1161 263 23.7662
coreB 68 1159 262 23.8676
coreB 69 1192 261 23.4833
coreB 70 1154 259 23.7176
coreB 71 1149 258 23.4607
coreB 72 1142 257 23.7913
coreB 73 1127 255 23.9361
coreB 74 1111 254 23.8943
coreB 75 1139 253 23.9108
coreB 76 1155 252 23.9349
coreB 77 1129 251 23.9704
coreB 78 1104 250 24.7578
coreB 79 1108 248 23.7924
coreB 80 1096 248 23.7001
coreB 81 1134 247 24.1901
coreB 82 1094 246 24.2059
coreB 83 1125 245 23.7567
coreB 84 1091 244 24.2612
coreB 85 1105 243 23.8145
coreB 86 1079 242 23.8023
coreB 87 1094 241 23.838
coreB 88 1102 240 23.5527
coreB 89 1062 240 86.4053
coreB 90 1085 239 24.383
coreB 91 1112 238 24.163
coreB 92 1059 238 24.5565
coreB 93 1090 237 24.313
coreB 94 1093 236 24.6819
coreB 95 1066 236 24.319
coreB 96 1059 235 24.3374
coreB 97 1053 234 23.8033
coreB 98 1045 234 23.9154
coreB 99 1069 233 23.9889
coreB 100 1058 232 23.7029
coreB 101 1059 231 24.024
coreB 102 1044 231 24.1133
coreB 103 1016 230 23.5348
coreB 104 1045 230 24.0802
coreB 105 1052 229 24.2386
coreB 106 1019 228 23.6802
coreB 107 1016 228 24.0482
coreB 108 1032 227 24.2311
coreB 109 1040 226 23.8323
coreB 110 1037 226 24.1104
coreB 111 1032 225 23.9648
coreB 112 992 225 23.9282
coreB 113 1033 225 24.0611
coreB 114 1033 224 23.8262
coreB 115 1029 223 24.7304
coreB 116 1042 223 24.3311
coreB 117 1004 222 24.2315
coreB 118 1038 222 24.455
coreB 119 1001 221 24.6906
coreB 120 1003 221 24.8584
coreB 121 987 220 24.2693
coreB 122 994 219 24.0288
coreB 123 985 219 23.9674
coreB 124 1008 219 36.2707
coreB 125 1016 218 24.3362
coreB 126 975 218 24.1865
coreB 127 1014 217 24.1579
coreB 128 980 217 43.6413
coreB 129 992 216 27.7206
coreB 130 975 216 17.8147
coreB 131 961 215 19.6726
coreB 132 999 215 24.2387
coreB 133 941 214 24.7369
coreB 134 985 214 20.8769
coreB 135 960 214 24.6519
coreB 136 957 213 19.3099
coreB 137 959 213 24.2045
coreB 138 950 212 24.4093
coreB 139 971 212 24.3488
coreB 140 953 212 24.451
coreB 141 975 211 44.755
coreB 142 966 210 24.7205
coreB 143 937 210 24.9343
coreB 144 933 210 24.6743
coreB 145 939 209 39.5351
coreB 146 957 209 24.7745
coreB 147 913 208 24.2513
coreB 148 935 208 24.3514
coreB 149 934 208 24.3706
coreB 150 916 207 24.9004
coreB 151 932 207 24.9058
coreB 152 943 207 58.7469
coreB 153 921 206 24.8306
coreB 154 898 206 24.1659
coreB 155 915 205 24.1092
coreB 156 929 205 61.6644
coreB 157 911 204 24.9491
coreB 158 891 204 24.9968
coreB 159 898 204 25.4839
coreB 160 914 203 24.6824
coreB 161 880 203 24.6173
coreB 162 881 203 25.0521
coreB 163 902 202 24.586
coreB 164 894 202 24.3039
coreB 165 921 202 24.2474
coreB 166 882 201 24.9463
coreB 167 865 201 39.7595
coreB 168 847 201 40.1825
coreB 169 935 200 18.5322
coreB 170 877 200 20.0034
coreB 171 864 200 17.6437
coreB 172 938 199 18.714
coreB 173 883 199 21.5874
coreB 174 878 199 16.7133
coreB 175 890 199 17.0977
coreB 176 843 198 26.368
coreB 177 863 198 24.2133
coreB 178 880 198 24.5779
coreB 179 858 197 23.9282
coreB 180 856 197 60.4538
coreB 181 871 197 40.8538
coreB 182 859 196 24.0064
coreB 183 845 196 24.1204
coreB 184 833 195 51.6243
coreB 185 821 195 41.5431
coreB 186 817 195 24.3119
coreB 187 797 194 24.0871
coreB 188 826 194 49.3066
coreB 189 858 193 22.2684
coreB 190 810 193 24.4291
coreB 191 814 193 24.3986
coreB 192 789 192 21.2245
total 693.014
coreA 1 4767 345056 305.293
coreA 2 4767 345056 32.1849
coreA 3 4767 345056 32.2267
coreA 4 4767 345056 33.0859
coreA 5 4767 345056 33.1554
coreA 6 4767 345056 33.0939
coreA 7 4772 345056 32.9704
coreA 8 4767 345053 32.6175
coreA 9 4776 345050 32.6411
coreA 10 4779 345038 32.404
coreA 11 4771 345016 46.7794
coreA 12 4762 344955 23.8071
coreA 13 4766 344855 32.3087
coreA 14 4747 344723 32.3749
coreA 15 4777 344541 32.1157
coreA 16 4765 344237 31.9021
coreA 17 4760 343823 31.8916
coreA 18 4770 343102 31.6267
coreA 19 4777 341701 31.5215
coreA 20 4736 339736 31.4758
coreA 21 4743 337030 31.2657
coreA 22 4752 333708 31.1224
coreA 23 4743 329976 31.0103
coreA 24 4748 326085 30.8593
coreA 25 4751 322531 30.9247
coreA 26 4726 319291 30.9196
coreA 27 4745 316670 30.8076
coreA 28 4697 314488 30.6713
coreA 29 4720 312440 30.649
coreA 30 4709 310364 30.7967
coreA 31 4711 308463 30.6947
coreA 32 4699 306372 30.5856
coreA 33 4711 304178 30.3908
coreA 34 4652 301959 30.2081
coreA 35 4645 299639 30.0734
coreA 36 4692 297315 30.6118
coreA 37 4700 294867 30.6917
coreA 38 4676 292396 30.4961
coreA 39 4654 289945 30.1376
coreA 40 4629 287281 29.8968
coreA 41 4617 284739 29.8305
coreA 42 4602 282162 29.7784
coreA 43 4592 279591 29.6678
coreA 44 4595 277160 29.6222
coreA 45 4587 274809 29.5182
coreA 46 4570 272426 29.4028
coreA 47 4591 269966 29.3829
coreA 48 4567 267504 30.3554
coreA 49 4570 265104 28.5126
coreA 50 4525 262520 51.784
coreA 51 4543 260032 29.4179
coreA 52 4535 257503 29.3691
coreA 53 4510 255118 29.2072
coreA 54 4498 252661 29.1652
coreA 55 4487 250166 29.0275
coreA 56 4452 247656 28.9451
coreA 57 4476 245114 28.8645
coreA 58 4431 242492 28.7956
coreA 59 4433 239817 28.8006
coreA 60 4400 237137 28.7714
coreA 61 4380 234377 52.6554
coreA 62 4372 231596 61.4226
coreA 63 4387 228878 28.5991
coreA 64 4376 225958 28.492
coreA 65 4356 223092 28.6433
coreA 66 4282 220288 28.4116
coreA 67 4311 217544 28.3067
coreA 68 4283 214909 28.2277
coreA 69 4299 212278 28.193
coreA 70 4273 209683 28.1343
coreA 71 4276 207182 28.1533
coreA 72 4256 204618 29.0238
coreA 73 4230 202057 28.9164
coreA 74 4206 199629 28.5393
coreA 75 4205 197208 28.4492
coreA 76 4196 194827 28.3695
coreA 77 4187 192475 28.281
coreA 78 4166 190133 28.3985
coreA 79 4137 187897 28.3252
coreA 80 4121 185729 28.1835
coreA 81 4141 183573 28.012
coreA 82 4137 181391 27.9422
coreA 83 4097 179284 27.9243
coreA 84 4061 177210 27.9
coreA 85 4131 175227 27.9347
coreA 86 4090 173134 27.848
coreA 87 4049 170984 27.8312
coreA 88 4046 169008 55.8787
coreA 89 4008 167082 62.1574
coreA 90 4014 165119 28.2247
coreA 91 3987 163106 28.1693
coreA 92 4006 161075 28.0117
coreA 93 3978 158971 27.5716
coreA 94 3966 157028 27.4957
coreA 95 3939 155107 27.4919
coreA 96 3889 153193 27.5054
coreA 97 3920 151335 27.5362
coreA 98 3918 149506 27.47
coreA 99 3901 147695 27.4143
coreA 100 3874 145878 27.5423
coreA 101 3872 144198 27.8127
coreA 102 3855 142388 27.7342
coreA 103 3852 140644 27.6347
coreA 104 3813 138907 27.1557
coreA 105 3812 137136 27.1028
coreA 106 3801 135363 27.1418
coreA 107 3778 133611 27.1309
coreA 108 3742 131945 27.1249
coreA 109 3722 130293 27.1152
coreA 110 3741 128674 27.4558
coreA 111 3698 127084 27.3689
coreA 112 3718 125471 27.164
coreA 113 3701 123862 27.0762
coreA 114 3714 122305 27.0183
coreA 115 3665 120748 26.9679
coreA 116 3641 119175 26.9448
coreA 117 3643 117634 27.9188
coreA 118 3641 116083 26.9131
coreA 119 3654 114539 28.1148
coreA 120 3590 113047 28.1172
coreA 121 3573 111456 27.8383
coreA 122 3580 109937 27.7589
coreA 123 3548 108435 27.6953
coreA 124 3553 106872 27.6437
coreA 125 3514 105391 28.0447
coreA 126 3541 103909 28.0297
coreA 127 3489 102479 27.9456
coreA 128 3486 101007 27.5606
coreA 129 3480 99545 27.4843
coreA 130 3431 98089 27.4683
coreA 131 3439 96637 27.4808
coreA 132 3404 95229 27.4977
coreA 133 3386 93737 27.4975
coreA 134 3382 92297 27.4517
coreA 135 3386 90876 27.3801
coreA 136 3333 89500 68.6929
coreA 137 3341 88133 27.3243
coreA 138 3315 86818 27.2852
coreA 139 3318 85429 27.2389
coreA 140 3266 84155 27.2887
coreA 141 3273 82744 27.2383
coreA 142 3273 81384 27.1712
coreA 143 3221 80017 27.1964
coreA 144 3234 78655 27.1519
coreA 145 3203 77268 27.1627
coreA 146 3197 75952 27.2126
coreA 147 3184 74676 85.5945
coreA 148 3155 73375 27.1666
coreA 149 3134 72054 27.1592
coreA 150 3113 70792 25.8343
coreA 151 3100 69486 29.4648
coreA 152 3086 68200 29.3555
coreA 153 3084 66953 28.8768
coreA 154 3070 65692 23.6489
coreA 155 3089 64511 25.9139
coreA 156 3030 63297 26.3952
coreA 157 3009 62080 26.953
coreA 158 2991 60892 26.9244
coreA 159 2976 59723 26.7602
coreA 160 2928 58515 26.6914
coreA 161 2940 57331 26.6666
coreA 162 2905 56186 26.7114
coreA 163 2900 55055 26.7222
coreA 164 2843 53973 26.7657
coreA 165 2879 52777 26.6817
coreA 166 2810 51665 26.6735
coreA 167 2782 50525 26.7205
coreA 168 2810 49417 26.6529
coreA 169 2786 48298 26.7154
coreA 170 2746 47212 26.7118
coreA 171 2723 46127 29.8093
coreA 172 2729 45069 25.0252
coreA 173 2700 44046 26.6911
coreA 174 2655 43046 26.6933
coreA 175 2654 42055 46.6304
coreA 176 2631 41072 26.9668
coreA 177 2578 40067 26.5367
coreA 178 2571 39085 26.5181
coreA 179 2557 38150 26.5085
coreA 180 2545 37308 85.396
coreA 181 2506 36368 53.5431
coreA 182 2502 35529 26.4118
coreA 183 2438 34670 25.293
coreA 184 2446 33858 42.6874
coreA 185 2420 32962 39.3042
coreA 186 2417 32095 26.3377
coreA 187 2373 31285 26.366
coreA 188 2363 30529 26.3256
coreA 189 2337 29723 70.4734
coreA 190 2340 28957 26.4281
coreA 191 2307 28217 26.4199
coreA 192 2280 27500 26.4694
coreB 1 636 1585 4.41278
coreB 2 1210 1131 24.1348
coreB 3 1334 1067 24.0861
coreB 4 1345 1022 24.1013
coreB 5 1417 965 24.0826
coreB 6 1404 914 24.1004
coreB 7 1413 884 24.1822
coreB 8 1414 864 24.4165
coreB 9 1417 843 24.3279
coreB 10 1427 828 127.418
coreB 11 1443 800 24.4465
coreB 12 1444 745 24.2301
coreB 13 1425 666 24.761
coreB 14 1417 599 24.7194
coreB 15 1432 568 24.3974
coreB 16 1412 551 24.5008
coreB 17 1405 529 24.8204
coreB 18 1361 513 24.7874
coreB 19 1315 500 24.5668
coreB 20 1337 484 183.98
coreB 21 1326 468 24.7296
coreB 22 1346 456 24.7633
coreB 23 1303 441 24.73
coreB 24 1332 410 24.6862
coreB 25 1299 386 25.3058
coreB 26 1306 373 25.287
coreB 27 1282 360 25.3086
coreB 28 1275 346 25.1825
coreB 29 1300 331 25.004
coreB 30 1289 317 25.3103
coreB 31 1303 314 25.4907
coreB 32 1277 312 24.5952
coreB 33 1269 310 24.4034
coreB 34 1232 309 24.2661
coreB 35 1250 307 102.006
coreB 36 1237 306 24.4866
coreB 37 1278 304 24.0186
coreB 38 1233 302 24.1239
coreB 39 1280 301 24.0323
coreB 40 1274 299 23.828
coreB 41 1233 298 23.9107
coreB 42 1212 297 23.8612
coreB 43 1244 295 23.8702
coreB 44 1211 293 24.3426
coreB 45 1208 292 23.8636
coreB 46 1248 290 23.9362
coreB 47 1209 289 24.1685
coreB 48 1260 288 23.9098
coreB 49 1245 287 23.5252
coreB 50 1223 286 180.54
coreB 51 1243 285 23.7153
coreB 52 1208 284 23.6973
coreB 53 1211 282 23.4061
coreB 54 1188 280 23.6664
coreB 55 1203 279 23.6731
coreB 56 1196 277 23.6926
coreB 57 1204 276 23.5148
coreB 58 1181 275 23.608
coreB 59 1201 273 23.8284
coreB 60 1138 272 23.4432
coreB 61 1192 270 23.8453
coreB 62 1165 269 23.8629
coreB 63 1154 268 24.0443
coreB 64 1184 267 23.908
coreB 65 1187 265 24.0093
coreB 66 1168 264 24.5491
coreB 67 1161 263 23.8292
coreB 68 1159 262 23.8696
coreB 69 1192 261 23.6111
coreB 70 1154 259 23.9184
coreB 71 1149 258 24.0677
coreB 72 1142 257 24.0733
coreB 73 1127 255 24.1753
coreB 74 1111 254 24.2566
coreB 75 1139 253 24.2406
coreB 76 1155 252 40.2291
coreB 77 1129 251 23.9743
coreB 78 1104 250 24.6173
coreB 79 1108 248 24.0225
coreB 80 1096 248 24.009
coreB 81 1134 247 24.264
coreB 82 1094 246 23.9694
coreB 83 1125 245 55.0795
coreB 84 1091 244 24.3458
coreB 85 1105 243 23.8689
coreB 86 1079 242 23.9446
coreB 87 1094 241 24.0421
coreB 88 1102 240 23.8183
coreB 89 1062 240 24.3037
coreB 90 1085 239 24.1034
coreB 91 1112 238 24.1974
coreB 92 1059 238 24.4834
coreB 93 1090 237 24.2811
coreB 94 1093 236 24.6103
coreB 95 1066 236 24.2277
coreB 96 1059 235 24.2985
coreB 97 1053 234 24.1381
coreB 98 1045 234 24.6108
coreB 99 1069 233 24.5551
coreB 100 1058 232 24.2803
coreB 101 1059 231 23.7918
coreB 102 1044 231 24.1424
coreB 103 1016 230 23.7723
coreB 104 1045 230 23.9553
coreB 105 1052 229 24.0723
coreB 106 1019 228 23.7332
coreB 107 1016 228 25.0433
coreB 108 1032 227 24.5961
coreB 109 1040 226 24.11
coreB 110 1037 226 24.0824
coreB 111 1032 225 24.4247
coreB 112 992 225 24.6234
coreB 113 1033 225 24.6341
coreB 114 1033 224 24.2586
coreB 115 1029 223 25.3438
coreB 116 1042 223 24.6116
coreB 117 1004 222 24.7061
coreB 118 1038 222 24.8046
coreB 119 1001 221 24.5619
coreB 120 1003 221 24.8101
coreB 121 987 220 43.1297
coreB 122 994 219 24.2584
coreB 123 985 219 47.719
coreB 124 1008 219 64.9873
coreB 125 1016 218 24.2997
coreB 126 975 218 24.0961
coreB 127 1014 217 24.1956
coreB 128 980 217 24.3181
coreB 129 992 216 24.4013
coreB 130 975 216 24.9765
coreB 131 961 215 39.27
coreB 132 999 215 24.6291
coreB 133 941 214 25.1673
coreB 134 985 214 40.214
coreB 135 960 214 24.688
coreB 136 957 213 17.4959
coreB 137 959 213 24.1105
coreB 138 950 212 24.6359
coreB 139 971 212 24.8235
coreB 140 953 212 24.6213
coreB 141 975 211 24.6342
coreB 142 966 210 24.3227
coreB 143 937 210 24.8441
coreB 144 933 210 25.4641
coreB 145 939 209 24.633
coreB 146 957 209 25.2434
coreB 147 913 208 24.5701
coreB 148 935 208 24.6354
coreB 149 934 208 24.6144
coreB 150 916 207 25.2338
coreB 151 932 207 25.2059
coreB 152 943 207 24.5067
coreB 153 921 206 24.6524
coreB 154 898 206 24.2963
coreB 155 915 205 24.6389
coreB 156 929 205 24.7102
coreB 157 911 204 24.0129
coreB 158 891 204 24.52
coreB 159 898 204 25.4071
coreB 160 914 203 24.7274
coreB 161 880 203 24.6295
coreB 162 881 203 25.3379
coreB 163 902 202 24.7026
coreB 164 894 202 24.5583
coreB 165 921 202 24.6005
coreB 166 882 201 68.3433
coreB 167 865 201 55.108
coreB 168 847 201 24.4476
coreB 169 935 200 24.5258
coreB 170 877 200 41.4559
coreB 171 864 200 44.2621
coreB 172 938 199 20.2598
coreB 173 883 199 24.2667
coreB 174 878 199 24.149
coreB 175 890 199 24.3996
coreB 176 843 198 18.4473
coreB 177 863 198 24.3218
coreB 178 880 198 24.6923
coreB 179 858 197 24.1704
coreB 180 856 197 22.2254
coreB 181 871 197 19.0827
coreB 182 859 196 23.4627
coreB 183 845 196 19.2002
coreB 184 833 195 21.1174
coreB 185 821 195 17.0706
coreB 186 817 195 24.5189
coreB 187 797 194 24.4671
coreB 188 826 194 24.1883
coreB 189 858 193 21.3746
coreB 190 810 193 22.1645
coreB 191 814 193 17.1538
coreB 192 789 192 16.1471
total 669.144
coreA 1 4767 345056 305.1
coreA 2 4767 345056 31.6995
coreA 3 4767 345056 31.9711
coreA 4 4767 345056 32.8663
coreA 5 4767 345056 33.055
coreA 6 4767 345056 32.922
coreA 7 4772 345056 32.7452
coreA 8 4767 345053 32.5262
coreA 9 4776 345050 32.3214
coreA 10 4779 345038 32.2422
coreA 11 4771 345016 32.0912
coreA 12 4762 344955 112.899
coreA 13 4766 344855 32.0389
coreA 14 4747 344723 31.9305
coreA 15 4777 344541 58.4013
coreA 16 4765 344237 31.9049
coreA 17 4760 343823 79.9054
coreA 18 4770 343102 31.5304
coreA 19 4777 341701 111.908
coreA 20 4736 339736 103.302
coreA 21 4743 337030 31.9234
coreA 22 4752 333708 31.6837
coreA 23 4743 329976 31.501
coreA 24 4748 326085 59.2596
coreA 25 4751 322531 30.7646
coreA 26 4726 319291 30.6486
coreA 27 4745 316670 57.0639
coreA 28 4697 314488 30.7674
coreA 29 4720 312440 28.8104
coreA 30 4709 310364 30.6421
coreA 31 4711 308463 30.5346
coreA 32 4699 306372 25.8802
coreA 33 4711 304178 28.969
coreA 34 4652 301959 26.354
coreA 35 4645 299639 26.9805
coreA 36 4692 297315 30.049
coreA 37 4700 294867 30.1652
coreA 38 4676 292396 30.0483
coreA 39 4654 289945 29.9575
coreA 40 4629 287281 54.937
coreA 41 4617 284739 29.8104
coreA 42 4602 282162 46.4479
coreA 43 4592 279591 25.273
coreA 44 4595 277160 28.053
coreA 45 4587 274809 29.2314
coreA 46 4570 272426 29.1417
coreA 47 4591 269966 28.5431
coreA 48 4567 267504 55.3124
coreA 49 4570 265104 28.8793
coreA 50 4525 262520 79.2211
coreA 51 4543 260032 29.319
coreA 52 4535 257503 29.1102
coreA 53 4510 255118 28.9375
coreA 54 4498 252661 28.8981
coreA 55 4487 250166 27.143
coreA 56 4452 247656 28.171
coreA 57 4476 245114 28.6014
coreA 58 4431 242492 28.7401
coreA 59 4433 239817 28.6287
coreA 60 4400 237137 27.7026
coreA 61 4380 234377 28.4152
coreA 62 4372 231596 53.5193
coreA 63 4387 228878 28.9878
coreA 64 4376 225958 28.6086
coreA 65 4356 223092 28.5026
coreA 66 4282 220288 28.4414
coreA 67 4311 217544 28.2504
coreA 68 4283 214909 28.4843
coreA 69 4299 212278 28.1195
coreA 70 4273 209683 28.1769
coreA 71 4276 207182 28.0205
coreA 72 4256 204618 29.0833
coreA 73 4230 202057 28.978
coreA 74 4206 199629 28.8644
coreA 75 4205 197208 28.8359
coreA 76 4196 194827 28.9271
coreA 77 4187 192475 28.819
coreA 78 4166 190133 28.3808
coreA 79 4137 187897 28.0632
coreA 80 4121 185729 28.0704
coreA 81 4141 183573 27.9331
coreA 82 4137 181391 27.8699
coreA 83 4097 179284 27.8633
coreA 84 4061 177210 27.8231
coreA 85 4131 175227 28.0548
coreA 86 4090 173134 27.9176
coreA 87 4049 170984 120.908
coreA 88 4046 169008 27.6976
coreA 89 4008 167082 59.9138
coreA 90 4014 165119 27.7263
coreA 91 3987 163106 27.4988
coreA 92 4006 161075 27.4288
coreA 93 3978 158971 27.3717
coreA 94 3966 157028 27.2685
coreA 95 3939 155107 27.2805
coreA 96 3889 153193 27.4298
coreA 97 3920 151335 27.4548
coreA 98 3918 149506 27.4007
coreA 99 3901 147695 27.3707
coreA 100 3874 145878 103.159
coreA 101 3872 144198 27.8735
coreA 102 3855 142388 27.3134
coreA 103 3852 140644 27.2663
coreA 104 3813 138907 27.1928
coreA 105 3812 137136 27.114
coreA 106 3801 135363 27.1241
coreA 107 3778 133611 188.471
coreA 108 3742 131945 27.058
coreA 109 3722 130293 210.482
coreA 110 3741 128674 27.1892
coreA 111 3698 127084 27.0423
coreA 112 3718 125471 26.9292
coreA 113 3701 123862 26.9105
coreA 114 3714 122305 26.8915
coreA 115 3665 120748 26.8464
coreA 116 3641 119175 26.781
coreA 117 3643 117634 27.7442
coreA 118 3641 116083 26.7218
coreA 119 3654 114539 27.7909
coreA 120 3590 113047 27.691
coreA 121 3573 111456 115.765
coreA 122 3580 109937 27.5864
coreA 123 3548 108435 27.6045
coreA 124 3553 106872 27.5386
coreA 125 3514 105391 27.7317
coreA 126 3541 103909 27.5676
coreA 127 3489 102479 27.5394
coreA 128 3486 101007 27.5386
coreA 129 3480 99545 27.5657
coreA 130 3431 98089 27.5167
coreA 131 3439 96637 27.4591
coreA 132 3404 95229 27.586
coreA 133 3386 93737 27.4036
coreA 134 3382 92297 27.3801
coreA 135 3386 90876 27.3607
coreA 136 3333 89500 27.2985
coreA 137 3341 88133 27.3892
coreA 138 3315 86818 27.1918
coreA 139 3318 85429 27.1598
coreA 140 3266 84155 27.1213
coreA 141 3273 82744 27.0734
coreA 142 3273 81384 27.0627
coreA 143 3221 80017 27.0855
coreA 144 3234 78655 27.066
coreA 145 3203 77268 27.0686
coreA 146 3197 75952 27.0973
coreA 147 3184 74676 120.127
coreA 148 3155 73375 27.2046
coreA 149 3134 72054 27.1447
coreA 150 3113 70792 189.192
coreA 151 3100 69486 26.7804
coreA 152 3086 68200 51.3735
coreA 153 3084 66953 26.8243
coreA 154 3070 65692 26.9361
coreA 155 3089 64511 26.9139
coreA 156 3030 63297 26.8411
coreA 157 3009 62080 27.1617
coreA 158 2991 60892 27.0287
coreA 159 2976 59723 26.914
coreA 160 2928 58515 26.8873
coreA 161 2940 57331 26.9267
coreA 162 2905 56186 26.8956
coreA 163 2900 55055 26.8508
coreA 164 2843 53973 26.7403
coreA 165 2879 52777 26.6749
coreA 166 2810 51665 26.6329
coreA 167 2782 50525 26.6183
coreA 168 2810 49417 26.7372
coreA 169 2786 48298 26.62
coreA 170 2746 47212 26.5561
coreA 171 2723 46127 26.5482
coreA 172 2729 45069 26.5811
coreA 173 2700 44046 26.5444
coreA 174 2655 43046 26.5391
coreA 175 2654 42055 26.5707
coreA 176 2631 41072 164.888
coreA 177 2578 40067 26.6783
coreA 178 2571 39085 26.5255
coreA 179 2557 38150 26.4317
coreA 180 2545 37308 26.4913
coreA 181 2506 36368 26.4694
coreA 182 2502 35529 26.4375
coreA 183 2438 34670 26.4812
coreA 184 2446 33858 26.3927
coreA 185 2420 32962 26.4834
coreA 186 2417 32095 26.6597
coreA 187 2373 31285 26.5094
coreA 188 2363 30529 26.4243
coreA 189 2337 29723 26.4108
coreA 190 2340 28957 26.4614
coreA 191 2307 28217 26.4096
coreA 192 2280 27500 26.4062
coreB 1 636 1585 4.40537
coreB 2 1210 1131 24.5084
coreB 3 1334 1067 24.0427
coreB 4 1345 1022 24.2025
coreB 5 1417 965 24.3985
coreB 6 1404 914 24.3743
coreB 7 1413 884 24.5402
coreB 8 1414 864 24.1728
coreB 9 1417 843 24.1258
coreB 10 1427 828 24.0825
coreB 11 1443 800 24.1539
coreB 12 1444 745 24.1817
coreB 13 1425 666 24.3382
coreB 14 1417 599 24.1937
coreB 15 1432 568 24.0797
coreB 16 1412 551 24.0914
coreB 17 1405 529 24.5069
coreB 18 1361 513 24.3006
coreB 19 1315 500 23.965
coreB 20 1337 484 24.2643
coreB 21 1326 468 24.5464
coreB 22 1346 456 24.5051
coreB 23 1303 441 24.4693
coreB 24 1332 410 24.4917
coreB 25 1299 386 25.0775
coreB 26 1306 373 25.0897
coreB 27 1282 360 25.1635
coreB 28 1275 346 24.9715
coreB 29 1300 331 25.7421
coreB 30 1289 317 24.6445
coreB 31 1303 314 24.9145
coreB 32 1277 312 24.1561
coreB 33 1269 310 24.5692
coreB 34 1232 309 24.4332
coreB 35 1250 307 24.384
coreB 36 1237 306 24.293
coreB 37 1278 304 23.6635
coreB 38 1233 302 23.7232
coreB 39 1280 301 23.6411
coreB 40 1274 299 23.5871
coreB 41 1233 298 23.6766
coreB 42 1212 297 23.591
coreB 43 1244 295 24.0559
coreB 44 1211 293 24.4643
coreB 45 1208 292 23.6716
coreB 46 1248 290 23.7521
coreB 47 1209 289 23.9091
coreB 48 1260 288 23.7646
coreB 49 1245 287 23.4792
coreB 50 1223 286 23.6825
coreB 51 1243 285 24.0196
coreB 52 1208 284 24.0937
coreB 53 1211 282 23.8563
coreB 54 1188 280 24.1501
coreB 55 1203 279 24.1956
coreB 56 1196 277 24.2326
coreB 57 1204 276 554.721
coreB 58 1181 275 23.6398
coreB 59 1201 273 24.2152
coreB 60 1138 272 23.6406
coreB 61 1192 270 24.0574
coreB 62 1165 269 23.798
coreB 63 1154 268 23.9038
coreB 64 1184 267 23.6891
coreB 65 1187 265 23.968
coreB 66 1168 264 24.4707
coreB 67 1161 263 23.7417
coreB 68 1159 262 23.8668
coreB 69 1192 261 23.584
coreB 70 1154 259 23.8783
coreB 71 1149 258 23.6001
coreB 72 1142 257 23.8449
coreB 73 1127 255 23.8895
coreB 74 1111 254 30.3298
coreB 75 1139 253 19.3008
coreB 76 1155 252 17.869
coreB 77 1129 251 18.3531
coreB 78 1104 250 24.209
coreB 79 1108 248 23.8935
coreB 80 1096 248 23.7828
coreB 81 1134 247 24.0432
coreB 82 1094 246 24.0389
coreB 83 1125 245 23.7778
coreB 84 1091 244 24.0622
coreB 85 1105 243 23.847
coreB 86 1079 242 23.7772
coreB 87 1094 241 24.0163
coreB 88 1102 240 23.7535
coreB 89 1062 240 24.2018
coreB 90 1085 239 24.0544
coreB 91 1112 238 23.9907
coreB 92 1059 238 24.4967
coreB 93 1090 237 24.1613
coreB 94 1093 236 24.5003
coreB 95 1066 236 24.2678
coreB 96 1059 235 24.1032
coreB 97 1053 234 23.7289
coreB 98 1045 234 24.1625
coreB 99 1069 233 24.0966
coreB 100 1058 232 23.8452
coreB 101 1059 231 23.7855
coreB 102 1044 231 24.0948
coreB 103 1016 230 23.7941
coreB 104 1045 230 412.558
coreB 105 1052 229 18.5363
coreB 106 1019 228 23.7729
coreB 107 1016 228 24.0079
coreB 108 1032 227 24.442
coreB 109 1040 226 409.117
coreB 110 1037 226 24.0709
coreB 111 1032 225 24.362
coreB 112 992 225 24.576
coreB 113 1033 225 24.5904
coreB 114 1033 224 24.227
coreB 115 1029 223 25.156
coreB 116 1042 223 24.3998
coreB 117 1004 222 24.4564
coreB 118 1038 222 24.6075
coreB 119 1001 221 24.5164
coreB 120 1003 221 24.8834
coreB 121 987 220 24.2301
coreB 122 994 219 24.3559
coreB 123 985 219 24.2741
coreB 124 1008 219 24.2303
coreB 125 1016 218 24.4262
coreB 126 975 218 24.1658
coreB 127 1014 217 24.3003
coreB 128 980 217 24.1281
coreB 129 992 216 24.136
coreB 130 975 216 24.8229
coreB 131 961 215 24.7064
coreB 132 999 215 24.1675
coreB 133 941 214 24.7139
coreB 134 985 214 19.9844
coreB 135 960 214 18.9327
coreB 136 957 213 17.9776
coreB 137 959 213 23.991
coreB 138 950 212 24.1561
coreB 139 971 212 24.2743
coreB 140 953 212 24.0385
coreB 141 975 211 24.1809
coreB 142 966 210 24.7943
coreB 143 937 210 24.7546
coreB 144 933 210 24.8043
coreB 145 939 209 24.1476
coreB 146 957 209 25.2016
coreB 147 913 208 24.545
coreB 148 935 208 24.2944
coreB 149 934 208 24.2912
coreB 150 916 207 24.8984
coreB 151 932 207 24.6472
coreB 152 943 207 17.401
coreB 153 921 206 24.7965
coreB 154 898 206 24.1629
coreB 155 915 205 24.0629
coreB 156 929 205 19.3521
coreB 157 911 204 24.1236
coreB 158 891 204 24.0976
coreB 159 898 204 24.8621
coreB 160 914 203 24.1866
coreB 161 880 203 24.0901
coreB 162 881 203 24.8193
coreB 163 902 202 24.2617
coreB 164 894 202 24.1592
coreB 165 921 202 91.4654
coreB 166 882 201 24.7191
coreB 167 865 201 24.041
coreB 168 847 201 24.4379
coreB 169 935 200 24.4649
coreB 170 877 200 25.1425
coreB 171 864 200 24.3995
coreB 172 938 199 50.8793
coreB 173 883 199 24.1752
coreB 174 878 199 24.4214
coreB 175 890 199 24.7691
coreB 176 843 198 22.8137
coreB 177 863 198 24.6357
coreB 178 880 198 24.9713
coreB 179 858 197 24.6476
coreB 180 856 197 24.6928
coreB 181 871 197 25.3766
coreB 182 859 196 24.6516
coreB 183 845 196 24.6258
coreB 184 833 195 24.5021
coreB 185 821 195 24.5154
coreB 186 817 195 24.5327
coreB 187 797 194 21.2329
coreB 188 826 194 16.2128
coreB 189 858 193 26.5165
coreB 190 810 193 24.1766
coreB 191 814 193 20.6109
coreB 192 789 192 26.9725
total 682.803
