coreA 1 4767 345056 590.853
coreA 2 4767 345056 9.39695
coreA 3 4767 345056 10.0182
coreA 4 4767 345056 12.0996
coreA 5 4767 345056 12.6462
coreA 6 4767 345056 12.6684
coreA 7 4772 345056 12.7337
coreA 8 4767 345053 12.6602
coreA 9 4776 345050 12.6975
coreA 10 4779 345038 12.697
coreA 11 4771 345016 12.7284
coreA 12 4762 344955 12.7089
coreA 13 4766 344855 12.7145
coreA 14 4747 344723 12.7067
coreA 15 4777 344541 12.7346
coreA 16 4765 344237 12.6803
coreA 17 4760 343823 12.7105
coreA 18 4770 343102 12.7323
coreA 19 4777 341701 12.7077
coreA 20 4736 339736 12.7483
coreA 21 4743 337030 12.7295
coreA 22 4752 333708 12.7066
coreA 23 4743 329976 12.7341
coreA 24 4748 326085 12.6554
coreA 25 4751 322531 12.7257
coreA 26 4726 319291 12.6723
coreA 27 4745 316670 12.692
coreA 28 4697 314488 12.6738
coreA 29 4720 312440 12.6761
coreA 30 4709 310364 12.6549
coreA 31 4711 308463 12.7022
coreA 32 4699 306372 32.7666
coreA 33 4711 304178 32.5118
coreA 34 4652 301959 33.7393
coreA 35 4645 299639 30.6993
coreA 36 4692 297315 33.3613
coreA 37 4700 294867 32.9301
coreA 38 4676 292396 29.7131
coreA 39 4654 289945 35.9807
coreA 40 4629 287281 33.2491
coreA 41 4617 284739 30.6342
coreA 42 4602 282162 31.1096
coreA 43 4592 279591 29.3688
coreA 44 4595 277160 31.9108
coreA 45 4587 274809 28.4634
coreA 46 4570 272426 24.8052
coreA 47 4591 269966 25.9573
coreA 48 4567 267504 23.9435
coreA 49 4570 265104 20.8527
coreA 50 4525 262520 22.6145
coreA 51 4543 260032 17.8327
coreA 52 4535 257503 13.714
coreA 53 4510 255118 12.1321
coreA 54 4498 252661 12.1273
coreA 55 4487 250166 12.114
coreA 56 4452 247656 12.031
coreA 57 4476 245114 12.0267
coreA 58 4431 242492 11.992
coreA 59 4433 239817 11.9427
coreA 60 4400 237137 11.8919
coreA 61 4380 234377 30.5813
coreA 62 4372 231596 31.8377
coreA 63 4387 228878 30.6357
coreA 64 4376 225958 30.2616
coreA 65 4356 223092 27.8254
coreA 66 4282 220288 31.98
coreA 67 4311 217544 28.6452
coreA 68 4283 214909 29.2802
coreA 69 4299 212278 27.5401
coreA 70 4273 209683 27.6887
coreA 71 4276 207182 32.5055
coreA 72 4256 204618 30.959
coreA 73 4230 202057 28.8678
coreA 74 4206 199629 29.5666
coreA 75 4205 197208 26.2481
coreA 76 4196 194827 22.7294
coreA 77 4187 192475 23.887
coreA 78 4166 190133 22.813
coreA 79 4137 187897 21.4199
coreA 80 4121 185729 19.8282
coreA 81 4141 183573 19.3536
coreA 82 4137 181391 14.8556
coreA 83 4097 179284 31.9338
coreA 84 4061 177210 26.3853
coreA 85 4131 175227 25.2506
coreA 86 4090 173134 28.8976
coreA 87 4049 170984 27.274
coreA 88 4046 169008 25.837
coreA 89 4008 167082 29.2186
coreA 90 4014 165119 27.2584
coreA 91 3987 163106 25.0025
coreA 92 4006 161075 28.1703
coreA 93 3978 158971 31.5831
coreA 94 3966 157028 29.1977
coreA 95 3939 155107 29.4228
coreA 96 3889 153193 23.0117
coreA 97 3920 151335 25.6108
coreA 98 3918 149506 22.9475
coreA 99 3901 147695 22.1499
coreA 100 3874 145878 20.812
coreA 101 3872 144198 22.8379
coreA 102 3855 142388 21.2529
coreA 103 3852 140644 19.5087
coreA 104 3813 138907 19.6674
coreA 105 3812 137136 17.2963
coreA 106 3801 135363 28.0474
coreA 107 3778 133611 26.6881
coreA 108 3742 131945 28.6186
coreA 109 3722 130293 25.1329
coreA 110 3741 128674 26.0056
coreA 111 3698 127084 25.8886
coreA 112 3718 125471 24.3711
coreA 113 3701 123862 23.9507
coreA 114 3714 122305 28.0362
coreA 115 3665 120748 24.187
coreA 116 3641 119175 23.0518
coreA 117 3643 117634 25.4475
coreA 118 3641 116083 25.624
coreA 119 3654 114539 26.7976
coreA 120 3590 113047 24.5546
coreA 121 3573 111456 24.6047
coreA 122 3580 109937 23.1648
coreA 123 3548 108435 26.3355
coreA 124 3553 106872 27.2379
coreA 125 3514 105391 24.8439
coreA 126 3541 103909 23.2374
coreA 127 3489 102479 24.2211
coreA 128 3486 101007 23.9769
coreA 129 3480 99545 27.1646
coreA 130 3431 98089 24.6284
coreA 131 3439 96637 24.3636
coreA 132 3404 95229 26.6155
coreA 133 3386 93737 23.162
coreA 134 3382 92297 24.9447
coreA 135 3386 90876 22.4183
coreA 136 3333 89500 22.8074
coreA 137 3341 88133 25.9847
coreA 138 3315 86818 23.7417
coreA 139 3318 85429 20.6348
coreA 140 3266 84155 18.759
coreA 141 3273 82744 18.4978
coreA 142 3273 81384 20.1803
coreA 143 3221 80017 19.4536
coreA 144 3234 78655 17.8275
coreA 145 3203 77268 24.4215
coreA 146 3197 75952 24.4516
coreA 147 3184 74676 21.6167
coreA 148 3155 73375 21.8316
coreA 149 3134 72054 20.7096
coreA 150 3113 70792 22.7117
coreA 151 3100 69486 22.2638
coreA 152 3086 68200 22.0729
coreA 153 3084 66953 21.7348
coreA 154 3070 65692 23.4376
coreA 155 3089 64511 23.8507
coreA 156 3030 63297 23.7042
coreA 157 3009 62080 25.0788
coreA 158 2991 60892 22.161
coreA 159 2976 59723 22.0802
coreA 160 2928 58515 17.8684
coreA 161 2940 57331 22.0553
coreA 162 2905 56186 22.4219
coreA 163 2900 55055 22.2729
coreA 164 2843 53973 21.5518
coreA 165 2879 52777 21.7306
coreA 166 2810 51665 19.3375
coreA 167 2782 50525 22.1476
coreA 168 2810 49417 19.6299
coreA 169 2786 48298 21.428
coreA 170 2746 47212 19.699
coreA 171 2723 46127 18.949
coreA 172 2729 45069 21.1787
coreA 173 2700 44046 19.195
coreA 174 2655 43046 20.7613
coreA 175 2654 42055 18.3789
coreA 176 2631 41072 18.3767
coreA 177 2578 40067 21.2196
coreA 178 2571 39085 20.0717
coreA 179 2557 38150 19.9529
coreA 180 2545 37308 17.9656
coreA 181 2506 36368 19.2469
coreA 182 2502 35529 18.5762
coreA 183 2438 34670 17.1741
coreA 184 2446 33858 15.6847
coreA 185 2420 32962 15.527
coreA 186 2417 32095 16.1273
coreA 187 2373 31285 16.5178
coreA 188 2363 30529 13.7611
coreA 189 2337 29723 13.2737
coreA 190 2340 28957 14.0449
coreA 191 2307 28217 13.2614
coreA 192 2280 27500 13.2278
coreB 1 636 1585 6.3789
coreB 2 1210 1131 24.4399
coreB 3 1334 1067 23.9281
coreB 4 1345 1022 23.8511
coreB 5 1417 965 24.1492
coreB 6 1404 914 24.0338
coreB 7 1413 884 24.163
coreB 8 1414 864 24.1967
coreB 9 1417 843 23.9382
coreB 10 1427 828 23.8243
coreB 11 1443 800 24.2393
coreB 12 1444 745 23.9477
coreB 13 1425 666 24.4001
coreB 14 1417 599 24.1664
coreB 15 1432 568 23.8324
coreB 16 1412 551 24.0048
coreB 17 1405 529 24.2421
coreB 18 1361 513 24.1124
coreB 19 1315 500 23.9809
coreB 20 1337 484 23.947
coreB 21 1326 468 24.5029
coreB 22 1346 456 24.4277
coreB 23 1303 441 24.4334
coreB 24 1332 410 24.3679
coreB 25 1299 386 25.0387
coreB 26 1306 373 25.0402
coreB 27 1282 360 25.0368
coreB 28 1275 346 24.939
coreB 29 1300 331 24.585
coreB 30 1289 317 24.7065
coreB 31 1303 314 24.6191
coreB 32 1277 312 24.0503
coreB 33 1269 310 24.4496
coreB 34 1232 309 24.2842
coreB 35 1250 307 24.3004
coreB 36 1237 306 24.3905
coreB 37 1278 304 23.4299
coreB 38 1233 302 23.5824
coreB 39 1280 301 23.5435
coreB 40 1274 299 23.7256
coreB 41 1233 298 23.6851
coreB 42 1212 297 23.2917
coreB 43 1244 295 23.2408
coreB 44 1211 293 23.776
coreB 45 1208 292 23.2817
coreB 46 1248 290 23.3158
coreB 47 1209 289 23.726
coreB 48 1260 288 23.4209
coreB 49 1245 287 23.0473
coreB 50 1223 286 23.426
coreB 51 1243 285 23.4336
coreB 52 1208 284 23.4132
coreB 53 1211 282 23.0748
coreB 54 1188 280 23.4637
coreB 55 1203 279 23.5523
coreB 56 1196 277 23.3962
coreB 57 1204 276 23.1211
coreB 58 1181 275 23.2932
coreB 59 1201 273 23.4456
coreB 60 1138 272 23.1612
coreB 61 1192 270 23.5193
coreB 62 1165 269 23.047
coreB 63 1154 268 23.7732
coreB 64 1184 267 23.626
coreB 65 1187 265 23.9146
coreB 66 1168 264 24.0762
coreB 67 1161 263 23.4405
coreB 68 1159 262 23.4898
coreB 69 1192 261 23.0266
coreB 70 1154 259 23.5228
coreB 71 1149 258 23.1071
coreB 72 1142 257 23.6947
coreB 73 1127 255 23.5988
coreB 74 1111 254 23.4355
coreB 75 1139 253 23.6206
coreB 76 1155 252 23.3904
coreB 77 1129 251 23.5196
coreB 78 1104 250 23.8406
coreB 79 1108 248 23.2287
coreB 80 1096 248 23.2295
coreB 81 1134 247 23.5405
coreB 82 1094 246 23.5514
coreB 83 1125 245 23.2824
coreB 84 1091 244 23.7699
coreB 85 1105 243 23.7055
coreB 86 1079 242 23.7581
coreB 87 1094 241 48.1767
coreB 88 1102 240 23.5443
coreB 89 1062 240 24.0897
coreB 90 1085 239 23.7638
coreB 91 1112 238 23.8535
coreB 92 1059 238 24.2158
coreB 93 1090 237 23.9153
coreB 94 1093 236 24.1342
coreB 95 1066 236 23.9843
coreB 96 1059 235 23.9108
coreB 97 1053 234 23.5583
coreB 98 1045 234 24.0131
coreB 99 1069 233 23.767
coreB 100 1058 232 23.4683
coreB 101 1059 231 23.3917
coreB 102 1044 231 23.8905
coreB 103 1016 230 23.4777
coreB 104 1045 230 23.9131
coreB 105 1052 229 24.0537
coreB 106 1019 228 23.4537
coreB 107 1016 228 23.7662
coreB 108 1032 227 23.9109
coreB 109 1040 226 96.4756
coreB 110 1037 226 23.7876
coreB 111 1032 225 24.0028
coreB 112 992 225 24.0723
coreB 113 1033 225 24.1971
coreB 114 1033 224 23.5843
coreB 115 1029 223 24.6006
coreB 116 1042 223 23.6631
coreB 117 1004 222 23.7749
coreB 118 1038 222 23.7885
coreB 119 1001 221 24.0855
coreB 120 1003 221 24.4413
coreB 121 987 220 23.8305
coreB 122 994 219 23.8464
coreB 123 985 219 23.8492
coreB 124 1008 219 23.7774
coreB 125 1016 218 24.0353
coreB 126 975 218 23.7787
coreB 127 1014 217 24.0029
coreB 128 980 217 23.9351
coreB 129 992 216 23.9423
coreB 130 975 216 24.5987
coreB 131 961 215 24.2593
coreB 132 999 215 23.9737
coreB 133 941 214 24.526
coreB 134 985 214 22.2089
coreB 135 960 214 24.594
coreB 136 957 213 45.0312
coreB 137 959 213 23.8495
coreB 138 950 212 23.9815
coreB 139 971 212 23.9902
coreB 140 953 212 23.8821
coreB 141 975 211 23.9028
coreB 142 966 210 24.6031
coreB 143 937 210 24.6101
coreB 144 933 210 24.6414
coreB 145 939 209 23.9184
coreB 146 957 209 24.3868
coreB 147 913 208 23.6644
coreB 148 935 208 23.8025
coreB 149 934 208 23.8641
coreB 150 916 207 24.3849
coreB 151 932 207 24.3626
coreB 152 943 207 23.6977
coreB 153 921 206 24.3735
coreB 154 898 206 23.933
coreB 155 915 205 23.8704
coreB 156 929 205 23.9473
coreB 157 911 204 24.1775
coreB 158 891 204 24.0946
coreB 159 898 204 25.0046
coreB 160 914 203 24.1674
coreB 161 880 203 24.0638
coreB 162 881 203 24.7129
coreB 163 902 202 24.14
coreB 164 894 202 24.1025
coreB 165 921 202 23.9981
coreB 166 882 201 24.6109
coreB 167 865 201 23.882
coreB 168 847 201 23.9438
coreB 169 935 200 23.9958
coreB 170 877 200 24.5918
coreB 171 864 200 23.9709
coreB 172 938 199 23.996
coreB 173 883 199 23.863
coreB 174 878 199 23.9295
coreB 175 890 199 64.4497
coreB 176 843 198 63.5353
coreB 177 863 198 23.8269
coreB 178 880 198 24.2947
coreB 179 858 197 23.9163
coreB 180 856 197 23.7493
coreB 181 871 197 20.3851
coreB 182 859 196 19.3628
coreB 183 845 196 20.7668
coreB 184 833 195 20.454
coreB 185 821 195 19.987
coreB 186 817 195 24.1812
coreB 187 797 194 41.7278
coreB 188 826 194 23.9204
coreB 189 858 193 20.7307
coreB 190 810 193 24.058
coreB 191 814 193 36.1643
coreB 192 789 192 24.3885
total 1662.33
coreA 1 4767 345056 591.296
coreA 2 4767 345056 9.3362
coreA 3 4767 345056 9.97523
coreA 4 4767 345056 32.4801
coreA 5 4767 345056 32.722
coreA 6 4767 345056 32.4756
coreA 7 4772 345056 32.4252
coreA 8 4767 345053 32.0958
coreA 9 4776 345050 32.0439
coreA 10 4779 345038 31.8017
coreA 11 4771 345016 31.6675
coreA 12 4762 344955 31.6456
coreA 13 4766 344855 31.4925
coreA 14 4747 344723 31.5543
coreA 15 4777 344541 31.4122
coreA 16 4765 344237 31.3505
coreA 17 4760 343823 31.1862
coreA 18 4770 343102 31.088
coreA 19 4777 341701 30.8404
coreA 20 4736 339736 30.7722
coreA 21 4743 337030 30.6645
coreA 22 4752 333708 30.6185
coreA 23 4743 329976 30.5861
coreA 24 4748 326085 30.4051
coreA 25 4751 322531 30.4381
coreA 26 4726 319291 30.3856
coreA 27 4745 316670 30.3244
coreA 28 4697 314488 30.2929
coreA 29 4720 312440 30.1531
coreA 30 4709 310364 30.2271
coreA 31 4711 308463 30.0792
coreA 32 4699 306372 29.9804
coreA 33 4711 304178 29.7641
coreA 34 4652 301959 29.6796
coreA 35 4645 299639 29.6206
coreA 36 4692 297315 29.4443
coreA 37 4700 294867 29.6247
coreA 38 4676 292396 29.4279
coreA 39 4654 289945 29.2721
coreA 40 4629 287281 29.2537
coreA 41 4617 284739 29.189
coreA 42 4602 282162 29.1208
coreA 43 4592 279591 29.1245
coreA 44 4595 277160 29.0875
coreA 45 4587 274809 29.0062
coreA 46 4570 272426 28.9455
coreA 47 4591 269966 28.8091
coreA 48 4567 267504 28.787
coreA 49 4570 265104 28.7206
coreA 50 4525 262520 28.6335
coreA 51 4543 260032 28.8218
coreA 52 4535 257503 266.056
coreA 53 4510 255118 28.5494
coreA 54 4498 252661 28.4697
coreA 55 4487 250166 28.4275
coreA 56 4452 247656 28.3683
coreA 57 4476 245114 28.2949
coreA 58 4431 242492 248.155
coreA 59 4433 239817 28.3708
coreA 60 4400 237137 28.3274
coreA 61 4380 234377 28.2567
coreA 62 4372 231596 28.207
coreA 63 4387 228878 28.1721
coreA 64 4376 225958 28.0446
coreA 65 4356 223092 27.9524
coreA 66 4282 220288 27.9152
coreA 67 4311 217544 27.8845
coreA 68 4283 214909 27.8597
coreA 69 4299 212278 27.8161
coreA 70 4273 209683 27.7245
coreA 71 4276 207182 27.7445
coreA 72 4256 204618 28.1527
coreA 73 4230 202057 28.1025
coreA 74 4206 199629 28.1008
coreA 75 4205 197208 28.0456
coreA 76 4196 194827 27.9855
coreA 77 4187 192475 27.924
coreA 78 4166 190133 27.8851
coreA 79 4137 187897 27.5506
coreA 80 4121 185729 27.559
coreA 81 4141 183573 27.5222
coreA 82 4137 181391 27.5237
coreA 83 4097 179284 27.5214
coreA 84 4061 177210 27.3883
coreA 85 4131 175227 27.4978
coreA 86 4090 173134 27.596
coreA 87 4049 170984 27.4655
coreA 88 4046 169008 27.3885
coreA 89 4008 167082 135.293
coreA 90 4014 165119 27.3652
coreA 91 3987 163106 27.3458
coreA 92 4006 161075 27.2792
coreA 93 3978 158971 27.2523
coreA 94 3966 157028 27.1948
coreA 95 3939 155107 27.2466
coreA 96 3889 153193 27.1759
coreA 97 3920 151335 27.1703
coreA 98 3918 149506 27.0939
coreA 99 3901 147695 79.0897
coreA 100 3874 145878 27.0646
coreA 101 3872 144198 26.8159
coreA 102 3855 142388 26.7847
coreA 103 3852 140644 26.8162
coreA 104 3813 138907 26.7777
coreA 105 3812 137136 26.7604
coreA 106 3801 135363 26.7187
coreA 107 3778 133611 26.698
coreA 108 3742 131945 27.9571
coreA 109 3722 130293 27.4839
coreA 110 3741 128674 26.6435
coreA 111 3698 127084 26.5129
coreA 112 3718 125471 26.458
coreA 113 3701 123862 26.4349
coreA 114 3714 122305 26.4158
coreA 115 3665 120748 26.374
coreA 116 3641 119175 26.3488
coreA 117 3643 117634 27.2263
coreA 118 3641 116083 26.2377
coreA 119 3654 114539 27.2415
coreA 120 3590 113047 27.2338
coreA 121 3573 111456 27.1893
coreA 122 3580 109937 27.1601
coreA 123 3548 108435 27.1127
coreA 124 3553 106872 27.1071
coreA 125 3514 105391 27.084
coreA 126 3541 103909 27.0715
coreA 127 3489 102479 27.0715
coreA 128 3486 101007 27.0362
coreA 129 3480 99545 141.338
coreA 130 3431 98089 14.5814
coreA 131 3439 96637 12.1353
coreA 132 3404 95229 26.9196
coreA 133 3386 93737 26.9248
coreA 134 3382 92297 26.872
coreA 135 3386 90876 26.8592
coreA 136 3333 89500 28.4345
coreA 137 3341 88133 27.072
coreA 138 3315 86818 27.1174
coreA 139 3318 85429 27.019
coreA 140 3266 84155 27.0285
coreA 141 3273 82744 26.9669
coreA 142 3273 81384 26.9476
coreA 143 3221 80017 28.8657
coreA 144 3234 78655 19.8778
coreA 145 3203 77268 14.9887
coreA 146 3197 75952 26.0307
coreA 147 3184 74676 15.9414
coreA 148 3155 73375 26.6116
coreA 149 3134 72054 26.5891
coreA 150 3113 70792 26.5638
coreA 151 3100 69486 60.3376
coreA 152 3086 68200 14.0589
coreA 153 3084 66953 26.4287
coreA 154 3070 65692 26.4714
coreA 155 3089 64511 26.6715
coreA 156 3030 63297 26.7042
coreA 157 3009 62080 26.3797
coreA 158 2991 60892 26.3864
coreA 159 2976 59723 26.2928
coreA 160 2928 58515 26.3383
coreA 161 2940 57331 26.3254
coreA 162 2905 56186 26.3126
coreA 163 2900 55055 26.2693
coreA 164 2843 53973 26.2579
coreA 165 2879 52777 26.2288
coreA 166 2810 51665 26.2426
coreA 167 2782 50525 26.3012
coreA 168 2810 49417 26.213
coreA 169 2786 48298 26.2332
coreA 170 2746 47212 26.2354
coreA 171 2723 46127 26.2406
coreA 172 2729 45069 26.2252
coreA 173 2700 44046 26.1914
coreA 174 2655 43046 26.2146
coreA 175 2654 42055 26.2703
coreA 176 2631 41072 26.2859
coreA 177 2578 40067 26.3714
coreA 178 2571 39085 26.3457
coreA 179 2557 38150 26.2487
coreA 180 2545 37308 26.2713
coreA 181 2506 36368 26.3107
coreA 182 2502 35529 26.2304
coreA 183 2438 34670 26.2798
coreA 184 2446 33858 23.3689
coreA 185 2420 32962 17.4103
coreA 186 2417 32095 26.3997
coreA 187 2373 31285 26.4364
coreA 188 2363 30529 26.4298
coreA 189 2337 29723 21.0772
coreA 190 2340 28957 25.9649
coreA 191 2307 28217 21.5179
coreA 192 2280 27500 15.6709
coreB 1 636 1585 6.02034
coreB 2 1210 1131 23.9155
coreB 3 1334 1067 23.7889
coreB 4 1345 1022 23.8198
coreB 5 1417 965 23.8126
coreB 6 1404 914 23.8515
coreB 7 1413 884 23.999
coreB 8 1414 864 23.8821
coreB 9 1417 843 23.9036
coreB 10 1427 828 23.907
coreB 11 1443 800 23.8306
coreB 12 1444 745 23.7246
coreB 13 1425 666 24.0406
coreB 14 1417 599 24.0773
coreB 15 1432 568 23.7446
coreB 16 1412 551 23.7884
coreB 17 1405 529 24.1402
coreB 18 1361 513 24.0532
coreB 19 1315 500 23.9913
coreB 20 1337 484 23.8945
coreB 21 1326 468 24.3575
coreB 22 1346 456 24.2554
coreB 23 1303 441 24.1922
coreB 24 1332 410 24.2275
coreB 25 1299 386 24.9022
coreB 26 1306 373 24.7143
coreB 27 1282 360 17.4843
coreB 28 1275 346 24.7627
coreB 29 1300 331 15.1017
coreB 30 1289 317 24.5078
coreB 31 1303 314 24.4522
coreB 32 1277 312 23.6966
coreB 33 1269 310 23.1971
coreB 34 1232 309 14.9314
coreB 35 1250 307 15.0975
coreB 36 1237 306 24.2391
coreB 37 1278 304 23.6839
coreB 38 1233 302 23.7267
coreB 39 1280 301 23.7706
coreB 40 1274 299 23.6749
coreB 41 1233 298 23.738
coreB 42 1212 297 23.5977
coreB 43 1244 295 23.4883
coreB 44 1211 293 23.9745
coreB 45 1208 292 23.5633
coreB 46 1248 290 23.5343
coreB 47 1209 289 23.7581
coreB 48 1260 288 23.6131
coreB 49 1245 287 60.9272
coreB 50 1223 286 24.5321
coreB 51 1243 285 23.5605
coreB 52 1208 284 23.4585
coreB 53 1211 282 23.1726
coreB 54 1188 280 23.5518
coreB 55 1203 279 23.5562
coreB 56 1196 277 23.5085
coreB 57 1204 276 23.2753
coreB 58 1181 275 23.1902
coreB 59 1201 273 23.4447
coreB 60 1138 272 25.4479
coreB 61 1192 270 22.0676
coreB 62 1165 269 24.2873
coreB 63 1154 268 23.4752
coreB 64 1184 267 23.5623
coreB 65 1187 265 23.551
coreB 66 1168 264 24.1757
coreB 67 1161 263 23.5198
coreB 68 1159 262 23.706
coreB 69 1192 261 23.4454
coreB 70 1154 259 23.7302
coreB 71 1149 258 23.4959
coreB 72 1142 257 23.8497
coreB 73 1127 255 23.4264
coreB 74 1111 254 23.5365
coreB 75 1139 253 23.5974
coreB 76 1155 252 23.5772
coreB 77 1129 251 249.165
coreB 78 1104 250 24.0316
coreB 79 1108 248 23.3505
coreB 80 1096 248 23.2699
coreB 81 1134 247 23.6071
coreB 82 1094 246 23.5832
coreB 83 1125 245 23.2805
coreB 84 1091 244 23.9252
coreB 85 1105 243 23.4903
coreB 86 1079 242 23.4846
coreB 87 1094 241 23.5357
coreB 88 1102 240 23.273
coreB 89 1062 240 46.9303
coreB 90 1085 239 23.8154
coreB 91 1112 238 23.859
coreB 92 1059 238 24.3266
coreB 93 1090 237 23.6109
coreB 94 1093 236 24.0027
coreB 95 1066 236 23.896
coreB 96 1059 235 23.6239
coreB 97 1053 234 23.3295
coreB 98 1045 234 23.9381
coreB 99 1069 233 23.89
coreB 100 1058 232 23.535
coreB 101 1059 231 23.13
coreB 102 1044 231 23.6239
coreB 103 1016 230 23.3052
coreB 104 1045 230 23.6565
coreB 105 1052 229 23.6582
coreB 106 1019 228 23.3619
coreB 107 1016 228 23.6558
coreB 108 1032 227 23.7784
coreB 109 1040 226 23.5665
coreB 110 1037 226 23.6519
coreB 111 1032 225 23.9331
coreB 112 992 225 23.9605
coreB 113 1033 225 23.9328
coreB 114 1033 224 23.6195
coreB 115 1029 223 24.6068
coreB 116 1042 223 23.9254
coreB 117 1004 222 23.9641
coreB 118 1038 222 23.9793
coreB 119 1001 221 24.5103
coreB 120 1003 221 24.7774
coreB 121 987 220 24.1561
coreB 122 994 219 24.127
coreB 123 985 219 24.1123
coreB 124 1008 219 24.0255
coreB 125 1016 218 24.2108
coreB 126 975 218 24.1459
coreB 127 1014 217 23.9409
coreB 128 980 217 23.7863
coreB 129 992 216 23.9402
coreB 130 975 216 24.613
coreB 131 961 215 24.4367
coreB 132 999 215 23.9204
coreB 133 941 214 24.5975
coreB 134 985 214 24.1032
coreB 135 960 214 24.7065
coreB 136 957 213 24.5585
coreB 137 959 213 23.8185
coreB 138 950 212 24.0055
coreB 139 971 212 24.027
coreB 140 953 212 23.8822
coreB 141 975 211 23.9015
coreB 142 966 210 24.556
coreB 143 937 210 24.4865
coreB 144 933 210 24.5376
coreB 145 939 209 23.9694
coreB 146 957 209 24.5099
coreB 147 913 208 23.8079
coreB 148 935 208 23.8587
coreB 149 934 208 23.8451
coreB 150 916 207 24.5416
coreB 151 932 207 24.4726
coreB 152 943 207 23.8314
coreB 153 921 206 24.5032
coreB 154 898 206 24.01
coreB 155 915 205 23.888
coreB 156 929 205 142.316
coreB 157 911 204 24.0267
coreB 158 891 204 24.0952
coreB 159 898 204 24.8065
coreB 160 914 203 24.166
coreB 161 880 203 23.9997
coreB 162 881 203 24.6933
coreB 163 902 202 24.1219
coreB 164 894 202 24.0428
coreB 165 921 202 23.934
coreB 166 882 201 24.6684
coreB 167 865 201 23.9889
coreB 168 847 201 24.0202
coreB 169 935 200 24.0793
coreB 170 877 200 24.6025
coreB 171 864 200 23.9883
coreB 172 938 199 23.9848
coreB 173 883 199 24.0575
coreB 174 878 199 24.1264
coreB 175 890 199 24.3071
coreB 176 843 198 133.353
coreB 177 863 198 23.8291
coreB 178 880 198 24.3768
coreB 179 858 197 23.9281
coreB 180 856 197 23.9254
coreB 181 871 197 24.653
coreB 182 859 196 24.0448
coreB 183 845 196 24.0753
coreB 184 833 195 24.0649
coreB 185 821 195 72.4555
coreB 186 817 195 23.8451
coreB 187 797 194 24.0081
coreB 188 826 194 24.2535
coreB 189 858 193 24.7494
coreB 190 810 193 24.2302
coreB 191 814 193 24.1346
coreB 192 789 192 24.2597
total 1292.55
coreA 1 4767 345056 588.629
coreA 2 4767 345056 31.0622
coreA 3 4767 345056 31.2961
coreA 4 4767 345056 32.4667
coreA 5 4767 345056 32.6387
coreA 6 4767 345056 32.4518
coreA 7 4772 345056 32.3841
coreA 8 4767 345053 32.1184
coreA 9 4776 345050 32.0843
coreA 10 4779 345038 31.9419
coreA 11 4771 345016 31.8852
coreA 12 4762 344955 31.7645
coreA 13 4766 344855 31.6662
coreA 14 4747 344723 31.55
coreA 15 4777 344541 31.4807
coreA 16 4765 344237 31.3603
coreA 17 4760 343823 31.2798
coreA 18 4770 343102 31.0216
coreA 19 4777 341701 30.7254
coreA 20 4736 339736 30.8085
coreA 21 4743 337030 30.8065
coreA 22 4752 333708 30.6642
coreA 23 4743 329976 30.5454
coreA 24 4748 326085 30.4436
coreA 25 4751 322531 30.424
coreA 26 4726 319291 30.3922
coreA 27 4745 316670 30.243
coreA 28 4697 314488 30.1355
coreA 29 4720 312440 30.1122
coreA 30 4709 310364 30.0375
coreA 31 4711 308463 29.7919
coreA 32 4699 306372 29.7082
coreA 33 4711 304178 29.6635
coreA 34 4652 301959 29.5241
coreA 35 4645 299639 29.6379
coreA 36 4692 297315 29.3409
coreA 37 4700 294867 29.555
coreA 38 4676 292396 29.3998
coreA 39 4654 289945 29.2951
coreA 40 4629 287281 29.179
coreA 41 4617 284739 29.0867
coreA 42 4602 282162 28.95
coreA 43 4592 279591 28.913
coreA 44 4595 277160 28.8683
coreA 45 4587 274809 28.8111
coreA 46 4570 272426 28.7936
coreA 47 4591 269966 28.8085
coreA 48 4567 267504 28.6438
coreA 49 4570 265104 28.5475
coreA 50 4525 262520 28.4652
coreA 51 4543 260032 29.2413
coreA 52 4535 257503 29.0667
coreA 53 4510 255118 28.9833
coreA 54 4498 252661 263.729
coreA 55 4487 250166 28.3164
coreA 56 4452 247656 28.2949
coreA 57 4476 245114 28.3576
coreA 58 4431 242492 28.2024
coreA 59 4433 239817 28.1131
coreA 60 4400 237137 28.1037
coreA 61 4380 234377 28.1637
coreA 62 4372 231596 28.0566
coreA 63 4387 228878 27.8734
coreA 64 4376 225958 27.7726
coreA 65 4356 223092 27.7304
coreA 66 4282 220288 27.6559
coreA 67 4311 217544 27.6073
coreA 68 4283 214909 27.6113
coreA 69 4299 212278 27.5505
coreA 70 4273 209683 27.5598
coreA 71 4276 207182 27.5349
coreA 72 4256 204618 27.9328
coreA 73 4230 202057 27.878
coreA 74 4206 199629 27.8057
coreA 75 4205 197208 27.8377
coreA 76 4196 194827 27.7559
coreA 77 4187 192475 27.6736
coreA 78 4166 190133 27.6215
coreA 79 4137 187897 27.6031
coreA 80 4121 185729 27.5559
coreA 81 4141 183573 27.4915
coreA 82 4137 181391 27.5593
coreA 83 4097 179284 27.5436
coreA 84 4061 177210 55.9019
coreA 85 4131 175227 27.4639
coreA 86 4090 173134 27.4421
coreA 87 4049 170984 27.4209
coreA 88 4046 169008 27.3448
coreA 89 4008 167082 27.2911
coreA 90 4014 165119 27.1176
coreA 91 3987 163106 27.0435
coreA 92 4006 161075 27.0108
coreA 93 3978 158971 26.9512
coreA 94 3966 157028 26.913
coreA 95 3939 155107 26.9589
coreA 96 3889 153193 26.9345
coreA 97 3920 151335 26.9593
coreA 98 3918 149506 26.907
coreA 99 3901 147695 26.8507
coreA 100 3874 145878 26.8381
coreA 101 3872 144198 26.9072
coreA 102 3855 142388 26.9075
coreA 103 3852 140644 26.889
coreA 104 3813 138907 26.8892
coreA 105 3812 137136 377.513
coreA 106 3801 135363 26.6785
coreA 107 3778 133611 26.5499
coreA 108 3742 131945 26.5087
coreA 109 3722 130293 26.4591
coreA 110 3741 128674 26.4454
coreA 111 3698 127084 26.3298
coreA 112 3718 125471 26.3953
coreA 113 3701 123862 26.3657
coreA 114 3714 122305 26.353
coreA 115 3665 120748 26.385
coreA 116 3641 119175 26.361
coreA 117 3643 117634 27.3259
coreA 118 3641 116083 26.3678
coreA 119 3654 114539 27.291
coreA 120 3590 113047 27.2785
coreA 121 3573 111456 27.1997
coreA 122 3580 109937 27.2068
coreA 123 3548 108435 27.1448
coreA 124 3553 106872 27.1556
coreA 125 3514 105391 27.0774
coreA 126 3541 103909 27.0522
coreA 127 3489 102479 27.0748
coreA 128 3486 101007 27.1155
coreA 129 3480 99545 27.1053
coreA 130 3431 98089 27.0936
coreA 131 3439 96637 27.0767
coreA 132 3404 95229 27.0602
coreA 133 3386 93737 26.8823
coreA 134 3382 92297 20.1001
coreA 135 3386 90876 26.9715
coreA 136 3333 89500 28.8883
coreA 137 3341 88133 26.8408
coreA 138 3315 86818 26.8104
coreA 139 3318 85429 26.8505
coreA 140 3266 84155 26.8829
coreA 141 3273 82744 26.8656
coreA 142 3273 81384 26.86
coreA 143 3221 80017 26.8582
coreA 144 3234 78655 26.7721
coreA 145 3203 77268 24.9696
coreA 146 3197 75952 26.8746
coreA 147 3184 74676 24.6658
coreA 148 3155 73375 26.609
coreA 149 3134 72054 26.5768
coreA 150 3113 70792 26.5975
coreA 151 3100 69486 26.5442
coreA 152 3086 68200 83.2648
coreA 153 3084 66953 26.6166
coreA 154 3070 65692 26.653
coreA 155 3089 64511 26.5961
coreA 156 3030 63297 26.6269
coreA 157 3009 62080 26.632
coreA 158 2991 60892 26.577
coreA 159 2976 59723 26.5094
coreA 160 2928 58515 26.5222
coreA 161 2940 57331 26.5017
coreA 162 2905 56186 26.466
coreA 163 2900 55055 26.4054
coreA 164 2843 53973 26.3954
coreA 165 2879 52777 26.357
coreA 166 2810 51665 26.3499
coreA 167 2782 50525 84.3595
coreA 168 2810 49417 26.2574
coreA 169 2786 48298 26.313
coreA 170 2746 47212 26.3425
coreA 171 2723 46127 26.3776
coreA 172 2729 45069 81.9799
coreA 173 2700 44046 26.2463
coreA 174 2655 43046 40.293
coreA 175 2654 42055 26.2525
coreA 176 2631 41072 25.9306
coreA 177 2578 40067 26.2452
coreA 178 2571 39085 26.239
coreA 179 2557 38150 26.1874
coreA 180 2545 37308 26.1781
coreA 181 2506 36368 26.1102
coreA 182 2502 35529 26.084
coreA 183 2438 34670 52.5056
coreA 184 2446 33858 26.0549
coreA 185 2420 32962 40.279
coreA 186 2417 32095 26.0324
coreA 187 2373 31285 26.0761
coreA 188 2363 30529 26.0218
coreA 189 2337 29723 26.0155
coreA 190 2340 28957 25.9963
coreA 191 2307 28217 26.5965
coreA 192 2280 27500 26.0962
coreB 1 636 1585 5.99612
coreB 2 1210 1131 23.7609
coreB 3 1334 1067 23.7393
coreB 4 1345 1022 23.7599
coreB 5 1417 965 23.9033
coreB 6 1404 914 23.8285
coreB 7 1413 884 23.9925
coreB 8 1414 864 23.9275
coreB 9 1417 843 23.904
coreB 10 1427 828 23.8053
coreB 11 1443 800 23.8879
coreB 12 1444 745 23.7454
coreB 13 1425 666 24.0486
coreB 14 1417 599 24.0948
coreB 15 1432 568 23.7784
coreB 16 1412 551 23.8438
coreB 17 1405 529 24.1984
coreB 18 1361 513 24.1138
coreB 19 1315 500 23.8183
coreB 20 1337 484 23.8244
coreB 21 1326 468 24.0586
coreB 22 1346 456 24.1087
coreB 23 1303 441 24.0728
coreB 24 1332 410 24.2444
coreB 25 1299 386 24.6952
coreB 26 1306 373 24.6949
coreB 27 1282 360 24.8003
coreB 28 1275 346 24.6397
coreB 29 1300 331 24.4793
coreB 30 1289 317 24.5055
coreB 31 1303 314 24.4577
coreB 32 1277 312 23.6875
coreB 33 1269 310 24.158
coreB 34 1232 309 24.0347
coreB 35 1250 307 24.0243
coreB 36 1237 306 23.9302
coreB 37 1278 304 23.2516
coreB 38 1233 302 23.5415
coreB 39 1280 301 23.5958
coreB 40 1274 299 23.3704
coreB 41 1233 298 23.4331
coreB 42 1212 297 23.3509
coreB 43 1244 295 23.3099
coreB 44 1211 293 23.7048
coreB 45 1208 292 23.2628
coreB 46 1248 290 23.298
coreB 47 1209 289 23.6058
coreB 48 1260 288 23.3703
coreB 49 1245 287 23.0496
coreB 50 1223 286 23.3725
coreB 51 1243 285 23.378
coreB 52 1208 284 23.4688
coreB 53 1211 282 23.0715
coreB 54 1188 280 23.3742
coreB 55 1203 279 23.3831
coreB 56 1196 277 23.4074
coreB 57 1204 276 23.1816
coreB 58 1181 275 23.095
coreB 59 1201 273 20.0764
coreB 60 1138 272 20.1191
coreB 61 1192 270 23.3487
coreB 62 1165 269 23.254
coreB 63 1154 268 23.5753
coreB 64 1184 267 23.5666
coreB 65 1187 265 23.7121
coreB 66 1168 264 24.2955
coreB 67 1161 263 23.6901
coreB 68 1159 262 23.573
coreB 69 1192 261 23.259
coreB 70 1154 259 23.6018
coreB 71 1149 258 23.3183
coreB 72 1142 257 23.6436
coreB 73 1127 255 23.6171
coreB 74 1111 254 23.6379
coreB 75 1139 253 23.6765
coreB 76 1155 252 23.6294
coreB 77 1129 251 23.8136
coreB 78 1104 250 24.1616
coreB 79 1108 248 23.5749
coreB 80 1096 248 23.3563
coreB 81 1134 247 23.669
coreB 82 1094 246 23.6354
coreB 83 1125 245 23.3599
coreB 84 1091 244 23.8871
coreB 85 1105 243 23.4556
coreB 86 1079 242 23.4992
coreB 87 1094 241 23.4917
coreB 88 1102 240 23.1385
coreB 89 1062 240 23.6682
coreB 90 1085 239 23.9159
coreB 91 1112 238 24.01
coreB 92 1059 238 24.4571
coreB 93 1090 237 24.1966
coreB 94 1093 236 24.4538
coreB 95 1066 236 24.2226
coreB 96 1059 235 24.026
coreB 97 1053 234 23.7185
coreB 98 1045 234 24.0697
coreB 99 1069 233 24.0071
coreB 100 1058 232 23.7058
coreB 101 1059 231 23.6758
coreB 102 1044 231 23.9912
coreB 103 1016 230 23.6791
coreB 104 1045 230 24.0245
coreB 105 1052 229 24.0807
coreB 106 1019 228 23.4956
coreB 107 1016 228 23.7475
coreB 108 1032 227 23.8015
coreB 109 1040 226 23.4681
coreB 110 1037 226 23.5106
coreB 111 1032 225 23.8174
coreB 112 992 225 23.8497
coreB 113 1033 225 23.9566
coreB 114 1033 224 23.4573
coreB 115 1029 223 24.4213
coreB 116 1042 223 23.8995
coreB 117 1004 222 24.007
coreB 118 1038 222 23.9813
coreB 119 1001 221 24.1533
coreB 120 1003 221 24.4491
coreB 121 987 220 23.7961
coreB 122 994 219 23.8628
coreB 123 985 219 23.8259
coreB 124 1008 219 23.7612
coreB 125 1016 218 24.0582
coreB 126 975 218 23.8311
coreB 127 1014 217 23.91
coreB 128 980 217 23.7745
coreB 129 992 216 23.9068
coreB 130 975 216 24.3704
coreB 131 961 215 23.9696
coreB 132 999 215 23.7608
coreB 133 941 214 24.3601
coreB 134 985 214 23.743
coreB 135 960 214 24.6569
coreB 136 957 213 24.3855
coreB 137 959 213 24.0737
coreB 138 950 212 24.2917
coreB 139 971 212 24.3033
coreB 140 953 212 24.2584
coreB 141 975 211 24.17
coreB 142 966 210 24.9044
coreB 143 937 210 24.8198
coreB 144 933 210 24.8347
coreB 145 939 209 24.1471
coreB 146 957 209 24.8379
coreB 147 913 208 24.1613
coreB 148 935 208 24.1902
coreB 149 934 208 24.2345
coreB 150 916 207 24.8624
coreB 151 932 207 24.8261
coreB 152 943 207 24.2234
coreB 153 921 206 24.6924
coreB 154 898 206 24.0131
coreB 155 915 205 23.7253
coreB 156 929 205 71.6066
coreB 157 911 204 23.8002
coreB 158 891 204 23.7967
coreB 159 898 204 24.5307
coreB 160 914 203 23.8987
coreB 161 880 203 23.663
coreB 162 881 203 24.4813
coreB 163 902 202 23.8821
coreB 164 894 202 23.7573
coreB 165 921 202 23.7625
coreB 166 882 201 24.4588
coreB 167 865 201 23.7361
coreB 168 847 201 23.7562
coreB 169 935 200 23.861
coreB 170 877 200 24.468
coreB 171 864 200 23.7266
coreB 172 938 199 23.7616
coreB 173 883 199 23.7643
coreB 174 878 199 23.7625
coreB 175 890 199 24.1053
coreB 176 843 198 23.719
coreB 177 863 198 23.5908
coreB 178 880 198 23.9837
coreB 179 858 197 42.8568
coreB 180 856 197 23.7478
coreB 181 871 197 24.3884
coreB 182 859 196 23.8122
coreB 183 845 196 23.7802
coreB 184 833 195 23.9086
coreB 185 821 195 20.7986
coreB 186 817 195 23.9404
coreB 187 797 194 23.9137
coreB 188 826 194 20.8867
coreB 189 858 193 16.4541
coreB 190 810 193 27.9411
coreB 191 814 193 18.5172
coreB 192 789 192 18.1025
total 1273.41
