coreA 1 4767 345056 12.4532
coreA 2 4767 345056 9.66134
coreA 3 4767 345056 8.63252
coreA 4 4767 345056 34.6503
coreA 5 4767 345056 179.23
coreA 6 4767 345056 12.5182
coreA 7 4772 345056 34.4706
coreA 8 4767 345053 146.381
coreA 9 4776 345050 18.3682
coreA 10 4779 345038 33.8639
coreA 11 4771 345016 33.6129
coreA 12 4762 344955 33.686
coreA 13 4766 344855 33.5173
coreA 14 4747 344723 33.1873
coreA 15 4777 344541 33.4091
coreA 16 4765 344237 33.0862
coreA 17 4760 343823 33.0845
coreA 18 4770 343102 32.4161
coreA 19 4777 341701 29.8451
coreA 20 4736 339736 32.8105
coreA 21 4743 337030 32.4663
coreA 22 4752 333708 32.4187
coreA 23 4743 329976 32.0813
coreA 24 4748 326085 31.8281
coreA 25 4751 322531 32.0089
coreA 26 4726 319291 32.0425
coreA 27 4745 316670 31.7721
coreA 28 4697 314488 32.0947
coreA 29 4720 312440 31.8213
coreA 30 4709 310364 31.6235
coreA 31 4711 308463 31.3334
coreA 32 4699 306372 31.5127
coreA 33 4711 304178 31.2459
coreA 34 4652 301959 30.954
coreA 35 4645 299639 31.2262
coreA 36 4692 297315 30.8749
coreA 37 4700 294867 30.9765
coreA 38 4676 292396 31.2392
coreA 39 4654 289945 30.937
coreA 40 4629 287281 30.8876
coreA 41 4617 284739 30.8308
coreA 42 4602 282162 30.5639
coreA 43 4592 279591 30.8136
coreA 44 4595 277160 30.5051
coreA 45 4587 274809 30.4845
coreA 46 4570 272426 30.2038
coreA 47 4591 269966 30.5411
coreA 48 4567 267504 30.2342
coreA 49 4570 265104 30.0864
coreA 50 4525 262520 30.2251
coreA 51 4543 260032 30.1616
coreA 52 4535 257503 178.797
coreA 53 4510 255118 30.3941
coreA 54 4498 252661 30.1001
coreA 55 4487 250166 29.9705
coreA 56 4452 247656 108.526
coreA 57 4476 245114 17.5953
coreA 58 4431 242492 13.9842
coreA 59 4433 239817 30.8938
coreA 60 4400 237137 36.5481
coreA 61 4380 234377 21.6329
coreA 62 4372 231596 42.5514
coreA 63 4387 228878 26.439
coreA 64 4376 225958 29.6754
coreA 65 4356 223092 29.4794
coreA 66 4282 220288 29.3736
coreA 67 4311 217544 36.7643
coreA 68 4283 214909 33.6432
coreA 69 4299 212278 29.2429
coreA 70 4273 209683 45.8582
coreA 71 4276 207182 43.7752
coreA 72 4256 204618 26.4195
coreA 73 4230 202057 29.4521
coreA 74 4206 199629 29.281
coreA 75 4205 197208 29.1152
coreA 76 4196 194827 29.11
coreA 77 4187 192475 94.2034
coreA 78 4166 190133 19.4235
coreA 79 4137 187897 29.2244
coreA 80 4121 185729 29.0477
coreA 81 4141 183573 28.8409
coreA 82 4137 181391 136.768
coreA 83 4097 179284 17.2041
coreA 84 4061 177210 14.0474
coreA 85 4131 175227 28.8015
coreA 86 4090 173134 28.5448
coreA 87 4049 170984 28.4406
coreA 88 4046 169008 29.636
coreA 89 4008 167082 117.897
coreA 90 4014 165119 28.4731
coreA 91 3987 163106 28.3312
coreA 92 4006 161075 28.2969
coreA 93 3978 158971 38.4557
coreA 94 3966 157028 33.3847
coreA 95 3939 155107 20.0854
coreA 96 3889 153193 28.2103
coreA 97 3920 151335 37.3966
coreA 98 3918 149506 29.9281
coreA 99 3901 147695 124.794
coreA 100 3874 145878 12.8535
coreA 101 3872 144198 28.0453
coreA 102 3855 142388 27.9262
coreA 103 3852 140644 27.8417
coreA 104 3813 138907 105.553
coreA 105 3812 137136 18.1625
coreA 106 3801 135363 45.0304
coreA 107 3778 133611 25.8529
coreA 108 3742 131945 74.3482
coreA 109 3722 130293 17.6951
coreA 110 3741 128674 28.0288
coreA 111 3698 127084 27.9172
coreA 112 3718 125471 27.8417
coreA 113 3701 123862 30.8663
coreA 114 3714 122305 33.3837
coreA 115 3665 120748 37.4707
coreA 116 3641 119175 29.4161
coreA 117 3643 117634 129.573
coreA 118 3641 116083 10.9488
coreA 119 3654 114539 28.59
coreA 120 3590 113047 40.5068
coreA 121 3573 111456 26.865
coreA 122 3580 109937 35.0331
coreA 123 3548 108435 25.9493
coreA 124 3553 106872 17.6637
coreA 125 3514 105391 28.2334
coreA 126 3541 103909 41.2498
coreA 127 3489 102479 35.7204
coreA 128 3486 101007 24.9637
coreA 129 3480 99545 38.7113
coreA 130 3431 98089 25.5283
coreA 131 3439 96637 17.8917
coreA 132 3404 95229 37.8125
coreA 133 3386 93737 26.0464
coreA 134 3382 92297 17.7095
coreA 135 3386 90876 37.7225
coreA 136 3333 89500 25.1183
coreA 137 3341 88133 28.0608
coreA 138 3315 86818 28.0957
coreA 139 3318 85429 28.0006
coreA 140 3266 84155 83.6954
coreA 141 3273 82744 16.6248
coreA 142 3273 81384 17.2974
coreA 143 3221 80017 27.7355
coreA 144 3234 78655 27.7727
coreA 145 3203 77268 27.6807
coreA 146 3197 75952 126.253
coreA 147 3184 74676 12.1491
coreA 148 3155 73375 27.62
coreA 149 3134 72054 27.6961
coreA 150 3113 70792 27.5004
coreA 151 3100 69486 30.3297
coreA 152 3086 68200 29.7354
coreA 153 3084 66953 99.4238
coreA 154 3070 65692 14.7466
coreA 155 3089 64511 81.5678
coreA 156 3030 63297 15.6443
coreA 157 3009 62080 27.6388
coreA 158 2991 60892 27.76
coreA 159 2976 59723 27.6722
coreA 160 2928 58515 109.123
coreA 161 2940 57331 14.9738
coreA 162 2905 56186 12.5234
coreA 163 2900 55055 32.0081
coreA 164 2843 53973 24.921
coreA 165 2879 52777 17.6903
coreA 166 2810 51665 88.0817
coreA 167 2782 50525 15.0986
coreA 168 2810 49417 32.4154
coreA 169 2786 48298 22.551
coreA 170 2746 47212 16.8721
coreA 171 2723 46127 30.2947
coreA 172 2729 45069 22.1341
coreA 173 2700 44046 29.49
coreA 174 2655 43046 23.1904
coreA 175 2654 42055 30.0518
coreA 176 2631 41072 21.3627
coreA 177 2578 40067 27.0931
coreA 178 2571 39085 113.721
coreA 179 2557 38150 12.3779
coreA 180 2545 37308 30.4275
coreA 181 2506 36368 23.3533
coreA 182 2502 35529 94.4709
coreA 183 2438 34670 14.2375
coreA 184 2446 33858 27.7991
coreA 185 2420 32962 22.7126
coreA 186 2417 32095 27.1327
coreA 187 2373 31285 30.8604
coreA 188 2363 30529 91.3192
coreA 189 2337 29723 13.9863
coreA 190 2340 28957 30.622
coreA 191 2307 28217 22.8102
coreA 192 2280 27500 16.1362
coreB 1 636 1585 3.96042
coreB 2 1210 1131 6.41387
coreB 3 1334 1067 5.3056
coreB 4 1345 1022 6.14683
coreB 5 1417 965 5.26377
coreB 6 1404 914 245.129
coreB 7 1413 884 5.07844
coreB 8 1414 864 4.84979
coreB 9 1417 843 4.85953
coreB 10 1427 828 4.7353
coreB 11 1443 800 4.88686
coreB 12 1444 745 4.7431
coreB 13 1425 666 5.33756
coreB 14 1417 599 5.36752
coreB 15 1432 568 5.16366
coreB 16 1412 551 19.7932
coreB 17 1405 529 18.193
coreB 18 1361 513 16.7673
coreB 19 1315 500 18.6376
coreB 20 1337 484 17.5305
coreB 21 1326 468 18.7839
coreB 22 1346 456 18.2359
coreB 23 1303 441 18.0915
coreB 24 1332 410 14.0247
coreB 25 1299 386 14.3433
coreB 26 1306 373 17.9325
coreB 27 1282 360 17.9555
coreB 28 1275 346 18.1369
coreB 29 1300 331 16.6026
coreB 30 1289 317 18.4595
coreB 31 1303 314 18.2486
coreB 32 1277 312 16.0158
coreB 33 1269 310 17.9247
coreB 34 1232 309 15.4692
coreB 35 1250 307 19.1414
coreB 36 1237 306 17.6317
coreB 37 1278 304 18.7428
coreB 38 1233 302 15.5081
coreB 39 1280 301 18.0563
coreB 40 1274 299 18.0461
coreB 41 1233 298 17.8089
coreB 42 1212 297 14.1559
coreB 43 1244 295 12.8694
coreB 44 1211 293 12.0714
coreB 45 1208 292 8.56481
coreB 46 1248 290 7.18046
coreB 47 1209 289 7.39021
coreB 48 1260 288 16.6367
coreB 49 1245 287 16.0791
coreB 50 1223 286 21.2933
coreB 51 1243 285 14.9927
coreB 52 1208 284 20.5001
coreB 53 1211 282 15.8295
coreB 54 1188 280 16.7557
coreB 55 1203 279 15.8935
coreB 56 1196 277 14.9874
coreB 57 1204 276 13.5011
coreB 58 1181 275 12.2498
coreB 59 1201 273 9.00967
coreB 60 1138 272 6.95189
coreB 61 1192 270 7.79291
coreB 62 1165 269 15.9564
coreB 63 1154 268 21.0047
coreB 64 1184 267 17.0009
coreB 65 1187 265 16.5917
coreB 66 1168 264 18.2845
coreB 67 1161 263 19.4734
coreB 68 1159 262 16.3721
coreB 69 1192 261 17.0091
coreB 70 1154 259 14.3406
coreB 71 1149 258 13.5226
coreB 72 1142 257 17.9969
coreB 73 1127 255 18.3086
coreB 74 1111 254 16.034
coreB 75 1139 253 18.1499
coreB 76 1155 252 18.3569
coreB 77 1129 251 16.3905
coreB 78 1104 250 20.481
coreB 79 1108 248 17.1192
coreB 80 1096 248 14.2274
coreB 81 1134 247 14.2994
coreB 82 1094 246 11.013
coreB 83 1125 245 7.9409
coreB 84 1091 244 8.83766
coreB 85 1105 243 7.42325
coreB 86 1079 242 17.5537
coreB 87 1094 241 17.3668
coreB 88 1102 240 16.3328
coreB 89 1062 240 21.4505
coreB 90 1085 239 19.432
coreB 91 1112 238 17.1705
coreB 92 1059 238 18.644
coreB 93 1090 237 18.0369
coreB 94 1093 236 13.0656
coreB 95 1066 236 12.5686
coreB 96 1059 235 11.0453
coreB 97 1053 234 18.203
coreB 98 1045 234 17.7292
coreB 99 1069 233 19.7311
coreB 100 1058 232 16.7832
coreB 101 1059 231 18.7697
coreB 102 1044 231 16.5537
coreB 103 1016 230 16.8037
coreB 104 1045 230 18.7208
coreB 105 1052 229 15.4766
coreB 106 1019 228 13.2133
coreB 107 1016 228 10.7405
coreB 108 1032 227 16.3969
coreB 109 1040 226 18.1454
coreB 110 1037 226 19.8261
coreB 111 1032 225 16.6511
coreB 112 992 225 18.4243
coreB 113 1033 225 20.3543
coreB 114 1033 224 16.1382
coreB 115 1029 223 17.599
coreB 116 1042 223 18.0428
coreB 117 1004 222 17.4646
coreB 118 1038 222 17.195
coreB 119 1001 221 17.4291
coreB 120 1003 221 21.105
coreB 121 987 220 17.6823
coreB 122 994 219 18.5205
coreB 123 985 219 17.2228
coreB 124 1008 219 14.1281
coreB 125 1016 218 14.653
coreB 126 975 218 11.3745
coreB 127 1014 217 7.67084
coreB 128 980 217 8.01029
coreB 129 992 216 6.8205
coreB 130 975 216 18.1869
coreB 131 961 215 17.3586
coreB 132 999 215 18.4094
coreB 133 941 214 16.8405
coreB 134 985 214 20.0121
coreB 135 960 214 18.7412
coreB 136 957 213 17.0506
coreB 137 959 213 16.5095
coreB 138 950 212 15.2602
coreB 139 971 212 13.9694
coreB 140 953 212 16.3775
coreB 141 975 211 18.2377
coreB 142 966 210 18.8483
coreB 143 937 210 19.0441
coreB 144 933 210 17.8338
coreB 145 939 209 17.2546
coreB 146 957 209 19.5984
coreB 147 913 208 17.4101
coreB 148 935 208 13.369
coreB 149 934 208 14.1345
coreB 150 916 207 11.9485
coreB 151 932 207 15.9833
coreB 152 943 207 19.1506
coreB 153 921 206 18.8251
coreB 154 898 206 19.2204
coreB 155 915 205 15.3735
coreB 156 929 205 17.7607
coreB 157 911 204 17.3939
coreB 158 891 204 17.4821
coreB 159 898 204 18.3634
coreB 160 914 203 16.5783
coreB 161 880 203 19.0719
coreB 162 881 203 17.3777
coreB 163 902 202 18.1196
coreB 164 894 202 17.1062
coreB 165 921 202 16.3928
coreB 166 882 201 20.8346
coreB 167 865 201 12.1911
coreB 168 847 201 13.8517
coreB 169 935 200 11.4454
coreB 170 877 200 16.8215
coreB 171 864 200 16.8294
coreB 172 938 199 20.6877
coreB 173 883 199 17.8289
coreB 174 878 199 15.815
coreB 175 890 199 18.1417
coreB 176 843 198 19.1717
coreB 177 863 198 17.6599
coreB 178 880 198 16.8393
coreB 179 858 197 16.9035
coreB 180 856 197 15.7659
coreB 181 871 197 17.5279
coreB 182 859 196 16.5407
coreB 183 845 196 17.1836
coreB 184 833 195 16.7704
coreB 185 821 195 14.9654
coreB 186 817 195 15.1635
coreB 187 797 194 13.0082
coreB 188 826 194 12.8969
coreB 189 858 193 11.2032
coreB 190 810 193 7.58513
coreB 191 814 193 7.3196
coreB 192 789 192 6.84218
total 526.988
coreA 1 4767 345056 7.48028
coreA 2 4767 345056 7.27445
coreA 3 4767 345056 8.16437
coreA 4 4767 345056 10.3174
coreA 5 4767 345056 11.0015
coreA 6 4767 345056 10.7945
coreA 7 4772 345056 10.8852
coreA 8 4767 345053 33.3514
coreA 9 4776 345050 33.4459
coreA 10 4779 345038 33.0292
coreA 11 4771 345016 33.1509
coreA 12 4762 344955 32.2728
coreA 13 4766 344855 20.4355
coreA 14 4747 344723 33.6043
coreA 15 4777 344541 33.6799
coreA 16 4765 344237 33.7936
coreA 17 4760 343823 33.2626
coreA 18 4770 343102 33.6978
coreA 19 4777 341701 32.5103
coreA 20 4736 339736 32.3911
coreA 21 4743 337030 32.2071
coreA 22 4752 333708 34.0771
coreA 23 4743 329976 36.4996
coreA 24 4748 326085 32.2019
coreA 25 4751 322531 32.3183
coreA 26 4726 319291 32.1102
coreA 27 4745 316670 32.3612
coreA 28 4697 314488 31.4379
coreA 29 4720 312440 31.3178
coreA 30 4709 310364 33.5474
coreA 31 4711 308463 36.5401
coreA 32 4699 306372 31.1693
coreA 33 4711 304178 31.0576
coreA 34 4652 301959 30.9972
coreA 35 4645 299639 32.1595
coreA 36 4692 297315 32.4203
coreA 37 4700 294867 32.01
coreA 38 4676 292396 120.588
coreA 39 4654 289945 11.5349
coreA 40 4629 287281 10.5181
coreA 41 4617 284739 30.6878
coreA 42 4602 282162 30.597
coreA 43 4592 279591 30.4558
coreA 44 4595 277160 31.9921
coreA 45 4587 274809 36.7727
coreA 46 4570 272426 41.0003
coreA 47 4591 269966 24.9511
coreA 48 4567 267504 16.0805
coreA 49 4570 265104 13.8601
coreA 50 4525 262520 29.8817
coreA 51 4543 260032 30.2749
coreA 52 4535 257503 30.4426
coreA 53 4510 255118 33.2574
coreA 54 4498 252661 37.7366
coreA 55 4487 250166 24.2938
coreA 56 4452 247656 30.6789
coreA 57 4476 245114 30.4868
coreA 58 4431 242492 30.3713
coreA 59 4433 239817 32.3009
coreA 60 4400 237137 37.7743
coreA 61 4380 234377 24.0825
coreA 62 4372 231596 33.7805
coreA 63 4387 228878 38.2556
coreA 64 4376 225958 22.6629
coreA 65 4356 223092 14.0761
coreA 66 4282 220288 13.5702
coreA 67 4311 217544 29.4715
coreA 68 4283 214909 29.3421
coreA 69 4299 212278 29.2233
coreA 70 4273 209683 29.3622
coreA 71 4276 207182 37.6892
coreA 72 4256 204618 42.3928
coreA 73 4230 202057 25.4214
coreA 74 4206 199629 15.2284
coreA 75 4205 197208 29.4957
coreA 76 4196 194827 29.3826
coreA 77 4187 192475 29.5825
coreA 78 4166 190133 29.1187
coreA 79 4137 187897 38.3247
coreA 80 4121 185729 25.2081
coreA 81 4141 183573 29.0755
coreA 82 4137 181391 28.9262
coreA 83 4097 179284 29.1034
coreA 84 4061 177210 29.4775
coreA 85 4131 175227 39.1922
coreA 86 4090 173134 25.204
coreA 87 4049 170984 28.5416
coreA 88 4046 169008 28.4063
coreA 89 4008 167082 28.2901
coreA 90 4014 165119 28.1868
coreA 91 3987 163106 39.0941
coreA 92 4006 161075 28.5377
coreA 93 3978 158971 28.3932
coreA 94 3966 157028 28.2728
coreA 95 3939 155107 28.208
coreA 96 3889 153193 37.7882
coreA 97 3920 151335 25.5944
coreA 98 3918 149506 28.3882
coreA 99 3901 147695 28.2152
coreA 100 3874 145878 28.1814
coreA 101 3872 144198 28.121
coreA 102 3855 142388 37.7777
coreA 103 3852 140644 29.0241
coreA 104 3813 138907 28.9053
coreA 105 3812 137136 28.7794
coreA 106 3801 135363 28.5555
coreA 107 3778 133611 36.8399
coreA 108 3742 131945 28.7434
coreA 109 3722 130293 28.4569
coreA 110 3741 128674 28.2635
coreA 111 3698 127084 28.1637
coreA 112 3718 125471 28.7981
coreA 113 3701 123862 28.2562
coreA 114 3714 122305 28.0981
coreA 115 3665 120748 28.0465
coreA 116 3641 119175 95.3918
coreA 117 3643 117634 28.6571
coreA 118 3641 116083 27.6597
coreA 119 3654 114539 28.5618
coreA 120 3590 113047 28.5085
coreA 121 3573 111456 29.3204
coreA 122 3580 109937 29.07
coreA 123 3548 108435 28.9617
coreA 124 3553 106872 112.951
coreA 125 3514 105391 11.3368
coreA 126 3541 103909 10.5354
coreA 127 3489 102479 28.359
coreA 128 3486 101007 28.3101
coreA 129 3480 99545 28.176
coreA 130 3431 98089 28.5383
coreA 131 3439 96637 102.838
coreA 132 3404 95229 9.57272
coreA 133 3386 93737 28.6118
coreA 134 3382 92297 28.5235
coreA 135 3386 90876 28.501
coreA 136 3333 89500 29.3776
coreA 137 3341 88133 33.5888
coreA 138 3315 86818 28.0798
coreA 139 3318 85429 28.0568
coreA 140 3266 84155 27.92
coreA 141 3273 82744 27.8597
coreA 142 3273 81384 34.1631
coreA 143 3221 80017 25.1998
coreA 144 3234 78655 28.0865
coreA 145 3203 77268 28.2239
coreA 146 3197 75952 28.1947
coreA 147 3184 74676 28.1136
coreA 148 3155 73375 34.4441
coreA 149 3134 72054 28.4968
coreA 150 3113 70792 27.8774
coreA 151 3100 69486 27.6586
coreA 152 3086 68200 27.8107
coreA 153 3084 66953 32.2656
coreA 154 3070 65692 31.8641
coreA 155 3089 64511 26.3809
coreA 156 3030 63297 20.4942
coreA 157 3009 62080 15.1155
coreA 158 2991 60892 27.8806
coreA 159 2976 59723 27.8386
coreA 160 2928 58515 27.7635
coreA 161 2940 57331 27.614
coreA 162 2905 56186 31.0712
coreA 163 2900 55055 24.7952
coreA 164 2843 53973 28.3177
coreA 165 2879 52777 23.9338
coreA 166 2810 51665 16.265
coreA 167 2782 50525 11.0295
coreA 168 2810 49417 10.3868
coreA 169 2786 48298 27.4484
coreA 170 2746 47212 27.4726
coreA 171 2723 46127 27.3859
coreA 172 2729 45069 27.2399
coreA 173 2700 44046 31.3844
coreA 174 2655 43046 26.7382
coreA 175 2654 42055 22.8252
coreA 176 2631 41072 15.6372
coreA 177 2578 40067 12.2118
coreA 178 2571 39085 26.9135
coreA 179 2557 38150 26.9278
coreA 180 2545 37308 27.1132
coreA 181 2506 36368 26.96
coreA 182 2502 35529 30.6549
coreA 183 2438 34670 31.3125
coreA 184 2446 33858 19.5633
coreA 185 2420 32962 20.7376
coreA 186 2417 32095 14.3808
coreA 187 2373 31285 27.1914
coreA 188 2363 30529 27.062
coreA 189 2337 29723 26.9843
coreA 190 2340 28957 27.2766
coreA 191 2307 28217 29.0669
coreA 192 2280 27500 20.5845
coreB 1 636 1585 3.70537
coreB 2 1210 1131 5.55412
coreB 3 1334 1067 5.462
coreB 4 1345 1022 4.96035
coreB 5 1417 965 5.35293
coreB 6 1404 914 5.51475
coreB 7 1413 884 5.30823
coreB 8 1414 864 5.70609
coreB 9 1417 843 5.63387
coreB 10 1427 828 5.86522
coreB 11 1443 800 5.02257
coreB 12 1444 745 5.80406
coreB 13 1425 666 244.994
coreB 14 1417 599 5.39523
coreB 15 1432 568 5.2067
coreB 16 1412 551 19.0602
coreB 17 1405 529 18.8299
coreB 18 1361 513 18.231
coreB 19 1315 500 17.971
coreB 20 1337 484 19.766
coreB 21 1326 468 16.1737
coreB 22 1346 456 16.8854
coreB 23 1303 441 17.9026
coreB 24 1332 410 13.3185
coreB 25 1299 386 14.1405
coreB 26 1306 373 17.9843
coreB 27 1282 360 17.6729
coreB 28 1275 346 16.7125
coreB 29 1300 331 18.6995
coreB 30 1289 317 17.5738
coreB 31 1303 314 19.6737
coreB 32 1277 312 18.9938
coreB 33 1269 310 15.9355
coreB 34 1232 309 15.8959
coreB 35 1250 307 17.6611
coreB 36 1237 306 17.5627
coreB 37 1278 304 16.9239
coreB 38 1233 302 17.7653
coreB 39 1280 301 17.1059
coreB 40 1274 299 16.8448
coreB 41 1233 298 15.8745
coreB 42 1212 297 14.2645
coreB 43 1244 295 14.2338
coreB 44 1211 293 11.0794
coreB 45 1208 292 9.37136
coreB 46 1248 290 6.77958
coreB 47 1209 289 7.78012
coreB 48 1260 288 15.819
coreB 49 1245 287 17.8828
coreB 50 1223 286 17.0144
coreB 51 1243 285 16.7883
coreB 52 1208 284 19.1151
coreB 53 1211 282 18.6948
coreB 54 1188 280 19.6619
coreB 55 1203 279 17.493
coreB 56 1196 277 13.6833
coreB 57 1204 276 14.0558
coreB 58 1181 275 12.0238
coreB 59 1201 273 8.08453
coreB 60 1138 272 7.5608
coreB 61 1192 270 6.95987
coreB 62 1165 269 16.3443
coreB 63 1154 268 18.6774
coreB 64 1184 267 18.0024
coreB 65 1187 265 20.7442
coreB 66 1168 264 19.3146
coreB 67 1161 263 16.821
coreB 68 1159 262 16.3372
coreB 69 1192 261 15.5505
coreB 70 1154 259 14.3606
coreB 71 1149 258 13.6698
coreB 72 1142 257 17.5616
coreB 73 1127 255 17.895
coreB 74 1111 254 18.8377
coreB 75 1139 253 17.0554
coreB 76 1155 252 17.6464
coreB 77 1129 251 18.1257
coreB 78 1104 250 17.8766
coreB 79 1108 248 18.0469
coreB 80 1096 248 14.2621
coreB 81 1134 247 13.9068
coreB 82 1094 246 10.6154
coreB 83 1125 245 8.6807
coreB 84 1091 244 7.87912
coreB 85 1105 243 8.19304
coreB 86 1079 242 15.8063
coreB 87 1094 241 16.7236
coreB 88 1102 240 20.442
coreB 89 1062 240 20.0446
coreB 90 1085 239 17.7597
coreB 91 1112 238 17.7227
coreB 92 1059 238 15.3016
coreB 93 1090 237 17.9632
coreB 94 1093 236 14.8472
coreB 95 1066 236 16.0034
coreB 96 1059 235 11.1131
coreB 97 1053 234 18.4002
coreB 98 1045 234 18.2114
coreB 99 1069 233 17.688
coreB 100 1058 232 16.248
coreB 101 1059 231 19.1496
coreB 102 1044 231 18.3554
coreB 103 1016 230 18.8651
coreB 104 1045 230 17.6746
coreB 105 1052 229 13.9479
coreB 106 1019 228 13.749
coreB 107 1016 228 12.1248
coreB 108 1032 227 18.0664
coreB 109 1040 226 17.827
coreB 110 1037 226 19.1608
coreB 111 1032 225 17.0933
coreB 112 992 225 16.4805
coreB 113 1033 225 17.2692
coreB 114 1033 224 18.2047
coreB 115 1029 223 18.4963
coreB 116 1042 223 16.2316
coreB 117 1004 222 20.8688
coreB 118 1038 222 17.3679
coreB 119 1001 221 17.8175
coreB 120 1003 221 16.5372
coreB 121 987 220 17.6707
coreB 122 994 219 17.7713
coreB 123 985 219 18.4616
coreB 124 1008 219 13.6927
coreB 125 1016 218 14.5348
coreB 126 975 218 12.3793
coreB 127 1014 217 8.47793
coreB 128 980 217 7.45758
coreB 129 992 216 6.7375
coreB 130 975 216 16.7631
coreB 131 961 215 16.9567
coreB 132 999 215 21.4249
coreB 133 941 214 17.863
coreB 134 985 214 18.4749
coreB 135 960 214 15.7986
coreB 136 957 213 18.0762
coreB 137 959 213 18.1814
coreB 138 950 212 13.9235
coreB 139 971 212 14.3475
coreB 140 953 212 16.0712
coreB 141 975 211 19.0931
coreB 142 966 210 16.164
coreB 143 937 210 17.5763
coreB 144 933 210 15.7776
coreB 145 939 209 16.8501
coreB 146 957 209 16.3737
coreB 147 913 208 17.0621
coreB 148 935 208 15.3435
coreB 149 934 208 14.0109
coreB 150 916 207 13.0742
coreB 151 932 207 17.5607
coreB 152 943 207 18.6833
coreB 153 921 206 17.7018
coreB 154 898 206 19.4972
coreB 155 915 205 16.6202
coreB 156 929 205 18.3981
coreB 157 911 204 17.4845
coreB 158 891 204 15.8134
coreB 159 898 204 17.1003
coreB 160 914 203 17.7991
coreB 161 880 203 19.0652
coreB 162 881 203 19.0458
coreB 163 902 202 17.3261
coreB 164 894 202 16.9644
coreB 165 921 202 16.3343
coreB 166 882 201 17.3325
coreB 167 865 201 13.8254
coreB 168 847 201 12.7221
coreB 169 935 200 11.5082
coreB 170 877 200 18.3529
coreB 171 864 200 15.3396
coreB 172 938 199 20.2615
coreB 173 883 199 16.6121
coreB 174 878 199 17.8871
coreB 175 890 199 18.6583
coreB 176 843 198 16.1839
coreB 177 863 198 16.6537
coreB 178 880 198 17.5516
coreB 179 858 197 17.8199
coreB 180 856 197 16.5034
coreB 181 871 197 20.3978
coreB 182 859 196 15.1658
coreB 183 845 196 16.7945
coreB 184 833 195 17.9786
coreB 185 821 195 17.757
coreB 186 817 195 15.0347
coreB 187 797 194 13.7396
coreB 188 826 194 11.8785
coreB 189 858 193 9.36841
coreB 190 810 193 8.00029
coreB 191 814 193 6.65173
coreB 192 789 192 5.26035
total 530.883
coreA 1 4767 345056 7.32252
coreA 2 4767 345056 207.917
coreA 3 4767 345056 7.17765
coreA 4 4767 345056 33.9562
coreA 5 4767 345056 34.1341
coreA 6 4767 345056 33.989
coreA 7 4772 345056 31.2276
coreA 8 4767 345053 28.4837
coreA 9 4776 345050 21.1266
coreA 10 4779 345038 31.3357
coreA 11 4771 345016 28.699
coreA 12 4762 344955 21.4642
coreA 13 4766 344855 101.427
coreA 14 4747 344723 15.8486
coreA 15 4777 344541 32.7093
coreA 16 4765 344237 32.6464
coreA 17 4760 343823 32.512
coreA 18 4770 343102 33.5131
coreA 19 4777 341701 29.7818
coreA 20 4736 339736 32.3997
coreA 21 4743 337030 32.3089
coreA 22 4752 333708 32.1328
coreA 23 4743 329976 32.2091
coreA 24 4748 326085 31.9979
coreA 25 4751 322531 31.9566
coreA 26 4726 319291 31.5898
coreA 27 4745 316670 31.5374
coreA 28 4697 314488 31.1124
coreA 29 4720 312440 31.1725
coreA 30 4709 310364 31.288
coreA 31 4711 308463 138.834
coreA 32 4699 306372 31.6959
coreA 33 4711 304178 31.5357
coreA 34 4652 301959 190.226
coreA 35 4645 299639 31.1211
coreA 36 4692 297315 30.9308
coreA 37 4700 294867 31.0454
coreA 38 4676 292396 32.0493
coreA 39 4654 289945 32.0146
coreA 40 4629 287281 31.8592
coreA 41 4617 284739 37.1916
coreA 42 4602 282162 31.5372
coreA 43 4592 279591 30.2445
coreA 44 4595 277160 31.8465
coreA 45 4587 274809 95.1372
coreA 46 4570 272426 16.8947
coreA 47 4591 269966 30.1803
coreA 48 4567 267504 87.2632
coreA 49 4570 265104 34.8398
coreA 50 4525 262520 29.7543
coreA 51 4543 260032 196.644
coreA 52 4535 257503 14.2809
coreA 53 4510 255118 30.8129
coreA 54 4498 252661 30.6762
coreA 55 4487 250166 30.5278
coreA 56 4452 247656 92.317
coreA 57 4476 245114 17.3422
coreA 58 4431 242492 18.101
coreA 59 4433 239817 39.9028
coreA 60 4400 237137 27.395
coreA 61 4380 234377 18.3743
coreA 62 4372 231596 38.8823
coreA 63 4387 228878 29.4222
coreA 64 4376 225958 29.604
coreA 65 4356 223092 29.4023
coreA 66 4282 220288 29.3123
coreA 67 4311 217544 35.3982
coreA 68 4283 214909 34.1184
coreA 69 4299 212278 38.8295
coreA 70 4273 209683 28.8331
coreA 71 4276 207182 82.7002
coreA 72 4256 204618 16.9893
coreA 73 4230 202057 32.6028
coreA 74 4206 199629 33.0789
coreA 75 4205 197208 25.3167
coreA 76 4196 194827 100.032
coreA 77 4187 192475 17.1143
coreA 78 4166 190133 15.8315
coreA 79 4137 187897 28.9322
coreA 80 4121 185729 28.7842
coreA 81 4141 183573 28.7338
coreA 82 4137 181391 34.6208
coreA 83 4097 179284 32.4791
coreA 84 4061 177210 24.4228
coreA 85 4131 175227 36.083
coreA 86 4090 173134 29.0311
coreA 87 4049 170984 19.1053
coreA 88 4046 169008 36.8845
coreA 89 4008 167082 27.5874
coreA 90 4014 165119 28.7969
coreA 91 3987 163106 28.6709
coreA 92 4006 161075 28.5539
coreA 93 3978 158971 34.09
coreA 94 3966 157028 31.3879
coreA 95 3939 155107 24.0945
coreA 96 3889 153193 28.0123
coreA 97 3920 151335 27.8688
coreA 98 3918 149506 27.8464
coreA 99 3901 147695 150.952
coreA 100 3874 145878 10.8707
coreA 101 3872 144198 28.0831
coreA 102 3855 142388 27.9613
coreA 103 3852 140644 27.9038
coreA 104 3813 138907 32.3885
coreA 105 3812 137136 32.0464
coreA 106 3801 135363 28.534
coreA 107 3778 133611 33.6586
coreA 108 3742 131945 124.47
coreA 109 3722 130293 15.0767
coreA 110 3741 128674 27.9232
coreA 111 3698 127084 27.7635
coreA 112 3718 125471 27.7351
coreA 113 3701 123862 31.5684
coreA 114 3714 122305 30.6213
coreA 115 3665 120748 34.277
coreA 116 3641 119175 26.1321
coreA 117 3643 117634 33.4383
coreA 118 3641 116083 27.4505
coreA 119 3654 114539 34.9197
coreA 120 3590 113047 25.615
coreA 121 3573 111456 19.3029
coreA 122 3580 109937 32.9907
coreA 123 3548 108435 26.1332
coreA 124 3553 106872 20.4467
coreA 125 3514 105391 28.4694
coreA 126 3541 103909 28.3948
coreA 127 3489 102479 28.316
coreA 128 3486 101007 142.841
coreA 129 3480 99545 107.487
coreA 130 3431 98089 14.334
coreA 131 3439 96637 12.3979
coreA 132 3404 95229 33.4483
coreA 133 3386 93737 28.2803
coreA 134 3382 92297 22.4037
coreA 135 3386 90876 154.724
coreA 136 3333 89500 8.94724
coreA 137 3341 88133 28.1476
coreA 138 3315 86818 28.0076
coreA 139 3318 85429 27.8981
coreA 140 3266 84155 28.1633
coreA 141 3273 82744 28.1283
coreA 142 3273 81384 28.0637
coreA 143 3221 80017 28.8037
coreA 144 3234 78655 28.709
coreA 145 3203 77268 167.488
coreA 146 3197 75952 27.891
coreA 147 3184 74676 27.8141
coreA 148 3155 73375 28.539
coreA 149 3134 72054 28.4207
coreA 150 3113 70792 28.4935
coreA 151 3100 69486 92.8372
coreA 152 3086 68200 12.0342
coreA 153 3084 66953 88.0813
coreA 154 3070 65692 14.9409
coreA 155 3089 64511 34.6258
coreA 156 3030 63297 22.9682
coreA 157 3009 62080 27.2976
coreA 158 2991 60892 27.3378
coreA 159 2976 59723 27.2035
coreA 160 2928 58515 27.2372
coreA 161 2940 57331 35.7908
coreA 162 2905 56186 22.4547
coreA 163 2900 55055 27.2814
coreA 164 2843 53973 27.2915
coreA 165 2879 52777 27.1904
coreA 166 2810 51665 28.6229
coreA 167 2782 50525 23.5749
coreA 168 2810 49417 27.4155
coreA 169 2786 48298 27.3969
coreA 170 2746 47212 27.2877
coreA 171 2723 46127 27.3843
coreA 172 2729 45069 29.9684
coreA 173 2700 44046 27.3424
coreA 174 2655 43046 27.2701
coreA 175 2654 42055 27.174
coreA 176 2631 41072 29.5781
coreA 177 2578 40067 27.0824
coreA 178 2571 39085 27.0574
coreA 179 2557 38150 26.9926
coreA 180 2545 37308 28.2531
coreA 181 2506 36368 21.1075
coreA 182 2502 35529 147.177
coreA 183 2438 34670 9.51007
coreA 184 2446 33858 124.185
coreA 185 2420 32962 11.9121
coreA 186 2417 32095 27.0238
coreA 187 2373 31285 27.0497
coreA 188 2363 30529 26.9235
coreA 189 2337 29723 29.229
coreA 190 2340 28957 97.0504
coreA 191 2307 28217 11.8071
coreA 192 2280 27500 10.6515
coreB 1 636 1585 3.71479
coreB 2 1210 1131 5.54396
coreB 3 1334 1067 5.18806
coreB 4 1345 1022 25.1137
coreB 5 1417 965 24.7754
coreB 6 1404 914 24.7759
coreB 7 1413 884 69.7062
coreB 8 1414 864 11.9053
coreB 9 1417 843 11.8364
coreB 10 1427 828 24.7742
coreB 11 1443 800 25.0383
coreB 12 1444 745 24.9101
coreB 13 1425 666 26.4875
coreB 14 1417 599 29.0957
coreB 15 1432 568 24.485
coreB 16 1412 551 24.6698
coreB 17 1405 529 120.038
coreB 18 1361 513 24.5892
coreB 19 1315 500 24.7054
coreB 20 1337 484 24.7464
coreB 21 1326 468 25.1374
coreB 22 1346 456 26.1498
coreB 23 1303 441 24.9881
coreB 24 1332 410 25.4347
coreB 25 1299 386 25.6621
coreB 26 1306 373 25.2476
coreB 27 1282 360 25.357
coreB 28 1275 346 25.5697
coreB 29 1300 331 101.383
coreB 30 1289 317 25.1575
coreB 31 1303 314 24.9625
coreB 32 1277 312 142.108
coreB 33 1269 310 12.406
coreB 34 1232 309 11.4783
coreB 35 1250 307 25.5633
coreB 36 1237 306 101.787
coreB 37 1278 304 15.2303
coreB 38 1233 302 24.326
coreB 39 1280 301 24.3045
coreB 40 1274 299 24.3695
coreB 41 1233 298 24.1534
coreB 42 1212 297 22.9871
coreB 43 1244 295 24.8772
coreB 44 1211 293 25.5501
coreB 45 1208 292 73.0038
coreB 46 1248 290 16.6629
coreB 47 1209 289 74.6062
coreB 48 1260 288 27.614
coreB 49 1245 287 26.3264
coreB 50 1223 286 142.099
coreB 51 1243 285 11.5201
coreB 52 1208 284 12.094
coreB 53 1211 282 24.0559
coreB 54 1188 280 24.4268
coreB 55 1203 279 139.153
coreB 56 1196 277 24.4654
coreB 57 1204 276 23.9897
coreB 58 1181 275 152.059
coreB 59 1201 273 24.6125
coreB 60 1138 272 23.867
coreB 61 1192 270 24.5432
coreB 62 1165 269 131.08
coreB 63 1154 268 6.39639
coreB 64 1184 267 24.3576
coreB 65 1187 265 24.3853
coreB 66 1168 264 24.8992
coreB 67 1161 263 25.2853
coreB 68 1159 262 25.1475
coreB 69 1192 261 142.254
coreB 70 1154 259 4.10795
coreB 71 1149 258 93.8956
coreB 72 1142 257 12.66
coreB 73 1127 255 24.2032
coreB 74 1111 254 24.247
coreB 75 1139 253 24.4311
coreB 76 1155 252 124.999
coreB 77 1129 251 6.16174
coreB 78 1104 250 5.82761
coreB 79 1108 248 144.358
coreB 80 1096 248 12.6785
coreB 81 1134 247 12.052
coreB 82 1094 246 156.497
coreB 83 1125 245 10.77
coreB 84 1091 244 7.73415
coreB 85 1105 243 142.867
coreB 86 1079 242 12.666
coreB 87 1094 241 11.3611
coreB 88 1102 240 75.2283
coreB 89 1062 240 68.4724
coreB 90 1085 239 24.3303
coreB 91 1112 238 24.4743
coreB 92 1059 238 77.273
coreB 93 1090 237 118.428
coreB 94 1093 236 7.23611
coreB 95 1066 236 6.49999
coreB 96 1059 235 24.5593
coreB 97 1053 234 26.7043
coreB 98 1045 234 25.6077
coreB 99 1069 233 28.1861
coreB 100 1058 232 23.0062
coreB 101 1059 231 24.2813
coreB 102 1044 231 24.3508
coreB 103 1016 230 24.4141
coreB 104 1045 230 26.2167
coreB 105 1052 229 26.3878
coreB 106 1019 228 26.4807
coreB 107 1016 228 25.9492
coreB 108 1032 227 24.8204
coreB 109 1040 226 27.4587
coreB 110 1037 226 24.6674
coreB 111 1032 225 25.0918
coreB 112 992 225 74.7733
coreB 113 1033 225 105.533
coreB 114 1033 224 11.5316
coreB 115 1029 223 25.2453
coreB 116 1042 223 27.1663
coreB 117 1004 222 28.249
coreB 118 1038 222 26.5535
coreB 119 1001 221 25.0262
coreB 120 1003 221 26.4915
coreB 121 987 220 24.4423
coreB 122 994 219 29.0378
coreB 123 985 219 23.9975
coreB 124 1008 219 15.9506
coreB 125 1016 218 24.9992
coreB 126 975 218 24.7716
coreB 127 1014 217 24.8394
coreB 128 980 217 24.862
coreB 129 992 216 26.4482
coreB 130 975 216 25.4667
coreB 131 961 215 19.1158
coreB 132 999 215 24.7149
coreB 133 941 214 25.5193
coreB 134 985 214 96.0449
coreB 135 960 214 25.3444
coreB 136 957 213 25.5386
coreB 137 959 213 24.9658
coreB 138 950 212 25.1462
coreB 139 971 212 24.2633
coreB 140 953 212 24.5437
coreB 141 975 211 24.5119
coreB 142 966 210 78.1446
coreB 143 937 210 126.591
coreB 144 933 210 15.5007
coreB 145 939 209 13.2828
coreB 146 957 209 25.7992
coreB 147 913 208 24.7007
coreB 148 935 208 24.5796
coreB 149 934 208 24.7364
coreB 150 916 207 144.022
coreB 151 932 207 25.2174
coreB 152 943 207 26.3055
coreB 153 921 206 25.2224
coreB 154 898 206 24.8398
coreB 155 915 205 24.9259
coreB 156 929 205 28.3468
coreB 157 911 204 25.0523
coreB 158 891 204 24.7567
coreB 159 898 204 73.0705
coreB 160 914 203 106.011
coreB 161 880 203 12.0942
coreB 162 881 203 7.39892
coreB 163 902 202 24.9515
coreB 164 894 202 27.8745
coreB 165 921 202 23.4493
coreB 166 882 201 24.798
coreB 167 865 201 23.8775
coreB 168 847 201 73.5802
coreB 169 935 200 17.539
coreB 170 877 200 13.4683
coreB 171 864 200 69.4665
coreB 172 938 199 13.1923
coreB 173 883 199 23.811
coreB 174 878 199 25.6058
coreB 175 890 199 25.5649
coreB 176 843 198 24.4236
coreB 177 863 198 25.6313
coreB 178 880 198 25.84
coreB 179 858 197 24.629
coreB 180 856 197 24.1678
coreB 181 871 197 26.4795
coreB 182 859 196 23.9123
coreB 183 845 196 23.8945
coreB 184 833 195 26.0552
coreB 185 821 195 23.9966
coreB 186 817 195 24.7764
coreB 187 797 194 22.4049
coreB 188 826 194 22.9585
coreB 189 858 193 26.3043
coreB 190 810 193 24.6612
coreB 191 814 193 26.5491
coreB 192 789 192 25.0493
total 477.383
