coreA 1 4767 345056 32.9241
coreA 2 4767 345056 31.8108
coreA 3 4767 345056 32.0045
coreA 4 4767 345056 33.5847
coreA 5 4767 345056 33.5343
coreA 6 4767 345056 33.0349
coreA 7 4772 345056 32.7502
coreA 8 4767 345053 32.4951
coreA 9 4776 345050 32.1749
coreA 10 4779 345038 32.1333
coreA 11 4771 345016 31.9681
coreA 12 4762 344955 31.8079
coreA 13 4766 344855 31.9861
coreA 14 4747 344723 31.6504
coreA 15 4777 344541 31.7422
coreA 16 4765 344237 31.3327
coreA 17 4760 343823 31.6323
coreA 18 4770 343102 31.1252
coreA 19 4777 341701 31.1899
coreA 20 4736 339736 30.9604
coreA 21 4743 337030 30.9139
coreA 22 4752 333708 30.73
coreA 23 4743 329976 30.4795
coreA 24 4748 326085 30.5544
coreA 25 4751 322531 30.409
coreA 26 4726 319291 30.2909
coreA 27 4745 316670 30.1486
coreA 28 4697 314488 30.115
coreA 29 4720 312440 29.9647
coreA 30 4709 310364 29.9378
coreA 31 4711 308463 29.8303
coreA 32 4699 306372 29.746
coreA 33 4711 304178 29.6183
coreA 34 4652 301959 29.5005
coreA 35 4645 299639 29.3865
coreA 36 4692 297315 29.2614
coreA 37 4700 294867 29.3825
coreA 38 4676 292396 29.2794
coreA 39 4654 289945 29.182
coreA 40 4629 287281 29.144
coreA 41 4617 284739 29.0916
coreA 42 4602 282162 29.0033
coreA 43 4592 279591 28.9319
coreA 44 4595 277160 28.8938
coreA 45 4587 274809 28.773
coreA 46 4570 272426 28.73
coreA 47 4591 269966 28.6368
coreA 48 4567 267504 28.6241
coreA 49 4570 265104 28.514
coreA 50 4525 262520 28.4725
coreA 51 4543 260032 28.6457
coreA 52 4535 257503 28.5825
coreA 53 4510 255118 28.4931
coreA 54 4498 252661 28.4315
coreA 55 4487 250166 28.3699
coreA 56 4452 247656 28.2842
coreA 57 4476 245114 28.2096
coreA 58 4431 242492 28.1798
coreA 59 4433 239817 28.0982
coreA 60 4400 237137 28.0995
coreA 61 4380 234377 27.9706
coreA 62 4372 231596 27.9749
coreA 63 4387 228878 27.8947
coreA 64 4376 225958 27.8767
coreA 65 4356 223092 27.7782
coreA 66 4282 220288 27.726
coreA 67 4311 217544 27.7123
coreA 68 4283 214909 27.6353
coreA 69 4299 212278 27.6046
coreA 70 4273 209683 27.5373
coreA 71 4276 207182 27.49
coreA 72 4256 204618 27.9053
coreA 73 4230 202057 27.9443
coreA 74 4206 199629 27.8149
coreA 75 4205 197208 27.8462
coreA 76 4196 194827 27.7565
coreA 77 4187 192475 27.6646
coreA 78 4166 190133 27.6588
coreA 79 4137 187897 27.5803
coreA 80 4121 185729 27.5695
coreA 81 4141 183573 27.5364
coreA 82 4137 181391 27.4937
coreA 83 4097 179284 27.4578
coreA 84 4061 177210 27.4578
coreA 85 4131 175227 27.3312
coreA 86 4090 173134 27.2693
coreA 87 4049 170984 27.2498
coreA 88 4046 169008 27.1536
coreA 89 4008 167082 27.1233
coreA 90 4014 165119 27.1096
coreA 91 3987 163106 27.0953
coreA 92 4006 161075 27.0615
coreA 93 3978 158971 27.0061
coreA 94 3966 157028 26.9512
coreA 95 3939 155107 26.9921
coreA 96 3889 153193 26.8896
coreA 97 3920 151335 26.8689
coreA 98 3918 149506 26.7984
coreA 99 3901 147695 26.7794
coreA 100 3874 145878 26.7439
coreA 101 3872 144198 26.6929
coreA 102 3855 142388 26.6614
coreA 103 3852 140644 26.6573
coreA 104 3813 138907 26.5906
coreA 105 3812 137136 26.6037
coreA 106 3801 135363 26.549
coreA 107 3778 133611 26.4968
coreA 108 3742 131945 26.5069
coreA 109 3722 130293 26.434
coreA 110 3741 128674 26.4202
coreA 111 3698 127084 26.3935
coreA 112 3718 125471 26.3825
coreA 113 3701 123862 26.3839
coreA 114 3714 122305 26.3267
coreA 115 3665 120748 26.2835
coreA 116 3641 119175 26.2476
coreA 117 3643 117634 27.2033
coreA 118 3641 116083 26.2132
coreA 119 3654 114539 27.2296
coreA 120 3590 113047 27.1691
coreA 121 3573 111456 27.1574
coreA 122 3580 109937 27.0979
coreA 123 3548 108435 27.1058
coreA 124 3553 106872 27.0828
coreA 125 3514 105391 27.0432
coreA 126 3541 103909 27.0328
coreA 127 3489 102479 26.9996
coreA 128 3486 101007 27.0156
coreA 129 3480 99545 26.9548
coreA 130 3431 98089 26.9343
coreA 131 3439 96637 26.8959
coreA 132 3404 95229 26.86
coreA 133 3386 93737 26.8304
coreA 134 3382 92297 26.8113
coreA 135 3386 90876 26.7531
coreA 136 3333 89500 26.7306
coreA 137 3341 88133 26.7547
coreA 138 3315 86818 26.7338
coreA 139 3318 85429 26.7065
coreA 140 3266 84155 26.6979
coreA 141 3273 82744 26.6793
coreA 142 3273 81384 26.6628
coreA 143 3221 80017 26.6701
coreA 144 3234 78655 26.6292
coreA 145 3203 77268 26.5798
coreA 146 3197 75952 26.4927
coreA 147 3184 74676 26.5015
coreA 148 3155 73375 26.4699
coreA 149 3134 72054 26.4458
coreA 150 3113 70792 26.4007
coreA 151 3100 69486 26.3759
coreA 152 3086 68200 26.3954
coreA 153 3084 66953 26.3301
coreA 154 3070 65692 26.3848
coreA 155 3089 64511 26.3633
coreA 156 3030 63297 26.3905
coreA 157 3009 62080 26.3049
coreA 158 2991 60892 26.3282
coreA 159 2976 59723 26.2145
coreA 160 2928 58515 26.2205
coreA 161 2940 57331 22.4024
coreA 162 2905 56186 17.1173
coreA 163 2900 55055 17.0967
coreA 164 2843 53973 17.0853
coreA 165 2879 52777 17.0577
coreA 166 2810 51665 17.0433
coreA 167 2782 50525 17.0358
coreA 168 2810 49417 16.9982
coreA 169 2786 48298 16.9861
coreA 170 2746 47212 16.9464
coreA 171 2723 46127 16.9342
coreA 172 2729 45069 16.9313
coreA 173 2700 44046 16.8971
coreA 174 2655 43046 16.8641
coreA 175 2654 42055 16.8594
coreA 176 2631 41072 16.8308
coreA 177 2578 40067 16.8332
coreA 178 2571 39085 16.7811
coreA 179 2557 38150 16.7801
coreA 180 2545 37308 16.7739
coreA 181 2506 36368 16.757
coreA 182 2502 35529 16.7108
coreA 183 2438 34670 16.7154
coreA 184 2446 33858 16.6873
coreA 185 2420 32962 16.7086
coreA 186 2417 32095 16.6454
coreA 187 2373 31285 16.6426
coreA 188 2363 30529 16.6006
coreA 189 2337 29723 16.6081
coreA 190 2340 28957 16.6213
coreA 191 2307 28217 16.5923
coreA 192 2280 27500 16.5573
coreB 1 636 1585 25.3487
coreB 2 1210 1131 24.5682
coreB 3 1334 1067 24.3415
coreB 4 1345 1022 24.8679
coreB 5 1417 965 24.8628
coreB 6 1404 914 24.9296
coreB 7 1413 884 24.7512
coreB 8 1414 864 24.4831
coreB 9 1417 843 24.4584
coreB 10 1427 828 23.7877
coreB 11 1443 800 23.7012
coreB 12 1444 745 23.4884
coreB 13 1425 666 24.0522
coreB 14 1417 599 23.8438
coreB 15 1432 568 23.9776
coreB 16 1412 551 23.6616
coreB 17 1405 529 24.1056
coreB 18 1361 513 23.8605
coreB 19 1315 500 23.6321
coreB 20 1337 484 24.2646
coreB 21 1326 468 24.0954
coreB 22 1346 456 24.8697
coreB 23 1303 441 23.9613
coreB 24 1332 410 23.9306
coreB 25 1299 386 24.7473
coreB 26 1306 373 24.3973
coreB 27 1282 360 24.8249
coreB 28 1275 346 24.2743
coreB 29 1300 331 24.4822
coreB 30 1289 317 24.1322
coreB 31 1303 314 24.2331
coreB 32 1277 312 23.6839
coreB 33 1269 310 24.0658
coreB 34 1232 309 24.1771
coreB 35 1250 307 23.904
coreB 36 1237 306 23.9862
coreB 37 1278 304 23.2989
coreB 38 1233 302 23.2478
coreB 39 1280 301 23.2119
coreB 40 1274 299 23.0809
coreB 41 1233 298 23.2275
coreB 42 1212 297 23.0987
coreB 43 1244 295 23.1186
coreB 44 1211 293 23.4767
coreB 45 1208 292 23.0819
coreB 46 1248 290 23.1317
coreB 47 1209 289 23.5134
coreB 48 1260 288 23.2303
coreB 49 1245 287 22.8163
coreB 50 1223 286 23.1294
coreB 51 1243 285 23.1643
coreB 52 1208 284 23.0711
coreB 53 1211 282 22.7981
coreB 54 1188 280 23.1691
coreB 55 1203 279 23.1552
coreB 56 1196 277 23.2028
coreB 57 1204 276 22.9223
coreB 58 1181 275 22.8744
coreB 59 1201 273 23.2066
coreB 60 1138 272 22.8207
coreB 61 1192 270 23.2505
coreB 62 1165 269 22.9272
coreB 63 1154 268 23.2692
coreB 64 1184 267 23.1905
coreB 65 1187 265 23.2358
coreB 66 1168 264 23.764
coreB 67 1161 263 23.1157
coreB 68 1159 262 23.1751
coreB 69 1192 261 22.9058
coreB 70 1154 259 23.1422
coreB 71 1149 258 22.9022
coreB 72 1142 257 23.2281
coreB 73 1127 255 23.312
coreB 74 1111 254 23.318
coreB 75 1139 253 23.2965
coreB 76 1155 252 23.325
coreB 77 1129 251 23.3196
coreB 78 1104 250 23.6782
coreB 79 1108 248 23.0807
coreB 80 1096 248 22.97
coreB 81 1134 247 23.2756
coreB 82 1094 246 23.2796
coreB 83 1125 245 22.9948
coreB 84 1091 244 23.5757
coreB 85 1105 243 23.2914
coreB 86 1079 242 23.2425
coreB 87 1094 241 23.3236
coreB 88 1102 240 23.0206
coreB 89 1062 240 23.5646
coreB 90 1085 239 23.3746
coreB 91 1112 238 23.4471
coreB 92 1059 238 23.9239
coreB 93 1090 237 23.6546
coreB 94 1093 236 23.9467
coreB 95 1066 236 23.5728
coreB 96 1059 235 23.4149
coreB 97 1053 234 23.1422
coreB 98 1045 234 23.5469
coreB 99 1069 233 23.4689
coreB 100 1058 232 23.2052
coreB 101 1059 231 23.0951
coreB 102 1044 231 23.4089
coreB 103 1016 230 23.0275
coreB 104 1045 230 23.4177
coreB 105 1052 229 23.3746
coreB 106 1019 228 23.0831
coreB 107 1016 228 23.4387
coreB 108 1032 227 23.33
coreB 109 1040 226 23.0601
coreB 110 1037 226 23.0203
coreB 111 1032 225 23.2419
coreB 112 992 225 23.3028
coreB 113 1033 225 23.3088
coreB 114 1033 224 22.9561
coreB 115 1029 223 23.9761
coreB 116 1042 223 23.3025
coreB 117 1004 222 23.3549
coreB 118 1038 222 23.5494
coreB 119 1001 221 23.8673
coreB 120 1003 221 24.0969
coreB 121 987 220 23.4656
coreB 122 994 219 23.4842
coreB 123 985 219 23.4866
coreB 124 1008 219 23.3564
coreB 125 1016 218 23.5691
coreB 126 975 218 23.2576
coreB 127 1014 217 23.4008
coreB 128 980 217 23.308
coreB 129 992 216 23.4171
coreB 130 975 216 24.1653
coreB 131 961 215 23.8211
coreB 132 999 215 23.4911
coreB 133 941 214 24.1448
coreB 134 985 214 23.5025
coreB 135 960 214 24.0757
coreB 136 957 213 24.1135
coreB 137 959 213 23.4334
coreB 138 950 212 23.4766
coreB 139 971 212 23.4531
coreB 140 953 212 23.4446
coreB 141 975 211 23.4407
coreB 142 966 210 24.0824
coreB 143 937 210 24.0416
coreB 144 933 210 23.9078
coreB 145 939 209 23.2159
coreB 146 957 209 23.8898
coreB 147 913 208 23.1894
coreB 148 935 208 23.3759
coreB 149 934 208 23.313
coreB 150 916 207 23.9044
coreB 151 932 207 23.9294
coreB 152 943 207 23.2765
coreB 153 921 206 23.8678
coreB 154 898 206 23.2325
coreB 155 915 205 23.1673
coreB 156 929 205 23.2741
coreB 157 911 204 23.2833
coreB 158 891 204 23.2661
coreB 159 898 204 23.9875
coreB 160 914 203 23.3538
coreB 161 880 203 23.2908
coreB 162 881 203 23.9969
coreB 163 902 202 23.4284
coreB 164 894 202 23.2709
coreB 165 921 202 23.4059
coreB 166 882 201 23.9039
coreB 167 865 201 23.1567
coreB 168 847 201 23.1672
coreB 169 935 200 23.2753
coreB 170 877 200 23.7703
coreB 171 864 200 23.1204
coreB 172 938 199 23.1095
coreB 173 883 199 23.0941
coreB 174 878 199 23.1901
coreB 175 890 199 23.6247
coreB 176 843 198 23.2781
coreB 177 863 198 23.127
coreB 178 880 198 23.5712
coreB 179 858 197 23.2744
coreB 180 856 197 23.2944
coreB 181 871 197 23.8955
coreB 182 859 196 23.1556
coreB 183 845 196 23.1517
coreB 184 833 195 23.0986
coreB 185 821 195 23.2025
coreB 186 817 195 23.1787
coreB 187 797 194 23.119
coreB 188 826 194 23.1002
coreB 189 858 193 23.9776
coreB 190 810 193 23.1043
coreB 191 814 193 23.0851
coreB 192 789 192 23.1661
total 5064.84
coreA 1 4767 345056 30.905
coreA 2 4767 345056 30.9728
coreA 3 4767 345056 31.2577
coreA 4 4767 345056 32.4235
coreA 5 4767 345056 32.6122
coreA 6 4767 345056 32.5738
coreA 7 4772 345056 32.3165
coreA 8 4767 345053 32.04
coreA 9 4776 345050 31.9473
coreA 10 4779 345038 31.7485
coreA 11 4771 345016 31.6003
coreA 12 4762 344955 31.5285
coreA 13 4766 344855 31.4578
coreA 14 4747 344723 31.3669
coreA 15 4777 344541 31.2601
coreA 16 4765 344237 31.1747
coreA 17 4760 343823 31.0633
coreA 18 4770 343102 30.9393
coreA 19 4777 341701 30.7931
coreA 20 4736 339736 30.6349
coreA 21 4743 337030 30.4432
coreA 22 4752 333708 30.3909
coreA 23 4743 329976 30.2507
coreA 24 4748 326085 30.1725
coreA 25 4751 322531 30.1436
coreA 26 4726 319291 30.0774
coreA 27 4745 316670 30.066
coreA 28 4697 314488 29.9145
coreA 29 4720 312440 29.8337
coreA 30 4709 310364 29.8849
coreA 31 4711 308463 29.7531
coreA 32 4699 306372 29.682
coreA 33 4711 304178 29.5406
coreA 34 4652 301959 29.4179
coreA 35 4645 299639 29.318
coreA 36 4692 297315 29.1524
coreA 37 4700 294867 29.2851
coreA 38 4676 292396 29.2061
coreA 39 4654 289945 29.1595
coreA 40 4629 287281 29.0673
coreA 41 4617 284739 29.0066
coreA 42 4602 282162 28.9541
coreA 43 4592 279591 28.9123
coreA 44 4595 277160 28.8668
coreA 45 4587 274809 28.8
coreA 46 4570 272426 28.7149
coreA 47 4591 269966 28.6688
coreA 48 4567 267504 28.5699
coreA 49 4570 265104 28.4913
coreA 50 4525 262520 28.4162
coreA 51 4543 260032 28.5923
coreA 52 4535 257503 28.5456
coreA 53 4510 255118 28.4853
coreA 54 4498 252661 28.4118
coreA 55 4487 250166 28.3376
coreA 56 4452 247656 28.2624
coreA 57 4476 245114 28.2138
coreA 58 4431 242492 28.1446
coreA 59 4433 239817 28.0802
coreA 60 4400 237137 28.031
coreA 61 4380 234377 27.9681
coreA 62 4372 231596 27.955
coreA 63 4387 228878 27.8504
coreA 64 4376 225958 27.8138
coreA 65 4356 223092 27.7426
coreA 66 4282 220288 27.7412
coreA 67 4311 217544 27.6781
coreA 68 4283 214909 27.6429
coreA 69 4299 212278 27.5838
coreA 70 4273 209683 27.4439
coreA 71 4276 207182 27.4981
coreA 72 4256 204618 27.9008
coreA 73 4230 202057 27.8547
coreA 74 4206 199629 27.7634
coreA 75 4205 197208 27.7039
coreA 76 4196 194827 27.6433
coreA 77 4187 192475 27.6346
coreA 78 4166 190133 27.5453
coreA 79 4137 187897 27.546
coreA 80 4121 185729 27.4676
coreA 81 4141 183573 27.4044
coreA 82 4137 181391 27.3716
coreA 83 4097 179284 27.3388
coreA 84 4061 177210 27.3308
coreA 85 4131 175227 27.2464
coreA 86 4090 173134 27.2451
coreA 87 4049 170984 27.1903
coreA 88 4046 169008 27.1144
coreA 89 4008 167082 27.1182
coreA 90 4014 165119 27.0718
coreA 91 3987 163106 26.9557
coreA 92 4006 161075 26.918
coreA 93 3978 158971 26.8913
coreA 94 3966 157028 26.894
coreA 95 3939 155107 26.8886
coreA 96 3889 153193 26.8655
coreA 97 3920 151335 26.8673
coreA 98 3918 149506 26.7492
coreA 99 3901 147695 26.7181
coreA 100 3874 145878 26.7061
coreA 101 3872 144198 26.6879
coreA 102 3855 142388 26.6064
coreA 103 3852 140644 26.6326
coreA 104 3813 138907 26.6141
coreA 105 3812 137136 26.5877
coreA 106 3801 135363 26.5652
coreA 107 3778 133611 26.5148
coreA 108 3742 131945 26.4911
coreA 109 3722 130293 26.4339
coreA 110 3741 128674 26.3854
coreA 111 3698 127084 26.4074
coreA 112 3718 125471 26.3092
coreA 113 3701 123862 26.3095
coreA 114 3714 122305 26.2681
coreA 115 3665 120748 26.2575
coreA 116 3641 119175 26.2592
coreA 117 3643 117634 27.196
coreA 118 3641 116083 26.187
coreA 119 3654 114539 27.1415
coreA 120 3590 113047 27.157
coreA 121 3573 111456 27.0697
coreA 122 3580 109937 27.0671
coreA 123 3548 108435 27.0265
coreA 124 3553 106872 27.0264
coreA 125 3514 105391 26.9672
coreA 126 3541 103909 26.9695
coreA 127 3489 102479 26.9337
coreA 128 3486 101007 26.9141
coreA 129 3480 99545 26.8669
coreA 130 3431 98089 26.8915
coreA 131 3439 96637 26.8559
coreA 132 3404 95229 26.8395
coreA 133 3386 93737 26.8522
coreA 134 3382 92297 26.8299
coreA 135 3386 90876 26.7555
coreA 136 3333 89500 26.7259
coreA 137 3341 88133 26.68
coreA 138 3315 86818 26.69
coreA 139 3318 85429 26.6414
coreA 140 3266 84155 26.6607
coreA 141 3273 82744 26.6032
coreA 142 3273 81384 26.6243
coreA 143 3221 80017 26.584
coreA 144 3234 78655 26.5657
coreA 145 3203 77268 26.5649
coreA 146 3197 75952 26.5219
coreA 147 3184 74676 26.5295
coreA 148 3155 73375 26.4543
coreA 149 3134 72054 26.4559
coreA 150 3113 70792 26.4646
coreA 151 3100 69486 26.3986
coreA 152 3086 68200 26.4061
coreA 153 3084 66953 26.3551
coreA 154 3070 65692 26.3987
coreA 155 3089 64511 26.3061
coreA 156 3030 63297 26.342
coreA 157 3009 62080 26.2265
coreA 158 2991 60892 26.2697
coreA 159 2976 59723 26.2387
coreA 160 2928 58515 26.1722
coreA 161 2940 57331 26.1719
coreA 162 2905 56186 26.1688
coreA 163 2900 55055 26.1465
coreA 164 2843 53973 26.264
coreA 165 2879 52777 26.123
coreA 166 2810 51665 26.1354
coreA 167 2782 50525 26.1404
coreA 168 2810 49417 26.0798
coreA 169 2786 48298 26.0514
coreA 170 2746 47212 26.0328
coreA 171 2723 46127 26.0168
coreA 172 2729 45069 26.0148
coreA 173 2700 44046 26.0114
coreA 174 2655 43046 25.9941
coreA 175 2654 42055 25.9974
coreA 176 2631 41072 22.8614
coreA 177 2578 40067 25.9085
coreA 178 2571 39085 25.7983
coreA 179 2557 38150 25.8278
coreA 180 2545 37308 25.8612
coreA 181 2506 36368 25.7907
coreA 182 2502 35529 25.7576
coreA 183 2438 34670 25.7779
coreA 184 2446 33858 25.7157
coreA 185 2420 32962 25.7717
coreA 186 2417 32095 25.6933
coreA 187 2373 31285 25.7314
coreA 188 2363 30529 25.6642
coreA 189 2337 29723 25.7286
coreA 190 2340 28957 25.7158
coreA 191 2307 28217 25.716
coreA 192 2280 27500 25.7448
coreB 1 636 1585 22.5401
coreB 2 1210 1131 23.336
coreB 3 1334 1067 23.2069
coreB 4 1345 1022 23.2708
coreB 5 1417 965 23.3413
coreB 6 1404 914 23.4184
coreB 7 1413 884 23.3781
coreB 8 1414 864 23.2493
coreB 9 1417 843 23.2573
coreB 10 1427 828 23.1276
coreB 11 1443 800 23.1515
coreB 12 1444 745 23.1369
coreB 13 1425 666 23.5223
coreB 14 1417 599 23.5311
coreB 15 1432 568 23.1919
coreB 16 1412 551 23.2582
coreB 17 1405 529 23.6773
coreB 18 1361 513 23.4939
coreB 19 1315 500 23.3142
coreB 20 1337 484 23.325
coreB 21 1326 468 23.6624
coreB 22 1346 456 23.7352
coreB 23 1303 441 23.6524
coreB 24 1332 410 23.6892
coreB 25 1299 386 24.2194
coreB 26 1306 373 24.1925
coreB 27 1282 360 24.3007
coreB 28 1275 346 24.0549
coreB 29 1300 331 23.9125
coreB 30 1289 317 23.9522
coreB 31 1303 314 23.9587
coreB 32 1277 312 23.1667
coreB 33 1269 310 23.6439
coreB 34 1232 309 23.4609
coreB 35 1250 307 23.4704
coreB 36 1237 306 23.5287
coreB 37 1278 304 22.9338
coreB 38 1233 302 22.9732
coreB 39 1280 301 22.9121
coreB 40 1274 299 22.8184
coreB 41 1233 298 22.7814
coreB 42 1212 297 22.7328
coreB 43 1244 295 22.7708
coreB 44 1211 293 23.2056
coreB 45 1208 292 22.7634
coreB 46 1248 290 22.789
coreB 47 1209 289 23.1457
coreB 48 1260 288 22.8968
coreB 49 1245 287 22.5058
coreB 50 1223 286 22.8395
coreB 51 1243 285 22.8265
coreB 52 1208 284 22.7684
coreB 53 1211 282 22.5185
coreB 54 1188 280 22.7559
coreB 55 1203 279 22.7454
coreB 56 1196 277 22.7872
coreB 57 1204 276 22.5571
coreB 58 1181 275 22.4958
coreB 59 1201 273 22.8317
coreB 60 1138 272 22.5127
coreB 61 1192 270 22.8483
coreB 62 1165 269 22.6253
coreB 63 1154 268 22.9334
coreB 64 1184 267 22.8543
coreB 65 1187 265 22.9624
coreB 66 1168 264 23.4813
coreB 67 1161 263 22.8669
coreB 68 1159 262 22.9127
coreB 69 1192 261 22.6213
coreB 70 1154 259 22.9055
coreB 71 1149 258 22.6269
coreB 72 1142 257 22.9705
coreB 73 1127 255 22.9602
coreB 74 1111 254 22.9536
coreB 75 1139 253 22.9911
coreB 76 1155 252 23.0274
coreB 77 1129 251 23.1035
coreB 78 1104 250 23.4049
coreB 79 1108 248 22.7791
coreB 80 1096 248 22.6812
coreB 81 1134 247 22.9855
coreB 82 1094 246 22.9817
coreB 83 1125 245 22.689
coreB 84 1091 244 23.2863
coreB 85 1105 243 22.9878
coreB 86 1079 242 22.9792
coreB 87 1094 241 22.9639
coreB 88 1102 240 22.7376
coreB 89 1062 240 23.2472
coreB 90 1085 239 23.0772
coreB 91 1112 238 23.0837
coreB 92 1059 238 23.5531
coreB 93 1090 237 23.2673
coreB 94 1093 236 23.5874
coreB 95 1066 236 23.392
coreB 96 1059 235 23.301
coreB 97 1053 234 22.9011
coreB 98 1045 234 23.1927
coreB 99 1069 233 23.1143
coreB 100 1058 232 22.7955
coreB 101 1059 231 22.8021
coreB 102 1044 231 23.2095
coreB 103 1016 230 22.8116
coreB 104 1045 230 23.1283
coreB 105 1052 229 23.121
coreB 106 1019 228 22.7973
coreB 107 1016 228 23.2449
coreB 108 1032 227 23.1648
coreB 109 1040 226 22.86
coreB 110 1037 226 22.8818
coreB 111 1032 225 23.1587
coreB 112 992 225 23.1885
coreB 113 1033 225 23.1907
coreB 114 1033 224 22.9352
coreB 115 1029 223 23.9365
coreB 116 1042 223 23.2742
coreB 117 1004 222 23.2407
coreB 118 1038 222 23.3511
coreB 119 1001 221 23.6046
coreB 120 1003 221 23.8752
coreB 121 987 220 23.1247
coreB 122 994 219 23.2381
coreB 123 985 219 23.1575
coreB 124 1008 219 23.0653
coreB 125 1016 218 23.3402
coreB 126 975 218 23.0933
coreB 127 1014 217 23.2592
coreB 128 980 217 23.1357
coreB 129 992 216 23.3429
coreB 130 975 216 23.849
coreB 131 961 215 23.5967
coreB 132 999 215 23.317
coreB 133 941 214 23.8219
coreB 134 985 214 23.2001
coreB 135 960 214 23.868
coreB 136 957 213 23.9678
coreB 137 959 213 23.2602
coreB 138 950 212 23.4468
coreB 139 971 212 23.4412
coreB 140 953 212 23.2578
coreB 141 975 211 23.2934
coreB 142 966 210 23.9622
coreB 143 937 210 23.8982
coreB 144 933 210 23.8907
coreB 145 939 209 23.1834
coreB 146 957 209 23.8494
coreB 147 913 208 23.0317
coreB 148 935 208 23.1822
coreB 149 934 208 23.2206
coreB 150 916 207 23.8209
coreB 151 932 207 23.7439
coreB 152 943 207 23.0483
coreB 153 921 206 23.8067
coreB 154 898 206 23.0953
coreB 155 915 205 23.1194
coreB 156 929 205 23.1445
coreB 157 911 204 23.1458
coreB 158 891 204 23.1412
coreB 159 898 204 23.8218
coreB 160 914 203 23.1882
coreB 161 880 203 23.019
coreB 162 881 203 23.7479
coreB 163 902 202 23.1966
coreB 164 894 202 23.0642
coreB 165 921 202 23.0889
coreB 166 882 201 23.7418
coreB 167 865 201 23.078
coreB 168 847 201 23.101
coreB 169 935 200 23.2259
coreB 170 877 200 23.8296
coreB 171 864 200 23.0522
coreB 172 938 199 23.0448
coreB 173 883 199 23.0042
coreB 174 878 199 23.0217
coreB 175 890 199 23.3415
coreB 176 843 198 22.959
coreB 177 863 198 22.9027
coreB 178 880 198 23.3134
coreB 179 858 197 22.9316
coreB 180 856 197 22.9642
coreB 181 871 197 23.6232
coreB 182 859 196 22.9235
coreB 183 845 196 22.9887
coreB 184 833 195 22.9279
coreB 185 821 195 22.9395
coreB 186 817 195 22.9266
coreB 187 797 194 22.8902
coreB 188 826 194 22.943
coreB 189 858 193 23.7674
coreB 190 810 193 22.9525
coreB 191 814 193 22.9086
coreB 192 789 192 23.0481
total 4902.99
coreA 1 4767 345056 30.7145
coreA 2 4767 345056 30.8969
coreA 3 4767 345056 31.0586
coreA 4 4767 345056 32.1644
coreA 5 4767 345056 32.3899
coreA 6 4767 345056 32.2513
coreA 7 4772 345056 32.1023
coreA 8 4767 345053 31.8224
coreA 9 4776 345050 31.6528
coreA 10 4779 345038 31.5149
coreA 11 4771 345016 31.4194
coreA 12 4762 344955 31.2629
coreA 13 4766 344855 31.2388
coreA 14 4747 344723 31.1573
coreA 15 4777 344541 31.1223
coreA 16 4765 344237 30.8891
coreA 17 4760 343823 30.8813
coreA 18 4770 343102 30.612
coreA 19 4777 341701 30.5528
coreA 20 4736 339736 30.3972
coreA 21 4743 337030 30.2713
coreA 22 4752 333708 30.0678
coreA 23 4743 329976 30.0428
coreA 24 4748 326085 29.886
coreA 25 4751 322531 29.9612
coreA 26 4726 319291 29.8912
coreA 27 4745 316670 29.8371
coreA 28 4697 314488 29.7922
coreA 29 4720 312440 29.67
coreA 30 4709 310364 29.7456
coreA 31 4711 308463 29.6408
coreA 32 4699 306372 29.5315
coreA 33 4711 304178 29.392
coreA 34 4652 301959 29.3074
coreA 35 4645 299639 29.091
coreA 36 4692 297315 29.0055
coreA 37 4700 294867 29.1525
coreA 38 4676 292396 29.0373
coreA 39 4654 289945 28.9395
coreA 40 4629 287281 28.886
coreA 41 4617 284739 28.8195
coreA 42 4602 282162 28.7382
coreA 43 4592 279591 28.6909
coreA 44 4595 277160 28.5939
coreA 45 4587 274809 28.5287
coreA 46 4570 272426 28.4478
coreA 47 4591 269966 28.4175
coreA 48 4567 267504 28.41
coreA 49 4570 265104 28.2821
coreA 50 4525 262520 28.2509
coreA 51 4543 260032 28.374
coreA 52 4535 257503 28.323
coreA 53 4510 255118 28.2679
coreA 54 4498 252661 28.2215
coreA 55 4487 250166 28.0918
coreA 56 4452 247656 28.1083
coreA 57 4476 245114 27.9829
coreA 58 4431 242492 27.8748
coreA 59 4433 239817 27.7953
coreA 60 4400 237137 27.7678
coreA 61 4380 234377 27.7488
coreA 62 4372 231596 27.6948
coreA 63 4387 228878 27.6355
coreA 64 4376 225958 27.5496
coreA 65 4356 223092 27.514
coreA 66 4282 220288 27.4387
coreA 67 4311 217544 27.4664
coreA 68 4283 214909 27.3546
coreA 69 4299 212278 27.2932
coreA 70 4273 209683 27.2548
coreA 71 4276 207182 27.2031
coreA 72 4256 204618 27.7301
coreA 73 4230 202057 27.688
coreA 74 4206 199629 27.6014
coreA 75 4205 197208 27.5716
coreA 76 4196 194827 27.5202
coreA 77 4187 192475 27.4639
coreA 78 4166 190133 27.3721
coreA 79 4137 187897 27.3137
coreA 80 4121 185729 27.3265
coreA 81 4141 183573 27.3311
coreA 82 4137 181391 27.2019
coreA 83 4097 179284 27.2547
coreA 84 4061 177210 27.197
coreA 85 4131 175227 27.1145
coreA 86 4090 173134 27.0726
coreA 87 4049 170984 27.0198
coreA 88 4046 169008 26.9597
coreA 89 4008 167082 26.9935
coreA 90 4014 165119 26.972
coreA 91 3987 163106 26.9041
coreA 92 4006 161075 26.8789
coreA 93 3978 158971 26.7843
coreA 94 3966 157028 26.7974
coreA 95 3939 155107 26.7745
coreA 96 3889 153193 26.7334
coreA 97 3920 151335 26.7318
coreA 98 3918 149506 26.6822
coreA 99 3901 147695 26.6788
coreA 100 3874 145878 26.6203
coreA 101 3872 144198 26.6471
coreA 102 3855 142388 26.5043
coreA 103 3852 140644 26.5413
coreA 104 3813 138907 26.4739
coreA 105 3812 137136 26.4239
coreA 106 3801 135363 26.4062
coreA 107 3778 133611 26.377
coreA 108 3742 131945 26.3813
coreA 109 3722 130293 26.3335
coreA 110 3741 128674 26.3475
coreA 111 3698 127084 26.3143
coreA 112 3718 125471 26.3155
coreA 113 3701 123862 26.2994
coreA 114 3714 122305 26.2137
coreA 115 3665 120748 26.1489
coreA 116 3641 119175 26.1685
coreA 117 3643 117634 27.0686
coreA 118 3641 116083 26.1191
coreA 119 3654 114539 27.0054
coreA 120 3590 113047 27.014
coreA 121 3573 111456 27.0048
coreA 122 3580 109937 26.9556
coreA 123 3548 108435 26.9338
coreA 124 3553 106872 26.9237
coreA 125 3514 105391 26.8677
coreA 126 3541 103909 26.8392
coreA 127 3489 102479 26.8122
coreA 128 3486 101007 26.8497
coreA 129 3480 99545 26.7881
coreA 130 3431 98089 26.8265
coreA 131 3439 96637 26.8208
coreA 132 3404 95229 26.764
coreA 133 3386 93737 26.6805
coreA 134 3382 92297 26.6873
coreA 135 3386 90876 26.6766
coreA 136 3333 89500 26.6406
coreA 137 3341 88133 26.6471
coreA 138 3315 86818 26.654
coreA 139 3318 85429 26.6011
coreA 140 3266 84155 26.565
coreA 141 3273 82744 26.5498
coreA 142 3273 81384 26.5379
coreA 143 3221 80017 26.5782
coreA 144 3234 78655 26.4907
coreA 145 3203 77268 26.531
coreA 146 3197 75952 26.4515
coreA 147 3184 74676 26.4299
coreA 148 3155 73375 26.4102
coreA 149 3134 72054 26.3758
coreA 150 3113 70792 26.3717
coreA 151 3100 69486 26.3342
coreA 152 3086 68200 26.3271
coreA 153 3084 66953 26.309
coreA 154 3070 65692 26.2859
coreA 155 3089 64511 26.2167
coreA 156 3030 63297 26.2392
coreA 157 3009 62080 26.1819
coreA 158 2991 60892 26.2029
coreA 159 2976 59723 26.1607
coreA 160 2928 58515 26.1664
coreA 161 2940 57331 26.1361
coreA 162 2905 56186 26.1202
coreA 163 2900 55055 26.0813
coreA 164 2843 53973 26.1537
coreA 165 2879 52777 26.0434
coreA 166 2810 51665 26.1257
coreA 167 2782 50525 26.0506
coreA 168 2810 49417 26.0037
coreA 169 2786 48298 25.9841
coreA 170 2746 47212 25.9909
coreA 171 2723 46127 25.9769
coreA 172 2729 45069 26.0003
coreA 173 2700 44046 25.9481
coreA 174 2655 43046 25.9749
coreA 175 2654 42055 25.9266
coreA 176 2631 41072 25.9413
coreA 177 2578 40067 25.8951
coreA 178 2571 39085 25.8869
coreA 179 2557 38150 25.8567
coreA 180 2545 37308 25.8775
coreA 181 2506 36368 25.805
coreA 182 2502 35529 25.8356
coreA 183 2438 34670 25.8201
coreA 184 2446 33858 25.7585
coreA 185 2420 32962 25.8256
coreA 186 2417 32095 25.741
coreA 187 2373 31285 25.7647
coreA 188 2363 30529 25.7263
coreA 189 2337 29723 25.7435
coreA 190 2340 28957 25.7425
coreA 191 2307 28217 25.7113
coreA 192 2280 27500 23.7963
coreB 1 636 1585 22.8143
coreB 2 1210 1131 23.6151
coreB 3 1334 1067 23.3587
coreB 4 1345 1022 23.4398
coreB 5 1417 965 23.311
coreB 6 1404 914 23.3467
coreB 7 1413 884 23.4057
coreB 8 1414 864 23.331
coreB 9 1417 843 23.3495
coreB 10 1427 828 23.3213
coreB 11 1443 800 23.285
coreB 12 1444 745 23.2632
coreB 13 1425 666 23.5249
coreB 14 1417 599 23.5535
coreB 15 1432 568 23.1781
coreB 16 1412 551 23.2558
coreB 17 1405 529 23.6021
coreB 18 1361 513 23.5344
coreB 19 1315 500 23.2759
coreB 20 1337 484 23.3499
coreB 21 1326 468 23.7931
coreB 22 1346 456 23.7988
coreB 23 1303 441 23.5994
coreB 24 1332 410 23.6913
coreB 25 1299 386 24.2747
coreB 26 1306 373 24.2501
coreB 27 1282 360 24.3945
coreB 28 1275 346 24.2701
coreB 29 1300 331 24.1058
coreB 30 1289 317 24.2213
coreB 31 1303 314 24.2685
coreB 32 1277 312 23.3418
coreB 33 1269 310 23.79
coreB 34 1232 309 23.532
coreB 35 1250 307 23.5199
coreB 36 1237 306 23.5714
coreB 37 1278 304 23.0498
coreB 38 1233 302 23.0042
coreB 39 1280 301 22.9534
coreB 40 1274 299 22.857
coreB 41 1233 298 22.8833
coreB 42 1212 297 22.8254
coreB 43 1244 295 22.8684
coreB 44 1211 293 23.2699
coreB 45 1208 292 22.8358
coreB 46 1248 290 22.8824
coreB 47 1209 289 23.1942
coreB 48 1260 288 22.9611
coreB 49 1245 287 22.5597
coreB 50 1223 286 22.8359
coreB 51 1243 285 22.8403
coreB 52 1208 284 22.9052
coreB 53 1211 282 22.6273
coreB 54 1188 280 22.9002
coreB 55 1203 279 22.9138
coreB 56 1196 277 22.9334
coreB 57 1204 276 22.7308
coreB 58 1181 275 22.6804
coreB 59 1201 273 22.9855
coreB 60 1138 272 22.6346
coreB 61 1192 270 22.9966
coreB 62 1165 269 22.6868
coreB 63 1154 268 22.9698
coreB 64 1184 267 22.8867
coreB 65 1187 265 23.0398
coreB 66 1168 264 23.5377
coreB 67 1161 263 22.9147
coreB 68 1159 262 22.9978
coreB 69 1192 261 22.6481
coreB 70 1154 259 23.0057
coreB 71 1149 258 22.7387
coreB 72 1142 257 23.0993
coreB 73 1127 255 23.1822
coreB 74 1111 254 23.2084
coreB 75 1139 253 23.2203
coreB 76 1155 252 23.2154
coreB 77 1129 251 23.3007
coreB 78 1104 250 23.6505
coreB 79 1108 248 22.9304
coreB 80 1096 248 22.9184
coreB 81 1134 247 23.2309
coreB 82 1094 246 23.2766
coreB 83 1125 245 23.0619
coreB 84 1091 244 23.5163
coreB 85 1105 243 23.2132
coreB 86 1079 242 23.1796
coreB 87 1094 241 23.1873
coreB 88 1102 240 22.9424
coreB 89 1062 240 23.4646
coreB 90 1085 239 23.2204
coreB 91 1112 238 23.2909
coreB 92 1059 238 23.7799
coreB 93 1090 237 23.5518
coreB 94 1093 236 23.849
coreB 95 1066 236 23.4835
coreB 96 1059 235 23.3893
coreB 97 1053 234 23.0715
coreB 98 1045 234 23.3517
coreB 99 1069 233 23.2771
coreB 100 1058 232 22.9955
coreB 101 1059 231 23.0262
coreB 102 1044 231 23.4544
coreB 103 1016 230 23.1247
coreB 104 1045 230 23.3771
coreB 105 1052 229 23.3449
coreB 106 1019 228 23.0082
coreB 107 1016 228 23.2918
coreB 108 1032 227 23.3371
coreB 109 1040 226 23.0666
coreB 110 1037 226 22.9582
coreB 111 1032 225 23.3185
coreB 112 992 225 23.3278
coreB 113 1033 225 23.3648
coreB 114 1033 224 22.9687
coreB 115 1029 223 24.0935
coreB 116 1042 223 23.4799
coreB 117 1004 222 23.5033
coreB 118 1038 222 23.6294
coreB 119 1001 221 23.6747
coreB 120 1003 221 23.94
coreB 121 987 220 23.2504
coreB 122 994 219 23.2925
coreB 123 985 219 23.2818
coreB 124 1008 219 23.2058
coreB 125 1016 218 23.49
coreB 126 975 218 23.3486
coreB 127 1014 217 23.4439
coreB 128 980 217 23.3878
coreB 129 992 216 23.2794
coreB 130 975 216 24.0017
coreB 131 961 215 23.7516
coreB 132 999 215 23.2294
coreB 133 941 214 23.9238
coreB 134 985 214 23.1672
coreB 135 960 214 23.7348
coreB 136 957 213 23.7564
coreB 137 959 213 23.0955
coreB 138 950 212 23.211
coreB 139 971 212 23.2674
coreB 140 953 212 23.3199
coreB 141 975 211 23.341
coreB 142 966 210 24.0772
coreB 143 937 210 24.0088
coreB 144 933 210 24.0388
coreB 145 939 209 23.3789
coreB 146 957 209 24.0495
coreB 147 913 208 23.3682
coreB 148 935 208 23.3243
coreB 149 934 208 23.176
coreB 150 916 207 23.8134
coreB 151 932 207 23.8254
coreB 152 943 207 23.1655
coreB 153 921 206 23.7937
coreB 154 898 206 23.1871
coreB 155 915 205 23.0517
coreB 156 929 205 23.2098
coreB 157 911 204 23.2054
coreB 158 891 204 23.0833
coreB 159 898 204 23.8924
coreB 160 914 203 23.1622
coreB 161 880 203 23.0178
coreB 162 881 203 23.7401
coreB 163 902 202 23.149
coreB 164 894 202 23.0634
coreB 165 921 202 23.0156
coreB 166 882 201 23.6907
coreB 167 865 201 23.0764
coreB 168 847 201 23.071
coreB 169 935 200 23.1555
coreB 170 877 200 23.6952
coreB 171 864 200 23.0122
coreB 172 938 199 22.9741
coreB 173 883 199 23.0834
coreB 174 878 199 23.0716
coreB 175 890 199 23.6112
coreB 176 843 198 23.2528
coreB 177 863 198 23.1579
coreB 178 880 198 23.6292
coreB 179 858 197 23.2031
coreB 180 856 197 23.2484
coreB 181 871 197 23.909
coreB 182 859 196 23.1618
coreB 183 845 196 23.1986
coreB 184 833 195 23.1296
coreB 185 821 195 23.2944
coreB 186 817 195 23.2983
coreB 187 797 194 23.1785
coreB 188 826 194 23.1582
coreB 189 858 193 23.934
coreB 190 810 193 23.2053
coreB 191 814 193 23.1415
coreB 192 789 192 23.3003
total 4901.08
