coreA 1 4767 345056 50.8195
coreA 2 4767 345056 40.5194
coreA 3 4767 345056 39.2361
coreA 4 4767 345056 38.324
coreA 5 4767 345056 38.0569
coreA 6 4767 345056 37.3516
coreA 7 4772 345056 37.3466
coreA 8 4767 345053 36.8355
coreA 9 4776 345050 36.7206
coreA 10 4779 345038 36.3573
coreA 11 4771 345016 36.1413
coreA 12 4762 344955 35.6625
coreA 13 4766 344855 35.5087
coreA 14 4747 344723 35.1161
coreA 15 4777 344541 34.9653
coreA 16 4765 344237 34.64
coreA 17 4760 343823 34.5046
coreA 18 4770 343102 34.2939
coreA 19 4777 341701 34.1021
coreA 20 4736 339736 33.8362
coreA 21 4743 337030 33.7959
coreA 22 4752 333708 33.5196
coreA 23 4743 329976 33.4076
coreA 24 4748 326085 33.2171
coreA 25 4751 322531 33.0376
coreA 26 4726 319291 32.8433
coreA 27 4745 316670 32.9913
coreA 28 4697 314488 32.7856
coreA 29 4720 312440 32.6727
coreA 30 4709 310364 32.567
coreA 31 4711 308463 32.3966
coreA 32 4699 306372 32.3236
coreA 33 4711 304178 32.1598
coreA 34 4652 301959 32.0867
coreA 35 4645 299639 32.0538
coreA 36 4692 297315 32.0622
coreA 37 4700 294867 31.8428
coreA 38 4676 292396 31.7857
coreA 39 4654 289945 31.5762
coreA 40 4629 287281 31.5054
coreA 41 4617 284739 31.3811
coreA 42 4602 282162 31.2786
coreA 43 4592 279591 31.1208
coreA 44 4595 277160 31.0527
coreA 45 4587 274809 30.9294
coreA 46 4570 272426 30.8214
coreA 47 4591 269966 31.161
coreA 48 4567 267504 30.986
coreA 49 4570 265104 30.8986
coreA 50 4525 262520 30.7434
coreA 51 4543 260032 30.6784
coreA 52 4535 257503 30.529
coreA 53 4510 255118 30.4232
coreA 54 4498 252661 30.3375
coreA 55 4487 250166 30.2557
coreA 56 4452 247656 30.1772
coreA 57 4476 245114 30.0686
coreA 58 4431 242492 29.9475
coreA 59 4433 239817 29.8935
coreA 60 4400 237137 29.7784
coreA 61 4380 234377 29.7029
coreA 62 4372 231596 29.5578
coreA 63 4387 228878 29.5157
coreA 64 4376 225958 29.4028
coreA 65 4356 223092 29.2895
coreA 66 4282 220288 29.2521
coreA 67 4311 217544 29.0991
coreA 68 4283 214909 29.0453
coreA 69 4299 212278 29.7902
coreA 70 4273 209683 29.6915
coreA 71 4276 207182 29.6231
coreA 72 4256 204618 29.4818
coreA 73 4230 202057 29.4012
coreA 74 4206 199629 29.3449
coreA 75 4205 197208 29.2453
coreA 76 4196 194827 29.1884
coreA 77 4187 192475 29.0624
coreA 78 4166 190133 29.0359
coreA 79 4137 187897 28.89
coreA 80 4121 185729 28.8467
coreA 81 4141 183573 28.7352
coreA 82 4137 181391 28.6361
coreA 83 4097 179284 28.5444
coreA 84 4061 177210 28.5124
coreA 85 4131 175227 28.4161
coreA 86 4090 173134 28.3535
coreA 87 4049 170984 28.2672
coreA 88 4046 169008 28.2144
coreA 89 4008 167082 28.1602
coreA 90 4014 165119 28.058
coreA 91 3987 163106 27.9831
coreA 92 4006 161075 27.9135
coreA 93 3978 158971 27.7725
coreA 94 3966 157028 27.7476
coreA 95 3939 155107 27.6962
coreA 96 3889 153193 27.6005
coreA 97 3920 151335 27.588
coreA 98 3918 149506 27.4802
coreA 99 3901 147695 27.4201
coreA 100 3874 145878 27.3564
coreA 101 3872 144198 27.2864
coreA 102 3855 142388 27.2219
coreA 103 3852 140644 27.2056
coreA 104 3813 138907 27.0733
coreA 105 3812 137136 27.0733
coreA 106 3801 135363 26.9508
coreA 107 3778 133611 26.889
coreA 108 3742 131945 26.858
coreA 109 3722 130293 26.7851
coreA 110 3741 128674 26.8328
coreA 111 3698 127084 26.6852
coreA 112 3718 125471 26.6018
coreA 113 3701 123862 26.5709
coreA 114 3714 122305 26.5045
coreA 115 3665 120748 26.4347
coreA 116 3641 119175 26.3821
coreA 117 3643 117634 28.0112
coreA 118 3641 116083 27.9461
coreA 119 3654 114539 27.9557
coreA 120 3590 113047 27.8768
coreA 121 3573 111456 27.8285
coreA 122 3580 109937 27.7509
coreA 123 3548 108435 27.7419
coreA 124 3553 106872 27.671
coreA 125 3514 105391 27.5847
coreA 126 3541 103909 27.5609
coreA 127 3489 102479 27.5086
coreA 128 3486 101007 27.4331
coreA 129 3480 99545 27.4123
coreA 130 3431 98089 27.3319
coreA 131 3439 96637 27.2622
coreA 132 3404 95229 27.2447
coreA 133 3386 93737 27.1461
coreA 134 3382 92297 27.1604
coreA 135 3386 90876 27.0645
coreA 136 3333 89500 27.0053
coreA 137 3341 88133 27.0132
coreA 138 3315 86818 26.9037
coreA 139 3318 85429 26.9109
coreA 140 3266 84155 26.8767
coreA 141 3273 82744 26.7987
coreA 142 3273 81384 26.7633
coreA 143 3221 80017 26.7252
coreA 144 3234 78655 26.6197
coreA 145 3203 77268 26.5893
coreA 146 3197 75952 26.5699
coreA 147 3184 74676 26.49
coreA 148 3155 73375 26.4825
coreA 149 3134 72054 26.3959
coreA 150 3113 70792 26.4027
coreA 151 3100 69486 26.3359
coreA 152 3086 68200 26.3284
coreA 153 3084 66953 26.2684
coreA 154 3070 65692 26.2109
coreA 155 3089 64511 25.9389
coreA 156 3030 63297 26.1107
coreA 157 3009 62080 26.0673
coreA 158 2991 60892 26.0706
coreA 159 2976 59723 26.0116
coreA 160 2928 58515 25.9526
coreA 161 2940 57331 25.8999
coreA 162 2905 56186 25.8805
coreA 163 2900 55055 25.8485
coreA 164 2843 53973 25.8199
coreA 165 2879 52777 25.7383
coreA 166 2810 51665 25.7327
coreA 167 2782 50525 25.671
coreA 168 2810 49417 25.6309
coreA 169 2786 48298 25.5988
coreA 170 2746 47212 25.5542
coreA 171 2723 46127 25.5414
coreA 172 2729 45069 25.496
coreA 173 2700 44046 25.4672
coreA 174 2655 43046 25.432
coreA 175 2654 42055 25.4018
coreA 176 2631 41072 25.4021
coreA 177 2578 40067 25.3424
coreA 178 2571 39085 25.2789
coreA 179 2557 38150 25.2566
coreA 180 2545 37308 25.2558
coreA 181 2506 36368 25.1828
coreA 182 2502 35529 25.1884
coreA 183 2438 34670 25.1464
coreA 184 2446 33858 25.1081
coreA 185 2420 32962 25.0972
coreA 186 2417 32095 25.0708
coreA 187 2373 31285 25.0236
coreA 188 2363 30529 25.0139
coreA 189 2337 29723 24.9708
coreA 190 2340 28957 24.9688
coreA 191 2307 28217 24.8842
coreA 192 2280 27500 24.8775
coreB 1 636 1585 26.3199
coreB 2 1210 1131 26.3327
coreB 3 1334 1067 26.242
coreB 4 1345 1022 26.2611
coreB 5 1417 965 26.3141
coreB 6 1404 914 26.2792
coreB 7 1413 884 26.3251
coreB 8 1414 864 26.2963
coreB 9 1417 843 26.2306
coreB 10 1427 828 26.2171
coreB 11 1443 800 26.3373
coreB 12 1444 745 26.6179
coreB 13 1425 666 26.34
coreB 14 1417 599 26.3159
coreB 15 1432 568 26.1023
coreB 16 1412 551 26.0986
coreB 17 1405 529 26.4179
coreB 18 1361 513 26.2726
coreB 19 1315 500 26.165
coreB 20 1337 484 26.0859
coreB 21 1326 468 25.4957
coreB 22 1346 456 25.5061
coreB 23 1303 441 25.4428
coreB 24 1332 410 25.5066
coreB 25 1299 386 25.8476
coreB 26 1306 373 25.8687
coreB 27 1282 360 25.9091
coreB 28 1275 346 25.9387
coreB 29 1300 331 25.8843
coreB 30 1289 317 25.8506
coreB 31 1303 314 25.8629
coreB 32 1277 312 25.813
coreB 33 1269 310 25.8416
coreB 34 1232 309 25.8792
coreB 35 1250 307 26.0518
coreB 36 1237 306 25.7874
coreB 37 1278 304 26.5717
coreB 38 1233 302 25.7506
coreB 39 1280 301 25.4906
coreB 40 1274 299 25.8924
coreB 41 1233 298 25.7639
coreB 42 1212 297 27.3191
coreB 43 1244 295 27.3378
coreB 44 1211 293 27.1403
coreB 45 1208 292 27.2787
coreB 46 1248 290 25.7879
coreB 47 1209 289 26.9884
coreB 48 1260 288 26.9067
coreB 49 1245 287 26.8899
coreB 50 1223 286 26.6761
coreB 51 1243 285 26.6584
coreB 52 1208 284 26.6462
coreB 53 1211 282 25.6468
coreB 54 1188 280 26.5019
coreB 55 1203 279 26.9046
coreB 56 1196 277 26.9078
coreB 57 1204 276 26.2821
coreB 58 1181 275 26.3198
coreB 59 1201 273 26.9134
coreB 60 1138 272 26.3665
coreB 61 1192 270 26.9247
coreB 62 1165 269 26.2658
coreB 63 1154 268 26.8967
coreB 64 1184 267 26.9359
coreB 65 1187 265 26.1865
coreB 66 1168 264 26.4408
coreB 67 1161 263 26.9275
coreB 68 1159 262 25.3705
coreB 69 1192 261 26.3253
coreB 70 1154 259 26.9098
coreB 71 1149 258 26.7576
coreB 72 1142 257 26.2924
coreB 73 1127 255 26.8816
coreB 74 1111 254 26.1861
coreB 75 1139 253 26.3048
coreB 76 1155 252 26.9319
coreB 77 1129 251 26.1247
coreB 78 1104 250 26.3179
coreB 79 1108 248 26.7512
coreB 80 1096 248 26.3414
coreB 81 1134 247 26.9318
coreB 82 1094 246 26.9404
coreB 83 1125 245 26.3226
coreB 84 1091 244 26.127
coreB 85 1105 243 27.0138
coreB 86 1079 242 26.5841
coreB 87 1094 241 26.9464
coreB 88 1102 240 26.7421
coreB 89 1062 240 26.1478
coreB 90 1085 239 25.4711
coreB 91 1112 238 26.1659
coreB 92 1059 238 26.3465
coreB 93 1090 237 26.128
coreB 94 1093 236 26.3628
coreB 95 1066 236 26.1585
coreB 96 1059 235 27.009
coreB 97 1053 234 26.3593
coreB 98 1045 234 26.1408
coreB 99 1069 233 27.0081
coreB 100 1058 232 26.351
coreB 101 1059 231 26.3496
coreB 102 1044 231 27.0032
coreB 103 1016 230 26.3643
coreB 104 1045 230 25.4644
coreB 105 1052 229 25.5131
coreB 106 1019 228 26.3541
coreB 107 1016 228 25.455
coreB 108 1032 227 26.599
coreB 109 1040 226 26.3572
coreB 110 1037 226 26.4183
coreB 111 1032 225 27.0227
coreB 112 992 225 25.485
coreB 113 1033 225 25.4239
coreB 114 1033 224 26.3714
coreB 115 1029 223 26.5449
coreB 116 1042 223 26.539
coreB 117 1004 222 26.3729
coreB 118 1038 222 26.1776
coreB 119 1001 221 26.5393
coreB 120 1003 221 26.547
coreB 121 987 220 25.491
coreB 122 994 219 26.1225
coreB 123 985 219 26.254
coreB 124 1008 219 26.5613
coreB 125 1016 218 26.1526
coreB 126 975 218 26.5462
coreB 127 1014 217 26.1572
coreB 128 980 217 26.5862
coreB 129 992 216 26.5729
coreB 130 975 216 26.539
coreB 131 961 215 26.5136
coreB 132 999 215 25.4554
coreB 133 941 214 26.5233
coreB 134 985 214 26.99
coreB 135 960 214 26.5496
coreB 136 957 213 26.5134
coreB 137 959 213 26.5393
coreB 138 950 212 25.5575
coreB 139 971 212 26.234
coreB 140 953 212 26.9616
coreB 141 975 211 26.5718
coreB 142 966 210 26.5842
coreB 143 937 210 26.4698
coreB 144 933 210 26.5594
coreB 145 939 209 26.5704
coreB 146 957 209 26.5714
coreB 147 913 208 26.5562
coreB 148 935 208 25.5202
coreB 149 934 208 25.4959
coreB 150 916 207 26.5797
coreB 151 932 207 26.5684
coreB 152 943 207 26.5645
coreB 153 921 206 26.5936
coreB 154 898 206 25.4728
coreB 155 915 205 26.6206
coreB 156 929 205 25.525
coreB 157 911 204 25.5512
coreB 158 891 204 26.6407
coreB 159 898 204 26.6006
coreB 160 914 203 26.2787
coreB 161 880 203 26.5609
coreB 162 881 203 26.5671
coreB 163 902 202 25.5408
coreB 164 894 202 26.6071
coreB 165 921 202 26.549
coreB 166 882 201 26.5878
coreB 167 865 201 26.6107
coreB 168 847 201 26.5539
coreB 169 935 200 27.0431
coreB 170 877 200 26.6512
coreB 171 864 200 26.6037
coreB 172 938 199 26.5063
coreB 173 883 199 26.5946
coreB 174 878 199 26.601
coreB 175 890 199 25.9197
coreB 176 843 198 26.5734
coreB 177 863 198 26.5272
coreB 178 880 198 25.8917
coreB 179 858 197 26.5927
coreB 180 856 197 26.6029
coreB 181 871 197 26.5622
coreB 182 859 196 26.5912
coreB 183 845 196 26.5504
coreB 184 833 195 26.5887
coreB 185 821 195 26.5734
coreB 186 817 195 26.5733
coreB 187 797 194 26.5356
coreB 188 826 194 26.558
coreB 189 858 193 26.6578
coreB 190 810 193 26.5683
coreB 191 814 193 26.58
coreB 192 789 192 26.5571
total 10664.9
coreA 1 4767 345056 40.9224
coreA 2 4767 345056 39.9502
coreA 3 4767 345056 38.3743
coreA 4 4767 345056 37.588
coreA 5 4767 345056 37.4192
coreA 6 4767 345056 36.8177
coreA 7 4772 345056 36.6224
coreA 8 4767 345053 36.2639
coreA 9 4776 345050 36.0918
coreA 10 4779 345038 35.6816
coreA 11 4771 345016 35.494
coreA 12 4762 344955 35.2302
coreA 13 4766 344855 35.0395
coreA 14 4747 344723 34.7798
coreA 15 4777 344541 34.6016
coreA 16 4765 344237 34.3609
coreA 17 4760 343823 34.2342
coreA 18 4770 343102 34.0103
coreA 19 4777 341701 33.8901
coreA 20 4736 339736 33.6903
coreA 21 4743 337030 33.526
coreA 22 4752 333708 33.2871
coreA 23 4743 329976 33.0508
coreA 24 4748 326085 32.9416
coreA 25 4751 322531 32.7238
coreA 26 4726 319291 32.5506
coreA 27 4745 316670 32.6438
coreA 28 4697 314488 32.5055
coreA 29 4720 312440 32.3766
coreA 30 4709 310364 32.2492
coreA 31 4711 308463 32.0904
coreA 32 4699 306372 32.0134
coreA 33 4711 304178 31.8877
coreA 34 4652 301959 31.7738
coreA 35 4645 299639 31.8638
coreA 36 4692 297315 31.6878
coreA 37 4700 294867 31.5564
coreA 38 4676 292396 31.4003
coreA 39 4654 289945 31.3108
coreA 40 4629 287281 31.164
coreA 41 4617 284739 31.0524
coreA 42 4602 282162 30.9482
coreA 43 4592 279591 30.8803
coreA 44 4595 277160 30.7886
coreA 45 4587 274809 30.6893
coreA 46 4570 272426 30.5586
coreA 47 4591 269966 30.8749
coreA 48 4567 267504 30.732
coreA 49 4570 265104 30.6264
coreA 50 4525 262520 30.4922
coreA 51 4543 260032 30.3918
coreA 52 4535 257503 30.28
coreA 53 4510 255118 30.1098
coreA 54 4498 252661 30.1575
coreA 55 4487 250166 30.0259
coreA 56 4452 247656 29.8903
coreA 57 4476 245114 29.8387
coreA 58 4431 242492 29.6873
coreA 59 4433 239817 29.6342
coreA 60 4400 237137 29.5465
coreA 61 4380 234377 29.4339
coreA 62 4372 231596 29.3465
coreA 63 4387 228878 29.2476
coreA 64 4376 225958 29.1477
coreA 65 4356 223092 29.0883
coreA 66 4282 220288 28.9199
coreA 67 4311 217544 28.9264
coreA 68 4283 214909 28.7733
coreA 69 4299 212278 29.5595
coreA 70 4273 209683 29.3749
coreA 71 4276 207182 29.1456
coreA 72 4256 204618 29.3112
coreA 73 4230 202057 29.0653
coreA 74 4206 199629 29.1229
coreA 75 4205 197208 29.0253
coreA 76 4196 194827 28.9785
coreA 77 4187 192475 28.8947
coreA 78 4166 190133 28.7403
coreA 79 4137 187897 28.7369
coreA 80 4121 185729 28.6372
coreA 81 4141 183573 28.5424
coreA 82 4137 181391 28.4849
coreA 83 4097 179284 27.8851
coreA 84 4061 177210 28.3516
coreA 85 4131 175227 28.211
coreA 86 4090 173134 28.1739
coreA 87 4049 170984 28.107
coreA 88 4046 169008 27.993
coreA 89 4008 167082 27.9535
coreA 90 4014 165119 27.9101
coreA 91 3987 163106 27.7839
coreA 92 4006 161075 27.7336
coreA 93 3978 158971 27.6555
coreA 94 3966 157028 27.5994
coreA 95 3939 155107 27.5406
coreA 96 3889 153193 27.4181
coreA 97 3920 151335 27.4764
coreA 98 3918 149506 27.2994
coreA 99 3901 147695 27.2729
coreA 100 3874 145878 27.1526
coreA 101 3872 144198 27.1575
coreA 102 3855 142388 27.0493
coreA 103 3852 140644 27.0405
coreA 104 3813 138907 26.9763
coreA 105 3812 137136 26.9045
coreA 106 3801 135363 26.8413
coreA 107 3778 133611 26.7699
coreA 108 3742 131945 26.6184
coreA 109 3722 130293 26.6426
coreA 110 3741 128674 26.5963
coreA 111 3698 127084 26.4989
coreA 112 3718 125471 26.4923
coreA 113 3701 123862 26.4271
coreA 114 3714 122305 26.3754
coreA 115 3665 120748 26.3081
coreA 116 3641 119175 26.2118
coreA 117 3643 117634 27.8817
coreA 118 3641 116083 27.8613
coreA 119 3654 114539 27.8427
coreA 120 3590 113047 27.7743
coreA 121 3573 111456 27.6956
coreA 122 3580 109937 27.6219
coreA 123 3548 108435 27.6207
coreA 124 3553 106872 27.5401
coreA 125 3514 105391 27.5141
coreA 126 3541 103909 27.442
coreA 127 3489 102479 27.396
coreA 128 3486 101007 27.3393
coreA 129 3480 99545 27.2967
coreA 130 3431 98089 27.2585
coreA 131 3439 96637 27.2042
coreA 132 3404 95229 27.1752
coreA 133 3386 93737 27.0993
coreA 134 3382 92297 27.0355
coreA 135 3386 90876 27.0094
coreA 136 3333 89500 26.9756
coreA 137 3341 88133 26.8952
coreA 138 3315 86818 26.8692
coreA 139 3318 85429 26.8064
coreA 140 3266 84155 26.7625
coreA 141 3273 82744 26.7637
coreA 142 3273 81384 26.7025
coreA 143 3221 80017 26.637
coreA 144 3234 78655 26.5831
coreA 145 3203 77268 26.5423
coreA 146 3197 75952 26.5322
coreA 147 3184 74676 26.5021
coreA 148 3155 73375 26.4218
coreA 149 3134 72054 26.3757
coreA 150 3113 70792 26.3141
coreA 151 3100 69486 26.2599
coreA 152 3086 68200 26.2764
coreA 153 3084 66953 26.199
coreA 154 3070 65692 26.1698
coreA 155 3089 64511 26.1546
coreA 156 3030 63297 26.0582
coreA 157 3009 62080 26.0482
coreA 158 2991 60892 25.9825
coreA 159 2976 59723 25.9091
coreA 160 2928 58515 25.8999
coreA 161 2940 57331 25.8606
coreA 162 2905 56186 25.7867
coreA 163 2900 55055 25.7938
coreA 164 2843 53973 25.7522
coreA 165 2879 52777 25.7023
coreA 166 2810 51665 25.6858
coreA 167 2782 50525 25.613
coreA 168 2810 49417 25.5747
coreA 169 2786 48298 25.5587
coreA 170 2746 47212 25.4972
coreA 171 2723 46127 25.4798
coreA 172 2729 45069 25.4273
coreA 173 2700 44046 25.4045
coreA 174 2655 43046 25.328
coreA 175 2654 42055 25.343
coreA 176 2631 41072 25.3272
coreA 177 2578 40067 25.2901
coreA 178 2571 39085 25.2828
coreA 179 2557 38150 25.2216
coreA 180 2545 37308 25.2078
coreA 181 2506 36368 25.1428
coreA 182 2502 35529 25.1535
coreA 183 2438 34670 25.1276
coreA 184 2446 33858 25.0568
coreA 185 2420 32962 25.0023
coreA 186 2417 32095 24.9851
coreA 187 2373 31285 24.9616
coreA 188 2363 30529 24.9697
coreA 189 2337 29723 24.9517
coreA 190 2340 28957 24.8857
coreA 191 2307 28217 24.8552
coreA 192 2280 27500 24.8316
coreB 1 636 1585 26.2915
coreB 2 1210 1131 26.2095
coreB 3 1334 1067 26.2404
coreB 4 1345 1022 26.2127
coreB 5 1417 965 26.2176
coreB 6 1404 914 26.2081
coreB 7 1413 884 26.2967
coreB 8 1414 864 26.2246
coreB 9 1417 843 26.2548
coreB 10 1427 828 26.2376
coreB 11 1443 800 26.2498
coreB 12 1444 745 26.6511
coreB 13 1425 666 26.3703
coreB 14 1417 599 26.2756
coreB 15 1432 568 26.116
coreB 16 1412 551 26.0799
coreB 17 1405 529 26.3707
coreB 18 1361 513 26.2786
coreB 19 1315 500 26.1499
coreB 20 1337 484 26.1986
coreB 21 1326 468 25.4702
coreB 22 1346 456 25.5728
coreB 23 1303 441 25.4954
coreB 24 1332 410 25.478
coreB 25 1299 386 25.8314
coreB 26 1306 373 25.7789
coreB 27 1282 360 25.8522
coreB 28 1275 346 25.8923
coreB 29 1300 331 25.7639
coreB 30 1289 317 25.813
coreB 31 1303 314 25.8813
coreB 32 1277 312 25.8041
coreB 33 1269 310 25.7929
coreB 34 1232 309 25.8508
coreB 35 1250 307 25.996
coreB 36 1237 306 25.7684
coreB 37 1278 304 26.5964
coreB 38 1233 302 25.7003
coreB 39 1280 301 25.4392
coreB 40 1274 299 25.8794
coreB 41 1233 298 25.7718
coreB 42 1212 297 27.3435
coreB 43 1244 295 27.3056
coreB 44 1211 293 27.1065
coreB 45 1208 292 27.3263
coreB 46 1248 290 25.7909
coreB 47 1209 289 26.9722
coreB 48 1260 288 26.8814
coreB 49 1245 287 27.1064
coreB 50 1223 286 26.6524
coreB 51 1243 285 26.6735
coreB 52 1208 284 26.654
coreB 53 1211 282 25.6617
coreB 54 1188 280 26.4768
coreB 55 1203 279 26.95
coreB 56 1196 277 26.9091
coreB 57 1204 276 26.3271
coreB 58 1181 275 26.2522
coreB 59 1201 273 26.9163
coreB 60 1138 272 26.3501
coreB 61 1192 270 26.8965
coreB 62 1165 269 26.3636
coreB 63 1154 268 26.9007
coreB 64 1184 267 26.8924
coreB 65 1187 265 26.1728
coreB 66 1168 264 26.398
coreB 67 1161 263 26.9461
coreB 68 1159 262 25.3797
coreB 69 1192 261 26.3009
coreB 70 1154 259 26.8879
coreB 71 1149 258 26.7738
coreB 72 1142 257 26.2719
coreB 73 1127 255 26.958
coreB 74 1111 254 26.1642
coreB 75 1139 253 26.301
coreB 76 1155 252 26.9997
coreB 77 1129 251 26.131
coreB 78 1104 250 26.3003
coreB 79 1108 248 26.7592
coreB 80 1096 248 26.3588
coreB 81 1134 247 26.9363
coreB 82 1094 246 26.9918
coreB 83 1125 245 26.2874
coreB 84 1091 244 26.1201
coreB 85 1105 243 26.9253
coreB 86 1079 242 26.5312
coreB 87 1094 241 26.9656
coreB 88 1102 240 26.7134
coreB 89 1062 240 26.1762
coreB 90 1085 239 25.4731
coreB 91 1112 238 26.1049
coreB 92 1059 238 26.3452
coreB 93 1090 237 26.1323
coreB 94 1093 236 26.3639
coreB 95 1066 236 26.1031
coreB 96 1059 235 26.9484
coreB 97 1053 234 26.3407
coreB 98 1045 234 26.1436
coreB 99 1069 233 26.9759
coreB 100 1058 232 26.3464
coreB 101 1059 231 26.3585
coreB 102 1044 231 26.9508
coreB 103 1016 230 26.3801
coreB 104 1045 230 25.4194
coreB 105 1052 229 25.4367
coreB 106 1019 228 26.3779
coreB 107 1016 228 25.4246
coreB 108 1032 227 26.5139
coreB 109 1040 226 26.331
coreB 110 1037 226 26.312
coreB 111 1032 225 26.9297
coreB 112 992 225 25.4533
coreB 113 1033 225 25.4279
coreB 114 1033 224 26.3848
coreB 115 1029 223 26.5214
coreB 116 1042 223 26.5331
coreB 117 1004 222 26.4215
coreB 118 1038 222 26.1868
coreB 119 1001 221 26.5712
coreB 120 1003 221 26.5533
coreB 121 987 220 25.4866
coreB 122 994 219 26.178
coreB 123 985 219 26.2712
coreB 124 1008 219 26.6161
coreB 125 1016 218 26.2037
coreB 126 975 218 26.5927
coreB 127 1014 217 26.1586
coreB 128 980 217 26.6151
coreB 129 992 216 26.5796
coreB 130 975 216 26.5707
coreB 131 961 215 26.5413
coreB 132 999 215 25.5357
coreB 133 941 214 26.6032
coreB 134 985 214 27.0422
coreB 135 960 214 26.5633
coreB 136 957 213 26.5891
coreB 137 959 213 26.6103
coreB 138 950 212 25.5409
coreB 139 971 212 26.2187
coreB 140 953 212 27.0143
coreB 141 975 211 26.5906
coreB 142 966 210 26.6027
coreB 143 937 210 26.6036
coreB 144 933 210 26.59
coreB 145 939 209 26.6608
coreB 146 957 209 26.61
coreB 147 913 208 26.5132
coreB 148 935 208 25.5211
coreB 149 934 208 25.5064
coreB 150 916 207 26.551
coreB 151 932 207 26.6063
coreB 152 943 207 26.5633
coreB 153 921 206 26.6019
coreB 154 898 206 25.5933
coreB 155 915 205 26.5402
coreB 156 929 205 25.5048
coreB 157 911 204 25.5895
coreB 158 891 204 26.563
coreB 159 898 204 26.5582
coreB 160 914 203 26.2982
coreB 161 880 203 26.5432
coreB 162 881 203 26.5902
coreB 163 902 202 25.5128
coreB 164 894 202 26.5623
coreB 165 921 202 26.5872
coreB 166 882 201 26.5295
coreB 167 865 201 26.5588
coreB 168 847 201 26.5995
coreB 169 935 200 26.9943
coreB 170 877 200 26.6429
coreB 171 864 200 26.6117
coreB 172 938 199 26.5726
coreB 173 883 199 26.5849
coreB 174 878 199 26.5736
coreB 175 890 199 25.8798
coreB 176 843 198 26.6364
coreB 177 863 198 26.535
coreB 178 880 198 25.9202
coreB 179 858 197 26.5661
coreB 180 856 197 26.5637
coreB 181 871 197 26.6016
coreB 182 859 196 26.5973
coreB 183 845 196 26.5763
coreB 184 833 195 26.5298
coreB 185 821 195 26.5217
coreB 186 817 195 26.5241
coreB 187 797 194 26.5337
coreB 188 826 194 26.5736
coreB 189 858 193 26.6597
coreB 190 810 193 26.5701
coreB 191 814 193 26.5583
coreB 192 789 192 26.6214
total 10618.1
coreA 1 4767 345056 40.7182
coreA 2 4767 345056 39.7504
coreA 3 4767 345056 38.1991
coreA 4 4767 345056 37.5207
coreA 5 4767 345056 37.3053
coreA 6 4767 345056 36.7785
coreA 7 4772 345056 36.4786
coreA 8 4767 345053 36.2279
coreA 9 4776 345050 35.9337
coreA 10 4779 345038 35.6414
coreA 11 4771 345016 35.303
coreA 12 4762 344955 35.2035
coreA 13 4766 344855 34.8913
coreA 14 4747 344723 34.8328
coreA 15 4777 344541 34.4264
coreA 16 4765 344237 34.358
coreA 17 4760 343823 34.0383
coreA 18 4770 343102 34.0652
coreA 19 4777 341701 33.6874
coreA 20 4736 339736 33.6916
coreA 21 4743 337030 33.3504
coreA 22 4752 333708 33.3789
coreA 23 4743 329976 32.9724
coreA 24 4748 326085 33.0228
coreA 25 4751 322531 32.6522
coreA 26 4726 319291 32.635
coreA 27 4745 316670 32.5823
coreA 28 4697 314488 32.3965
coreA 29 4720 312440 32.3104
coreA 30 4709 310364 32.1933
coreA 31 4711 308463 32.046
coreA 32 4699 306372 31.9949
coreA 33 4711 304178 31.816
coreA 34 4652 301959 31.7039
coreA 35 4645 299639 31.7671
coreA 36 4692 297315 31.6731
coreA 37 4700 294867 31.5081
coreA 38 4676 292396 31.3815
coreA 39 4654 289945 31.2706
coreA 40 4629 287281 31.1412
coreA 41 4617 284739 31.0495
coreA 42 4602 282162 30.9089
coreA 43 4592 279591 30.8355
coreA 44 4595 277160 30.6822
coreA 45 4587 274809 30.636
coreA 46 4570 272426 30.4486
coreA 47 4591 269966 30.8062
coreA 48 4567 267504 30.6628
coreA 49 4570 265104 30.5785
coreA 50 4525 262520 30.4857
coreA 51 4543 260032 30.3721
coreA 52 4535 257503 30.2632
coreA 53 4510 255118 30.1623
coreA 54 4498 252661 30.0196
coreA 55 4487 250166 29.9524
coreA 56 4452 247656 29.8554
coreA 57 4476 245114 29.7767
coreA 58 4431 242492 29.6273
coreA 59 4433 239817 29.5771
coreA 60 4400 237137 29.4818
coreA 61 4380 234377 29.4048
coreA 62 4372 231596 29.2896
coreA 63 4387 228878 29.1935
coreA 64 4376 225958 29.0735
coreA 65 4356 223092 28.9848
coreA 66 4282 220288 28.8435
coreA 67 4311 217544 28.7931
coreA 68 4283 214909 28.6593
coreA 69 4299 212278 29.4628
coreA 70 4273 209683 29.3824
coreA 71 4276 207182 29.2776
coreA 72 4256 204618 29.2098
coreA 73 4230 202057 29.1469
coreA 74 4206 199629 29.0339
coreA 75 4205 197208 28.9298
coreA 76 4196 194827 28.8191
coreA 77 4187 192475 28.7449
coreA 78 4166 190133 28.7021
coreA 79 4137 187897 28.6078
coreA 80 4121 185729 28.5313
coreA 81 4141 183573 28.4557
coreA 82 4137 181391 28.4148
coreA 83 4097 179284 28.3309
coreA 84 4061 177210 28.294
coreA 85 4131 175227 28.1752
coreA 86 4090 173134 28.1304
coreA 87 4049 170984 28.0032
coreA 88 4046 169008 27.9609
coreA 89 4008 167082 27.8579
coreA 90 4014 165119 27.8164
coreA 91 3987 163106 27.698
coreA 92 4006 161075 27.6471
coreA 93 3978 158971 27.6366
coreA 94 3966 157028 27.5261
coreA 95 3939 155107 27.5629
coreA 96 3889 153193 27.3641
coreA 97 3920 151335 27.2872
coreA 98 3918 149506 27.2252
coreA 99 3901 147695 27.2023
coreA 100 3874 145878 27.0875
coreA 101 3872 144198 27.0465
coreA 102 3855 142388 26.9904
coreA 103 3852 140644 26.9033
coreA 104 3813 138907 26.9109
coreA 105 3812 137136 26.8125
coreA 106 3801 135363 26.7585
coreA 107 3778 133611 26.7163
coreA 108 3742 131945 26.6231
coreA 109 3722 130293 26.5448
coreA 110 3741 128674 26.5265
coreA 111 3698 127084 26.4385
coreA 112 3718 125471 26.4324
coreA 113 3701 123862 26.3451
coreA 114 3714 122305 26.2855
coreA 115 3665 120748 26.2805
coreA 116 3641 119175 26.1837
coreA 117 3643 117634 27.864
coreA 118 3641 116083 27.8106
coreA 119 3654 114539 27.7182
coreA 120 3590 113047 27.7064
coreA 121 3573 111456 27.6071
coreA 122 3580 109937 27.5676
coreA 123 3548 108435 27.5037
coreA 124 3553 106872 27.4571
coreA 125 3514 105391 27.4041
coreA 126 3541 103909 27.3795
coreA 127 3489 102479 27.3085
coreA 128 3486 101007 27.3101
coreA 129 3480 99545 27.2484
coreA 130 3431 98089 27.1838
coreA 131 3439 96637 27.1308
coreA 132 3404 95229 27.1099
coreA 133 3386 93737 27.0421
coreA 134 3382 92297 26.9965
coreA 135 3386 90876 26.9427
coreA 136 3333 89500 26.9009
coreA 137 3341 88133 26.8715
coreA 138 3315 86818 26.7972
coreA 139 3318 85429 26.7856
coreA 140 3266 84155 26.7048
coreA 141 3273 82744 26.6472
coreA 142 3273 81384 26.6292
coreA 143 3221 80017 26.5639
coreA 144 3234 78655 26.4993
coreA 145 3203 77268 26.4767
coreA 146 3197 75952 26.4265
coreA 147 3184 74676 26.4035
coreA 148 3155 73375 26.3811
coreA 149 3134 72054 26.3232
coreA 150 3113 70792 26.2963
coreA 151 3100 69486 26.2195
coreA 152 3086 68200 26.1544
coreA 153 3084 66953 26.1919
coreA 154 3070 65692 26.0948
coreA 155 3089 64511 26.0609
coreA 156 3030 63297 26.0114
coreA 157 3009 62080 25.9813
coreA 158 2991 60892 25.9399
coreA 159 2976 59723 25.926
coreA 160 2928 58515 25.8576
coreA 161 2940 57331 25.8295
coreA 162 2905 56186 25.8121
coreA 163 2900 55055 25.764
coreA 164 2843 53973 25.7432
coreA 165 2879 52777 25.659
coreA 166 2810 51665 25.6114
coreA 167 2782 50525 25.6281
coreA 168 2810 49417 25.6076
coreA 169 2786 48298 25.4865
coreA 170 2746 47212 25.4697
coreA 171 2723 46127 25.4822
coreA 172 2729 45069 25.4215
coreA 173 2700 44046 25.3898
coreA 174 2655 43046 25.3386
coreA 175 2654 42055 25.2968
coreA 176 2631 41072 25.3335
coreA 177 2578 40067 25.2418
coreA 178 2571 39085 25.1766
coreA 179 2557 38150 25.1977
coreA 180 2545 37308 25.1423
coreA 181 2506 36368 25.165
coreA 182 2502 35529 25.0988
coreA 183 2438 34670 25.1163
coreA 184 2446 33858 25.034
coreA 185 2420 32962 25.0498
coreA 186 2417 32095 24.9729
coreA 187 2373 31285 24.9276
coreA 188 2363 30529 24.9684
coreA 189 2337 29723 24.9203
coreA 190 2340 28957 24.9043
coreA 191 2307 28217 24.836
coreA 192 2280 27500 24.8361
coreB 1 636 1585 26.3098
coreB 2 1210 1131 26.2407
coreB 3 1334 1067 26.1954
coreB 4 1345 1022 26.273
coreB 5 1417 965 26.2656
coreB 6 1404 914 26.2283
coreB 7 1413 884 26.3127
coreB 8 1414 864 26.1996
coreB 9 1417 843 26.2109
coreB 10 1427 828 26.2203
coreB 11 1443 800 26.2353
coreB 12 1444 745 26.6519
coreB 13 1425 666 26.3104
coreB 14 1417 599 26.2611
coreB 15 1432 568 26.1433
coreB 16 1412 551 26.137
coreB 17 1405 529 26.314
coreB 18 1361 513 26.2585
coreB 19 1315 500 26.1165
coreB 20 1337 484 26.0704
coreB 21 1326 468 25.4631
coreB 22 1346 456 25.4708
coreB 23 1303 441 25.4183
coreB 24 1332 410 25.454
coreB 25 1299 386 25.8393
coreB 26 1306 373 25.8036
coreB 27 1282 360 25.8976
coreB 28 1275 346 25.9146
coreB 29 1300 331 25.8181
coreB 30 1289 317 25.8552
coreB 31 1303 314 25.8475
coreB 32 1277 312 25.7934
coreB 33 1269 310 25.8668
coreB 34 1232 309 25.8727
coreB 35 1250 307 26.0037
coreB 36 1237 306 25.7622
coreB 37 1278 304 26.5379
coreB 38 1233 302 25.717
coreB 39 1280 301 25.4358
coreB 40 1274 299 25.8509
coreB 41 1233 298 25.7378
coreB 42 1212 297 27.3195
coreB 43 1244 295 27.2544
coreB 44 1211 293 27.0614
coreB 45 1208 292 27.2748
coreB 46 1248 290 25.7341
coreB 47 1209 289 26.9978
coreB 48 1260 288 26.8626
coreB 49 1245 287 27.1036
coreB 50 1223 286 26.6135
coreB 51 1243 285 26.6216
coreB 52 1208 284 26.6432
coreB 53 1211 282 25.6083
coreB 54 1188 280 26.4242
coreB 55 1203 279 26.8873
coreB 56 1196 277 26.8759
coreB 57 1204 276 26.2902
coreB 58 1181 275 26.2662
coreB 59 1201 273 26.9117
coreB 60 1138 272 26.3513
coreB 61 1192 270 26.8242
coreB 62 1165 269 26.2761
coreB 63 1154 268 26.9049
coreB 64 1184 267 26.8573
coreB 65 1187 265 26.1351
coreB 66 1168 264 26.3436
coreB 67 1161 263 26.9286
coreB 68 1159 262 25.4365
coreB 69 1192 261 26.3264
coreB 70 1154 259 26.9481
coreB 71 1149 258 26.7503
coreB 72 1142 257 26.3483
coreB 73 1127 255 26.9418
coreB 74 1111 254 26.1907
coreB 75 1139 253 26.2525
coreB 76 1155 252 26.9459
coreB 77 1129 251 26.0912
coreB 78 1104 250 26.3153
coreB 79 1108 248 26.7543
coreB 80 1096 248 26.3478
coreB 81 1134 247 26.939
coreB 82 1094 246 26.9538
coreB 83 1125 245 26.3627
coreB 84 1091 244 26.1376
coreB 85 1105 243 26.9703
coreB 86 1079 242 26.4751
coreB 87 1094 241 26.9314
coreB 88 1102 240 26.7482
coreB 89 1062 240 26.1449
coreB 90 1085 239 25.4755
coreB 91 1112 238 26.1232
coreB 92 1059 238 26.3377
coreB 93 1090 237 26.1498
coreB 94 1093 236 26.3457
coreB 95 1066 236 26.1532
coreB 96 1059 235 26.9944
coreB 97 1053 234 26.3239
coreB 98 1045 234 26.1153
coreB 99 1069 233 26.9811
coreB 100 1058 232 26.3486
coreB 101 1059 231 26.3252
coreB 102 1044 231 26.9997
coreB 103 1016 230 26.3649
coreB 104 1045 230 25.433
coreB 105 1052 229 25.4646
coreB 106 1019 228 26.3102
coreB 107 1016 228 25.4302
coreB 108 1032 227 26.5553
coreB 109 1040 226 26.3316
coreB 110 1037 226 26.3797
coreB 111 1032 225 26.9861
coreB 112 992 225 25.4467
coreB 113 1033 225 25.4847
coreB 114 1033 224 26.3385
coreB 115 1029 223 26.5545
coreB 116 1042 223 26.5253
coreB 117 1004 222 26.3952
coreB 118 1038 222 26.1809
coreB 119 1001 221 26.5725
coreB 120 1003 221 26.5425
coreB 121 987 220 25.4779
coreB 122 994 219 26.1736
coreB 123 985 219 26.2276
coreB 124 1008 219 26.545
coreB 125 1016 218 26.2206
coreB 126 975 218 26.5519
coreB 127 1014 217 26.1966
coreB 128 980 217 26.6031
coreB 129 992 216 26.5547
coreB 130 975 216 26.5902
coreB 131 961 215 26.5162
coreB 132 999 215 25.5017
coreB 133 941 214 26.5782
coreB 134 985 214 27.0321
coreB 135 960 214 26.6054
coreB 136 957 213 26.5378
coreB 137 959 213 26.548
coreB 138 950 212 25.5656
coreB 139 971 212 26.2708
coreB 140 953 212 27.064
coreB 141 975 211 26.6004
coreB 142 966 210 26.6367
coreB 143 937 210 26.6117
coreB 144 933 210 26.6
coreB 145 939 209 26.5865
coreB 146 957 209 26.5888
coreB 147 913 208 26.5856
coreB 148 935 208 25.4965
coreB 149 934 208 25.5654
coreB 150 916 207 26.579
coreB 151 932 207 26.5801
coreB 152 943 207 26.5843
coreB 153 921 206 26.595
coreB 154 898 206 25.5379
coreB 155 915 205 26.6058
coreB 156 929 205 25.5114
coreB 157 911 204 25.5566
coreB 158 891 204 26.5913
coreB 159 898 204 26.6165
coreB 160 914 203 26.3202
coreB 161 880 203 26.5833
coreB 162 881 203 26.6013
coreB 163 902 202 25.6133
coreB 164 894 202 26.5915
coreB 165 921 202 26.5893
coreB 166 882 201 26.5671
coreB 167 865 201 26.5706
coreB 168 847 201 26.573
coreB 169 935 200 27.0362
coreB 170 877 200 26.6722
coreB 171 864 200 26.5796
coreB 172 938 199 26.6088
coreB 173 883 199 26.6053
coreB 174 878 199 26.6382
coreB 175 890 199 25.9233
coreB 176 843 198 26.6152
coreB 177 863 198 26.5958
coreB 178 880 198 25.9347
coreB 179 858 197 26.5469
coreB 180 856 197 26.6121
coreB 181 871 197 26.5734
coreB 182 859 196 26.5507
coreB 183 845 196 26.6138
coreB 184 833 195 26.5709
coreB 185 821 195 26.61
coreB 186 817 195 26.6115
coreB 187 797 194 26.5499
coreB 188 826 194 26.6174
coreB 189 858 193 26.6738
coreB 190 810 193 26.583
coreB 191 814 193 26.5773
coreB 192 789 192 26.6042
total 10607.2
