coreA 1 4767 345056 34.6949
coreA 2 4767 345056 31.6943
coreA 3 4767 345056 31.8013
coreA 4 4767 345056 32.8166
coreA 5 4767 345056 32.8782
coreA 6 4767 345056 32.7713
coreA 7 4772 345056 32.5737
coreA 8 4767 345053 32.4022
coreA 9 4776 345050 32.245
coreA 10 4779 345038 32.0063
coreA 11 4771 345016 31.9302
coreA 12 4762 344955 31.8902
coreA 13 4766 344855 31.8218
coreA 14 4747 344723 31.7588
coreA 15 4777 344541 31.6252
coreA 16 4765 344237 31.5299
coreA 17 4760 343823 31.5028
coreA 18 4770 343102 31.0508
coreA 19 4777 341701 31.0244
coreA 20 4736 339736 30.7896
coreA 21 4743 337030 30.7833
coreA 22 4752 333708 30.5291
coreA 23 4743 329976 30.4787
coreA 24 4748 326085 30.3687
coreA 25 4751 322531 30.3828
coreA 26 4726 319291 30.2142
coreA 27 4745 316670 30.2158
coreA 28 4697 314488 30.0698
coreA 29 4720 312440 30.0525
coreA 30 4709 310364 30.0227
coreA 31 4711 308463 29.8552
coreA 32 4699 306372 29.7768
coreA 33 4711 304178 29.6695
coreA 34 4652 301959 29.6314
coreA 35 4645 299639 29.4552
coreA 36 4692 297315 29.2448
coreA 37 4700 294867 29.3206
coreA 38 4676 292396 29.2715
coreA 39 4654 289945 29.2696
coreA 40 4629 287281 29.0954
coreA 41 4617 284739 29.0397
coreA 42 4602 282162 28.9847
coreA 43 4592 279591 29.0193
coreA 44 4595 277160 29.0299
coreA 45 4587 274809 28.9235
coreA 46 4570 272426 28.7974
coreA 47 4591 269966 28.7491
coreA 48 4567 267504 28.814
coreA 49 4570 265104 28.5357
coreA 50 4525 262520 28.4475
coreA 51 4543 260032 28.6409
coreA 52 4535 257503 28.5284
coreA 53 4510 255118 28.5752
coreA 54 4498 252661 28.3317
coreA 55 4487 250166 28.2423
coreA 56 4452 247656 28.1506
coreA 57 4476 245114 28.1908
coreA 58 4431 242492 28.1376
coreA 59 4433 239817 27.9837
coreA 60 4400 237137 27.8946
coreA 61 4380 234377 27.834
coreA 62 4372 231596 27.8525
coreA 63 4387 228878 27.8374
coreA 64 4376 225958 28.0487
coreA 65 4356 223092 27.8483
coreA 66 4282 220288 27.7266
coreA 67 4311 217544 27.6437
coreA 68 4283 214909 27.5881
coreA 69 4299 212278 27.745
coreA 70 4273 209683 27.4989
coreA 71 4276 207182 27.47
coreA 72 4256 204618 27.8849
coreA 73 4230 202057 27.8547
coreA 74 4206 199629 27.9151
coreA 75 4205 197208 27.7704
coreA 76 4196 194827 27.6976
coreA 77 4187 192475 27.6577
coreA 78 4166 190133 27.6225
coreA 79 4137 187897 27.5889
coreA 80 4121 185729 27.47
coreA 81 4141 183573 27.3774
coreA 82 4137 181391 27.3916
coreA 83 4097 179284 27.3724
coreA 84 4061 177210 27.3214
coreA 85 4131 175227 27.2332
coreA 86 4090 173134 27.2236
coreA 87 4049 170984 27.1541
coreA 88 4046 169008 27.1185
coreA 89 4008 167082 27.1373
coreA 90 4014 165119 27.1547
coreA 91 3987 163106 26.9715
coreA 92 4006 161075 26.9419
coreA 93 3978 158971 26.8914
coreA 94 3966 157028 26.9194
coreA 95 3939 155107 26.9019
coreA 96 3889 153193 26.8526
coreA 97 3920 151335 26.8503
coreA 98 3918 149506 26.7675
coreA 99 3901 147695 26.7007
coreA 100 3874 145878 26.6546
coreA 101 3872 144198 26.6481
coreA 102 3855 142388 26.5814
coreA 103 3852 140644 26.5434
coreA 104 3813 138907 26.5135
coreA 105 3812 137136 26.4979
coreA 106 3801 135363 26.4396
coreA 107 3778 133611 26.4099
coreA 108 3742 131945 26.3983
coreA 109 3722 130293 26.3749
coreA 110 3741 128674 26.6409
coreA 111 3698 127084 26.4573
coreA 112 3718 125471 26.4281
coreA 113 3701 123862 26.417
coreA 114 3714 122305 26.3737
coreA 115 3665 120748 26.4859
coreA 116 3641 119175 26.2832
coreA 117 3643 117634 27.2138
coreA 118 3641 116083 26.2193
coreA 119 3654 114539 27.2027
coreA 120 3590 113047 27.4128
coreA 121 3573 111456 27.1419
coreA 122 3580 109937 27.1212
coreA 123 3548 108435 27.0723
coreA 124 3553 106872 27.0776
coreA 125 3514 105391 27.1169
coreA 126 3541 103909 27.0094
coreA 127 3489 102479 26.9346
coreA 128 3486 101007 26.8824
coreA 129 3480 99545 26.8566
coreA 130 3431 98089 26.9038
coreA 131 3439 96637 26.8442
coreA 132 3404 95229 26.8293
coreA 133 3386 93737 26.8082
coreA 134 3382 92297 26.7516
coreA 135 3386 90876 26.6929
coreA 136 3333 89500 26.6994
coreA 137 3341 88133 26.6903
coreA 138 3315 86818 26.653
coreA 139 3318 85429 26.6098
coreA 140 3266 84155 26.635
coreA 141 3273 82744 26.5791
coreA 142 3273 81384 26.5774
coreA 143 3221 80017 26.5867
coreA 144 3234 78655 26.5447
coreA 145 3203 77268 26.5104
coreA 146 3197 75952 26.507
coreA 147 3184 74676 26.4845
coreA 148 3155 73375 26.517
coreA 149 3134 72054 26.4735
coreA 150 3113 70792 26.4599
coreA 151 3100 69486 26.4469
coreA 152 3086 68200 26.42
coreA 153 3084 66953 26.3212
coreA 154 3070 65692 26.3962
coreA 155 3089 64511 26.5584
coreA 156 3030 63297 21.5011
coreA 157 3009 62080 26.4173
coreA 158 2991 60892 26.3478
coreA 159 2976 59723 26.2562
coreA 160 2928 58515 26.2361
coreA 161 2940 57331 26.2236
coreA 162 2905 56186 26.3356
coreA 163 2900 55055 26.2306
coreA 164 2843 53973 26.23
coreA 165 2879 52777 26.206
coreA 166 2810 51665 26.1716
coreA 167 2782 50525 26.1971
coreA 168 2810 49417 26.1513
coreA 169 2786 48298 26.1055
coreA 170 2746 47212 26.1044
coreA 171 2723 46127 26.0781
coreA 172 2729 45069 26.0917
coreA 173 2700 44046 26.0771
coreA 174 2655 43046 26.0374
coreA 175 2654 42055 26.0065
coreA 176 2631 41072 26.0263
coreA 177 2578 40067 26.0137
coreA 178 2571 39085 25.9653
coreA 179 2557 38150 25.9439
coreA 180 2545 37308 26.0093
coreA 181 2506 36368 25.9939
coreA 182 2502 35529 25.9609
coreA 183 2438 34670 25.9855
coreA 184 2446 33858 25.916
coreA 185 2420 32962 25.9625
coreA 186 2417 32095 25.8718
coreA 187 2373 31285 25.9402
coreA 188 2363 30529 25.8561
coreA 189 2337 29723 25.8633
coreA 190 2340 28957 25.8698
coreA 191 2307 28217 19.4645
coreA 192 2280 27500 37.0995
coreB 1 636 1585 10.1997
coreB 2 1210 1131 24.6037
coreB 3 1334 1067 23.8992
coreB 4 1345 1022 23.9648
coreB 5 1417 965 23.8573
coreB 6 1404 914 23.7432
coreB 7 1413 884 23.949
coreB 8 1414 864 23.7223
coreB 9 1417 843 23.7579
coreB 10 1427 828 23.5667
coreB 11 1443 800 23.8685
coreB 12 1444 745 23.5685
coreB 13 1425 666 23.9191
coreB 14 1417 599 23.858
coreB 15 1432 568 23.7337
coreB 16 1412 551 23.5714
coreB 17 1405 529 24.0798
coreB 18 1361 513 23.952
coreB 19 1315 500 23.7614
coreB 20 1337 484 23.7719
coreB 21 1326 468 24.222
coreB 22 1346 456 24.1939
coreB 23 1303 441 24.1045
coreB 24 1332 410 24.128
coreB 25 1299 386 24.5756
coreB 26 1306 373 24.5889
coreB 27 1282 360 24.5502
coreB 28 1275 346 24.4523
coreB 29 1300 331 24.2679
coreB 30 1289 317 24.2118
coreB 31 1303 314 24.2872
coreB 32 1277 312 23.5108
coreB 33 1269 310 23.8828
coreB 34 1232 309 23.9491
coreB 35 1250 307 23.6815
coreB 36 1237 306 23.7888
coreB 37 1278 304 23.1197
coreB 38 1233 302 23.1837
coreB 39 1280 301 23.5123
coreB 40 1274 299 23.0093
coreB 41 1233 298 23.0748
coreB 42 1212 297 22.9334
coreB 43 1244 295 23.007
coreB 44 1211 293 23.7284
coreB 45 1208 292 23.1747
coreB 46 1248 290 23.1371
coreB 47 1209 289 23.3392
coreB 48 1260 288 23.1077
coreB 49 1245 287 22.7042
coreB 50 1223 286 22.9973
coreB 51 1243 285 23.3854
coreB 52 1208 284 22.9527
coreB 53 1211 282 22.6806
coreB 54 1188 280 23.0526
coreB 55 1203 279 23.1345
coreB 56 1196 277 23.201
coreB 57 1204 276 23.1902
coreB 58 1181 275 22.9175
coreB 59 1201 273 23.2303
coreB 60 1138 272 22.844
coreB 61 1192 270 23.2345
coreB 62 1165 269 22.9555
coreB 63 1154 268 23.9207
coreB 64 1184 267 23.4811
coreB 65 1187 265 23.5529
coreB 66 1168 264 24.4638
coreB 67 1161 263 23.4613
coreB 68 1159 262 23.5488
coreB 69 1192 261 23.269
coreB 70 1154 259 23.6714
coreB 71 1149 258 23.1353
coreB 72 1142 257 23.7633
coreB 73 1127 255 23.4042
coreB 74 1111 254 23.5842
coreB 75 1139 253 23.4175
coreB 76 1155 252 23.5701
coreB 77 1129 251 23.5351
coreB 78 1104 250 23.8978
coreB 79 1108 248 23.0953
coreB 80 1096 248 23.0599
coreB 81 1134 247 23.545
coreB 82 1094 246 23.3203
coreB 83 1125 245 23.1146
coreB 84 1091 244 23.5764
coreB 85 1105 243 23.7522
coreB 86 1079 242 23.3695
coreB 87 1094 241 23.7604
coreB 88 1102 240 23.2185
coreB 89 1062 240 23.5869
coreB 90 1085 239 23.7396
coreB 91 1112 238 23.4696
coreB 92 1059 238 23.8425
coreB 93 1090 237 23.5486
coreB 94 1093 236 23.8632
coreB 95 1066 236 23.7322
coreB 96 1059 235 23.5404
coreB 97 1053 234 23.1844
coreB 98 1045 234 23.4815
coreB 99 1069 233 23.4493
coreB 100 1058 232 23.1921
coreB 101 1059 231 23.4019
coreB 102 1044 231 23.6263
coreB 103 1016 230 23.2767
coreB 104 1045 230 23.6429
coreB 105 1052 229 23.6481
coreB 106 1019 228 23.5756
coreB 107 1016 228 23.6162
coreB 108 1032 227 23.5982
coreB 109 1040 226 23.3479
coreB 110 1037 226 23.6716
coreB 111 1032 225 23.8828
coreB 112 992 225 23.8423
coreB 113 1033 225 23.8234
coreB 114 1033 224 23.4639
coreB 115 1029 223 24.4779
coreB 116 1042 223 23.883
coreB 117 1004 222 24.1179
coreB 118 1038 222 24.1746
coreB 119 1001 221 24.5605
coreB 120 1003 221 24.673
coreB 121 987 220 24.0629
coreB 122 994 219 24.0945
coreB 123 985 219 24.3901
coreB 124 1008 219 23.9159
coreB 125 1016 218 24.3211
coreB 126 975 218 23.8943
coreB 127 1014 217 24.4207
coreB 128 980 217 23.8227
coreB 129 992 216 24.0009
coreB 130 975 216 24.4867
coreB 131 961 215 24.3554
coreB 132 999 215 24.0224
coreB 133 941 214 24.5699
coreB 134 985 214 23.9826
coreB 135 960 214 24.5297
coreB 136 957 213 24.9442
coreB 137 959 213 23.8631
coreB 138 950 212 23.9478
coreB 139 971 212 23.92
coreB 140 953 212 23.8555
coreB 141 975 211 23.903
coreB 142 966 210 24.6511
coreB 143 937 210 24.5396
coreB 144 933 210 24.4269
coreB 145 939 209 23.815
coreB 146 957 209 24.4965
coreB 147 913 208 23.9256
coreB 148 935 208 23.762
coreB 149 934 208 23.7376
coreB 150 916 207 24.318
coreB 151 932 207 24.3279
coreB 152 943 207 23.902
coreB 153 921 206 24.2926
coreB 154 898 206 23.7163
coreB 155 915 205 23.6677
coreB 156 929 205 23.7147
coreB 157 911 204 23.8928
coreB 158 891 204 23.8591
coreB 159 898 204 24.7145
coreB 160 914 203 23.8291
coreB 161 880 203 23.6513
coreB 162 881 203 24.3768
coreB 163 902 202 23.7251
coreB 164 894 202 23.5987
coreB 165 921 202 23.8697
coreB 166 882 201 24.3792
coreB 167 865 201 23.5316
coreB 168 847 201 23.4736
coreB 169 935 200 23.575
coreB 170 877 200 24.2059
coreB 171 864 200 23.8146
coreB 172 938 199 23.4781
coreB 173 883 199 23.4677
coreB 174 878 199 23.5359
coreB 175 890 199 23.8269
coreB 176 843 198 23.4383
coreB 177 863 198 23.6718
coreB 178 880 198 24.4828
coreB 179 858 197 23.7207
coreB 180 856 197 23.7483
coreB 181 871 197 24.389
coreB 182 859 196 23.6063
coreB 183 845 196 23.6308
coreB 184 833 195 23.8378
coreB 185 821 195 23.666
coreB 186 817 195 23.7093
coreB 187 797 194 23.6526
coreB 188 826 194 23.6561
coreB 189 858 193 24.5969
coreB 190 810 193 23.8654
coreB 191 814 193 23.5612
coreB 192 789 192 23.5645
total 2493.01
coreA 1 4767 345056 1143.05
coreA 2 4767 345056 30.7527
coreA 3 4767 345056 30.9494
coreA 4 4767 345056 31.9986
coreA 5 4767 345056 32.2893
coreA 6 4767 345056 32.1042
coreA 7 4772 345056 31.8524
coreA 8 4767 345053 31.6398
coreA 9 4776 345050 31.5359
coreA 10 4779 345038 31.3105
coreA 11 4771 345016 31.2383
coreA 12 4762 344955 31.1183
coreA 13 4766 344855 31.0124
coreA 14 4747 344723 30.8992
coreA 15 4777 344541 30.7972
coreA 16 4765 344237 30.7734
coreA 17 4760 343823 30.7175
coreA 18 4770 343102 30.5793
coreA 19 4777 341701 30.4259
coreA 20 4736 339736 30.3165
coreA 21 4743 337030 30.1931
coreA 22 4752 333708 30.0721
coreA 23 4743 329976 29.9099
coreA 24 4748 326085 29.8565
coreA 25 4751 322531 29.913
coreA 26 4726 319291 29.8235
coreA 27 4745 316670 29.7206
coreA 28 4697 314488 29.6563
coreA 29 4720 312440 29.5966
coreA 30 4709 310364 29.8569
coreA 31 4711 308463 29.7252
coreA 32 4699 306372 29.6444
coreA 33 4711 304178 29.5402
coreA 34 4652 301959 29.4032
coreA 35 4645 299639 29.043
coreA 36 4692 297315 29.1591
coreA 37 4700 294867 29.2072
coreA 38 4676 292396 29.1159
coreA 39 4654 289945 29.0614
coreA 40 4629 287281 29.0034
coreA 41 4617 284739 28.8899
coreA 42 4602 282162 28.8915
coreA 43 4592 279591 28.8231
coreA 44 4595 277160 28.7562
coreA 45 4587 274809 28.6711
coreA 46 4570 272426 28.6443
coreA 47 4591 269966 28.7057
coreA 48 4567 267504 28.5661
coreA 49 4570 265104 28.4279
coreA 50 4525 262520 28.4751
coreA 51 4543 260032 28.5267
coreA 52 4535 257503 28.4527
coreA 53 4510 255118 28.3484
coreA 54 4498 252661 28.2592
coreA 55 4487 250166 28.2016
coreA 56 4452 247656 28.1506
coreA 57 4476 245114 28.2025
coreA 58 4431 242492 28.0136
coreA 59 4433 239817 28.0004
coreA 60 4400 237137 28.0796
coreA 61 4380 234377 27.9982
coreA 62 4372 231596 27.8581
coreA 63 4387 228878 27.6668
coreA 64 4376 225958 27.5866
coreA 65 4356 223092 27.5876
coreA 66 4282 220288 27.478
coreA 67 4311 217544 27.4616
coreA 68 4283 214909 27.3696
coreA 69 4299 212278 27.2974
coreA 70 4273 209683 27.2656
coreA 71 4276 207182 27.2382
coreA 72 4256 204618 27.6969
coreA 73 4230 202057 27.6591
coreA 74 4206 199629 27.5748
coreA 75 4205 197208 27.5824
coreA 76 4196 194827 27.526
coreA 77 4187 192475 27.4293
coreA 78 4166 190133 27.3973
coreA 79 4137 187897 27.3194
coreA 80 4121 185729 27.3524
coreA 81 4141 183573 27.307
coreA 82 4137 181391 27.2852
coreA 83 4097 179284 27.2428
coreA 84 4061 177210 27.2233
coreA 85 4131 175227 27.1973
coreA 86 4090 173134 27.1004
coreA 87 4049 170984 27.0186
coreA 88 4046 169008 26.9535
coreA 89 4008 167082 26.9473
coreA 90 4014 165119 26.8692
coreA 91 3987 163106 26.8938
coreA 92 4006 161075 26.8507
coreA 93 3978 158971 26.8564
coreA 94 3966 157028 26.7999
coreA 95 3939 155107 26.7564
coreA 96 3889 153193 26.728
coreA 97 3920 151335 26.7468
coreA 98 3918 149506 26.7044
coreA 99 3901 147695 26.6634
coreA 100 3874 145878 321.453
coreA 101 3872 144198 26.5481
coreA 102 3855 142388 26.4806
coreA 103 3852 140644 26.5001
coreA 104 3813 138907 26.4902
coreA 105 3812 137136 26.4696
coreA 106 3801 135363 26.5207
coreA 107 3778 133611 26.4972
coreA 108 3742 131945 26.4714
coreA 109 3722 130293 26.4308
coreA 110 3741 128674 26.3915
coreA 111 3698 127084 26.3107
coreA 112 3718 125471 26.3257
coreA 113 3701 123862 26.3144
coreA 114 3714 122305 26.3134
coreA 115 3665 120748 26.2652
coreA 116 3641 119175 26.2564
coreA 117 3643 117634 27.2328
coreA 118 3641 116083 26.1931
coreA 119 3654 114539 27.1326
coreA 120 3590 113047 27.1054
coreA 121 3573 111456 27.0808
coreA 122 3580 109937 27.0642
coreA 123 3548 108435 27.0515
coreA 124 3553 106872 27.0288
coreA 125 3514 105391 26.9813
coreA 126 3541 103909 26.9392
coreA 127 3489 102479 26.9572
coreA 128 3486 101007 26.957
coreA 129 3480 99545 26.9002
coreA 130 3431 98089 26.8868
coreA 131 3439 96637 26.8483
coreA 132 3404 95229 26.7921
coreA 133 3386 93737 26.7482
coreA 134 3382 92297 26.7504
coreA 135 3386 90876 26.7661
coreA 136 3333 89500 26.7293
coreA 137 3341 88133 26.732
coreA 138 3315 86818 26.7276
coreA 139 3318 85429 26.693
coreA 140 3266 84155 26.6895
coreA 141 3273 82744 26.6865
coreA 142 3273 81384 26.6177
coreA 143 3221 80017 26.6073
coreA 144 3234 78655 26.6238
coreA 145 3203 77268 26.6401
coreA 146 3197 75952 26.5806
coreA 147 3184 74676 26.5637
coreA 148 3155 73375 26.5003
coreA 149 3134 72054 26.4462
coreA 150 3113 70792 26.4608
coreA 151 3100 69486 26.4076
coreA 152 3086 68200 26.4208
coreA 153 3084 66953 26.2253
coreA 154 3070 65692 26.2378
coreA 155 3089 64511 26.2665
coreA 156 3030 63297 26.4622
coreA 157 3009 62080 26.1762
coreA 158 2991 60892 26.1937
coreA 159 2976 59723 26.1939
coreA 160 2928 58515 26.1746
coreA 161 2940 57331 26.1396
coreA 162 2905 56186 26.136
coreA 163 2900 55055 26.1182
coreA 164 2843 53973 26.1585
coreA 165 2879 52777 26.0931
coreA 166 2810 51665 26.0826
coreA 167 2782 50525 24.8774
coreA 168 2810 49417 26.0335
coreA 169 2786 48298 26.0765
coreA 170 2746 47212 26.0008
coreA 171 2723 46127 26.0199
coreA 172 2729 45069 24.8758
coreA 173 2700 44046 26.0849
coreA 174 2655 43046 26.086
coreA 175 2654 42055 26.0682
coreA 176 2631 41072 24.7285
coreA 177 2578 40067 26.0094
coreA 178 2571 39085 25.9586
coreA 179 2557 38150 25.9554
coreA 180 2545 37308 26.0106
coreA 181 2506 36368 26.016
coreA 182 2502 35529 25.9231
coreA 183 2438 34670 26.0052
coreA 184 2446 33858 25.9
coreA 185 2420 32962 25.9829
coreA 186 2417 32095 25.8195
coreA 187 2373 31285 25.8298
coreA 188 2363 30529 25.7791
coreA 189 2337 29723 142.73
coreA 190 2340 28957 25.9192
coreA 191 2307 28217 25.8979
coreA 192 2280 27500 25.8828
coreB 1 636 1585 9.39538
coreB 2 1210 1131 23.6385
coreB 3 1334 1067 23.574
coreB 4 1345 1022 23.6776
coreB 5 1417 965 23.6624
coreB 6 1404 914 23.758
coreB 7 1413 884 23.8287
coreB 8 1414 864 23.7579
coreB 9 1417 843 23.6286
coreB 10 1427 828 23.6279
coreB 11 1443 800 23.6504
coreB 12 1444 745 23.6143
coreB 13 1425 666 23.8434
coreB 14 1417 599 23.9055
coreB 15 1432 568 23.6074
coreB 16 1412 551 23.664
coreB 17 1405 529 23.9426
coreB 18 1361 513 23.8148
coreB 19 1315 500 23.6241
coreB 20 1337 484 23.6571
coreB 21 1326 468 23.9796
coreB 22 1346 456 24.0305
coreB 23 1303 441 23.9338
coreB 24 1332 410 24.0252
coreB 25 1299 386 24.6242
coreB 26 1306 373 24.5506
coreB 27 1282 360 24.7358
coreB 28 1275 346 24.4652
coreB 29 1300 331 24.2959
coreB 30 1289 317 24.3403
coreB 31 1303 314 24.3247
coreB 32 1277 312 23.5556
coreB 33 1269 310 24.0294
coreB 34 1232 309 23.8662
coreB 35 1250 307 23.9142
coreB 36 1237 306 23.8673
coreB 37 1278 304 23.3298
coreB 38 1233 302 23.3665
coreB 39 1280 301 23.3062
coreB 40 1274 299 23.1706
coreB 41 1233 298 23.2437
coreB 42 1212 297 23.182
coreB 43 1244 295 23.0853
coreB 44 1211 293 23.5319
coreB 45 1208 292 23.0459
coreB 46 1248 290 23.1799
coreB 47 1209 289 23.4734
coreB 48 1260 288 22.843
coreB 49 1245 287 12.0315
coreB 50 1223 286 23.222
coreB 51 1243 285 22.8437
coreB 52 1208 284 22.8337
coreB 53 1211 282 22.598
coreB 54 1188 280 22.8518
coreB 55 1203 279 22.8698
coreB 56 1196 277 22.9636
coreB 57 1204 276 22.7595
coreB 58 1181 275 22.7609
coreB 59 1201 273 22.9409
coreB 60 1138 272 22.5814
coreB 61 1192 270 22.9177
coreB 62 1165 269 19.1828
coreB 63 1154 268 23.4509
coreB 64 1184 267 23.3227
coreB 65 1187 265 23.5585
coreB 66 1168 264 24.1156
coreB 67 1161 263 23.6222
coreB 68 1159 262 23.6695
coreB 69 1192 261 23.1326
coreB 70 1154 259 23.3249
coreB 71 1149 258 22.9911
coreB 72 1142 257 23.2005
coreB 73 1127 255 23.2414
coreB 74 1111 254 23.1959
coreB 75 1139 253 23.1818
coreB 76 1155 252 23.1123
coreB 77 1129 251 23.1396
coreB 78 1104 250 23.4792
coreB 79 1108 248 22.7488
coreB 80 1096 248 22.6888
coreB 81 1134 247 22.9914
coreB 82 1094 246 23.0232
coreB 83 1125 245 22.6736
coreB 84 1091 244 23.1866
coreB 85 1105 243 23.0403
coreB 86 1079 242 22.9894
coreB 87 1094 241 23.1856
coreB 88 1102 240 22.9038
coreB 89 1062 240 23.2658
coreB 90 1085 239 23.1246
coreB 91 1112 238 23.177
coreB 92 1059 238 23.6141
coreB 93 1090 237 23.3582
coreB 94 1093 236 23.6225
coreB 95 1066 236 23.3449
coreB 96 1059 235 23.305
coreB 97 1053 234 22.9476
coreB 98 1045 234 23.3734
coreB 99 1069 233 23.3172
coreB 100 1058 232 23.0353
coreB 101 1059 231 23.0236
coreB 102 1044 231 23.2833
coreB 103 1016 230 22.9651
coreB 104 1045 230 23.3565
coreB 105 1052 229 23.3007
coreB 106 1019 228 22.9609
coreB 107 1016 228 23.237
coreB 108 1032 227 23.1418
coreB 109 1040 226 22.7811
coreB 110 1037 226 23.3202
coreB 111 1032 225 23.6656
coreB 112 992 225 23.7353
coreB 113 1033 225 23.7156
coreB 114 1033 224 23.4395
coreB 115 1029 223 24.3323
coreB 116 1042 223 23.6335
coreB 117 1004 222 23.5877
coreB 118 1038 222 23.6688
coreB 119 1001 221 23.84
coreB 120 1003 221 24.099
coreB 121 987 220 23.4923
coreB 122 994 219 23.5037
coreB 123 985 219 23.505
coreB 124 1008 219 23.4333
coreB 125 1016 218 23.7979
coreB 126 975 218 23.4876
coreB 127 1014 217 23.6657
coreB 128 980 217 23.5589
coreB 129 992 216 23.578
coreB 130 975 216 24.2089
coreB 131 961 215 23.9372
coreB 132 999 215 23.6132
coreB 133 941 214 24.2663
coreB 134 985 214 23.6365
coreB 135 960 214 24.2652
coreB 136 957 213 24.2552
coreB 137 959 213 23.5085
coreB 138 950 212 23.6694
coreB 139 971 212 23.6992
coreB 140 953 212 23.6566
coreB 141 975 211 23.611
coreB 142 966 210 24.2717
coreB 143 937 210 24.259
coreB 144 933 210 24.2861
coreB 145 939 209 23.6074
coreB 146 957 209 24.2862
coreB 147 913 208 23.5723
coreB 148 935 208 23.6189
coreB 149 934 208 23.6463
coreB 150 916 207 24.2646
coreB 151 932 207 24.2292
coreB 152 943 207 23.4335
coreB 153 921 206 24.1416
coreB 154 898 206 23.6008
coreB 155 915 205 23.581
coreB 156 929 205 22.5735
coreB 157 911 204 23.7094
coreB 158 891 204 23.7646
coreB 159 898 204 24.5051
coreB 160 914 203 23.8103
coreB 161 880 203 23.7299
coreB 162 881 203 24.3059
coreB 163 902 202 23.7653
coreB 164 894 202 23.6171
coreB 165 921 202 23.542
coreB 166 882 201 24.1315
coreB 167 865 201 23.4421
coreB 168 847 201 23.5334
coreB 169 935 200 23.6198
coreB 170 877 200 24.1484
coreB 171 864 200 23.4629
coreB 172 938 199 23.4912
coreB 173 883 199 23.4347
coreB 174 878 199 23.4704
coreB 175 890 199 23.8404
coreB 176 843 198 23.4758
coreB 177 863 198 23.3926
coreB 178 880 198 23.8034
coreB 179 858 197 23.4003
coreB 180 856 197 23.4509
coreB 181 871 197 23.9636
coreB 182 859 196 23.4624
coreB 183 845 196 23.2787
coreB 184 833 195 23.1863
coreB 185 821 195 23.2303
coreB 186 817 195 23.1924
coreB 187 797 194 23.1291
coreB 188 826 194 23.174
coreB 189 858 193 24.0393
coreB 190 810 193 23.2128
coreB 191 814 193 23.1438
coreB 192 789 192 23.3385
total 2478.34
coreA 1 4767 345056 31.8521
coreA 2 4767 345056 30.9247
coreA 3 4767 345056 31.1582
coreA 4 4767 345056 32.2946
coreA 5 4767 345056 32.4312
coreA 6 4767 345056 32.2703
coreA 7 4772 345056 32.1726
coreA 8 4767 345053 31.8218
coreA 9 4776 345050 31.6711
coreA 10 4779 345038 31.5293
coreA 11 4771 345016 31.5695
coreA 12 4762 344955 31.3326
coreA 13 4766 344855 31.188
coreA 14 4747 344723 31.1156
coreA 15 4777 344541 31.0339
coreA 16 4765 344237 30.9484
coreA 17 4760 343823 30.815
coreA 18 4770 343102 30.5618
coreA 19 4777 341701 30.4188
coreA 20 4736 339736 30.3462
coreA 21 4743 337030 30.2181
coreA 22 4752 333708 30.0472
coreA 23 4743 329976 30.0434
coreA 24 4748 326085 29.9934
coreA 25 4751 322531 29.9036
coreA 26 4726 319291 29.8324
coreA 27 4745 316670 29.8919
coreA 28 4697 314488 29.8162
coreA 29 4720 312440 29.6575
coreA 30 4709 310364 29.7361
coreA 31 4711 308463 29.6143
coreA 32 4699 306372 29.454
coreA 33 4711 304178 29.2892
coreA 34 4652 301959 29.2027
coreA 35 4645 299639 29.1077
coreA 36 4692 297315 28.9694
coreA 37 4700 294867 29.0361
coreA 38 4676 292396 29.0607
coreA 39 4654 289945 28.9875
coreA 40 4629 287281 28.9133
coreA 41 4617 284739 28.7188
coreA 42 4602 282162 28.7084
coreA 43 4592 279591 28.6265
coreA 44 4595 277160 28.5513
coreA 45 4587 274809 28.5781
coreA 46 4570 272426 28.4333
coreA 47 4591 269966 28.3616
coreA 48 4567 267504 28.3413
coreA 49 4570 265104 28.2344
coreA 50 4525 262520 28.1368
coreA 51 4543 260032 28.3148
coreA 52 4535 257503 28.2687
coreA 53 4510 255118 28.2209
coreA 54 4498 252661 28.3989
coreA 55 4487 250166 28.1405
coreA 56 4452 247656 28.1349
coreA 57 4476 245114 28.0618
coreA 58 4431 242492 28.1808
coreA 59 4433 239817 28.0501
coreA 60 4400 237137 27.8756
coreA 61 4380 234377 27.8034
coreA 62 4372 231596 27.7436
coreA 63 4387 228878 27.7043
coreA 64 4376 225958 27.5985
coreA 65 4356 223092 27.5553
coreA 66 4282 220288 27.5119
coreA 67 4311 217544 27.5372
coreA 68 4283 214909 27.5528
coreA 69 4299 212278 27.3299
coreA 70 4273 209683 27.275
coreA 71 4276 207182 27.2318
coreA 72 4256 204618 27.801
coreA 73 4230 202057 27.6775
coreA 74 4206 199629 27.5969
coreA 75 4205 197208 27.6853
coreA 76 4196 194827 27.5295
coreA 77 4187 192475 27.484
coreA 78 4166 190133 27.3905
coreA 79 4137 187897 27.345
coreA 80 4121 185729 27.3537
coreA 81 4141 183573 27.49
coreA 82 4137 181391 27.2913
coreA 83 4097 179284 27.2134
coreA 84 4061 177210 27.5425
coreA 85 4131 175227 27.0466
coreA 86 4090 173134 26.9829
coreA 87 4049 170984 27.1766
coreA 88 4046 169008 20.7608
coreA 89 4008 167082 20.7137
coreA 90 4014 165119 26.8325
coreA 91 3987 163106 26.7903
coreA 92 4006 161075 26.7563
coreA 93 3978 158971 26.7254
coreA 94 3966 157028 26.7177
coreA 95 3939 155107 26.7588
coreA 96 3889 153193 26.938
coreA 97 3920 151335 26.9571
coreA 98 3918 149506 26.8482
coreA 99 3901 147695 26.7794
coreA 100 3874 145878 26.8295
coreA 101 3872 144198 26.6864
coreA 102 3855 142388 26.6256
coreA 103 3852 140644 26.6011
coreA 104 3813 138907 26.6089
coreA 105 3812 137136 26.5145
coreA 106 3801 135363 26.4402
coreA 107 3778 133611 26.4656
coreA 108 3742 131945 26.4926
coreA 109 3722 130293 45.8125
coreA 110 3741 128674 26.2525
coreA 111 3698 127084 26.2032
coreA 112 3718 125471 26.2039
coreA 113 3701 123862 26.17
coreA 114 3714 122305 26.1504
coreA 115 3665 120748 26.1579
coreA 116 3641 119175 26.0862
coreA 117 3643 117634 27.0184
coreA 118 3641 116083 26.0338
coreA 119 3654 114539 27.0291
coreA 120 3590 113047 27.0143
coreA 121 3573 111456 26.9476
coreA 122 3580 109937 26.9179
coreA 123 3548 108435 26.8875
coreA 124 3553 106872 26.8782
coreA 125 3514 105391 26.8278
coreA 126 3541 103909 26.8176
coreA 127 3489 102479 26.7841
coreA 128 3486 101007 26.8132
coreA 129 3480 99545 26.8117
coreA 130 3431 98089 26.8098
coreA 131 3439 96637 26.7715
coreA 132 3404 95229 26.7415
coreA 133 3386 93737 26.6708
coreA 134 3382 92297 26.7051
coreA 135 3386 90876 26.6972
coreA 136 3333 89500 26.6314
coreA 137 3341 88133 26.6821
coreA 138 3315 86818 26.6075
coreA 139 3318 85429 26.6007
coreA 140 3266 84155 26.5749
coreA 141 3273 82744 26.5896
coreA 142 3273 81384 26.5189
coreA 143 3221 80017 26.4975
coreA 144 3234 78655 26.4333
coreA 145 3203 77268 26.3987
coreA 146 3197 75952 26.3755
coreA 147 3184 74676 26.3696
coreA 148 3155 73375 26.3005
coreA 149 3134 72054 26.2712
coreA 150 3113 70792 26.2865
coreA 151 3100 69486 26.3946
coreA 152 3086 68200 26.4573
coreA 153 3084 66953 26.4585
coreA 154 3070 65692 26.5102
coreA 155 3089 64511 26.3967
coreA 156 3030 63297 26.3998
coreA 157 3009 62080 26.3187
coreA 158 2991 60892 26.3688
coreA 159 2976 59723 26.2603
coreA 160 2928 58515 26.2543
coreA 161 2940 57331 26.2303
coreA 162 2905 56186 26.2466
coreA 163 2900 55055 26.193
coreA 164 2843 53973 26.1509
coreA 165 2879 52777 26.1312
coreA 166 2810 51665 26.1324
coreA 167 2782 50525 26.1888
coreA 168 2810 49417 26.1013
coreA 169 2786 48298 26.0749
coreA 170 2746 47212 26.0715
coreA 171 2723 46127 26.0764
coreA 172 2729 45069 26.104
coreA 173 2700 44046 26.0678
coreA 174 2655 43046 26.0631
coreA 175 2654 42055 26.0729
coreA 176 2631 41072 26.0182
coreA 177 2578 40067 26.0881
coreA 178 2571 39085 26.0749
coreA 179 2557 38150 26.0996
coreA 180 2545 37308 26.1212
coreA 181 2506 36368 26.0832
coreA 182 2502 35529 26.0899
coreA 183 2438 34670 26.0996
coreA 184 2446 33858 26.0088
coreA 185 2420 32962 25.9599
coreA 186 2417 32095 25.8773
coreA 187 2373 31285 25.9112
coreA 188 2363 30529 25.8585
coreA 189 2337 29723 25.8842
coreA 190 2340 28957 25.9149
coreA 191 2307 28217 25.8732
coreA 192 2280 27500 25.8901
coreB 1 636 1585 9.38703
coreB 2 1210 1131 23.5041
coreB 3 1334 1067 23.5753
coreB 4 1345 1022 23.69
coreB 5 1417 965 23.6203
coreB 6 1404 914 23.7049
coreB 7 1413 884 23.9073
coreB 8 1414 864 23.7622
coreB 9 1417 843 23.6257
coreB 10 1427 828 23.5772
coreB 11 1443 800 23.6952
coreB 12 1444 745 23.5767
coreB 13 1425 666 23.896
coreB 14 1417 599 23.9033
coreB 15 1432 568 23.5295
coreB 16 1412 551 23.6273
coreB 17 1405 529 23.9733
coreB 18 1361 513 23.8681
coreB 19 1315 500 23.6339
coreB 20 1337 484 23.6689
coreB 21 1326 468 23.973
coreB 22 1346 456 24.1033
coreB 23 1303 441 23.9558
coreB 24 1332 410 24.0612
coreB 25 1299 386 24.5961
coreB 26 1306 373 24.5212
coreB 27 1282 360 24.6015
coreB 28 1275 346 24.4343
coreB 29 1300 331 24.2196
coreB 30 1289 317 24.3275
coreB 31 1303 314 24.2752
coreB 32 1277 312 23.4766
coreB 33 1269 310 23.9593
coreB 34 1232 309 23.8638
coreB 35 1250 307 23.8517
coreB 36 1237 306 23.8436
coreB 37 1278 304 23.1908
coreB 38 1233 302 23.2132
coreB 39 1280 301 23.2005
coreB 40 1274 299 23.1494
coreB 41 1233 298 23.1579
coreB 42 1212 297 23.0424
coreB 43 1244 295 23.1116
coreB 44 1211 293 23.4479
coreB 45 1208 292 23.0749
coreB 46 1248 290 23.1048
coreB 47 1209 289 23.4172
coreB 48 1260 288 23.2067
coreB 49 1245 287 22.8964
coreB 50 1223 286 23.1136
coreB 51 1243 285 23.1484
coreB 52 1208 284 23.0868
coreB 53 1211 282 22.8058
coreB 54 1188 280 23.1645
coreB 55 1203 279 23.1313
coreB 56 1196 277 23.1476
coreB 57 1204 276 22.9187
coreB 58 1181 275 22.8548
coreB 59 1201 273 23.1759
coreB 60 1138 272 22.7777
coreB 61 1192 270 23.1263
coreB 62 1165 269 22.8811
coreB 63 1154 268 23.2621
coreB 64 1184 267 23.2902
coreB 65 1187 265 23.3862
coreB 66 1168 264 23.8865
coreB 67 1161 263 23.2699
coreB 68 1159 262 23.3596
coreB 69 1192 261 22.9557
coreB 70 1154 259 23.3156
coreB 71 1149 258 23.0514
coreB 72 1142 257 23.3396
coreB 73 1127 255 23.3378
coreB 74 1111 254 23.3725
coreB 75 1139 253 23.3686
coreB 76 1155 252 23.2956
coreB 77 1129 251 23.4442
coreB 78 1104 250 23.7102
coreB 79 1108 248 23.1386
coreB 80 1096 248 23.0653
coreB 81 1134 247 23.3338
coreB 82 1094 246 23.3301
coreB 83 1125 245 23.0433
coreB 84 1091 244 23.6162
coreB 85 1105 243 23.3272
coreB 86 1079 242 23.3284
coreB 87 1094 241 23.2886
coreB 88 1102 240 23.095
coreB 89 1062 240 23.6297
coreB 90 1085 239 23.4295
coreB 91 1112 238 23.5141
coreB 92 1059 238 23.903
coreB 93 1090 237 23.6212
coreB 94 1093 236 23.9671
coreB 95 1066 236 23.651
coreB 96 1059 235 23.4792
coreB 97 1053 234 23.1753
coreB 98 1045 234 23.6125
coreB 99 1069 233 23.553
coreB 100 1058 232 23.3036
coreB 101 1059 231 23.2191
coreB 102 1044 231 23.4983
coreB 103 1016 230 23.1645
coreB 104 1045 230 23.5477
coreB 105 1052 229 23.5704
coreB 106 1019 228 23.2896
coreB 107 1016 228 23.6387
coreB 108 1032 227 23.6533
coreB 109 1040 226 23.2995
coreB 110 1037 226 23.329
coreB 111 1032 225 23.4006
coreB 112 992 225 23.5125
coreB 113 1033 225 23.5047
coreB 114 1033 224 23.1853
coreB 115 1029 223 24.0901
coreB 116 1042 223 23.3572
coreB 117 1004 222 23.5473
coreB 118 1038 222 23.7179
coreB 119 1001 221 23.6514
coreB 120 1003 221 23.8859
coreB 121 987 220 23.3668
coreB 122 994 219 23.3353
coreB 123 985 219 23.3675
coreB 124 1008 219 23.2423
coreB 125 1016 218 23.5838
coreB 126 975 218 23.2503
coreB 127 1014 217 23.2995
coreB 128 980 217 23.2217
coreB 129 992 216 23.3018
coreB 130 975 216 23.8988
coreB 131 961 215 23.5352
coreB 132 999 215 23.3043
coreB 133 941 214 23.8885
coreB 134 985 214 23.2448
coreB 135 960 214 23.8554
coreB 136 957 213 23.8951
coreB 137 959 213 23.1749
coreB 138 950 212 23.2998
coreB 139 971 212 23.4036
coreB 140 953 212 23.2956
coreB 141 975 211 23.2995
coreB 142 966 210 24.0304
coreB 143 937 210 23.8955
coreB 144 933 210 23.8227
coreB 145 939 209 23.2138
coreB 146 957 209 23.9126
coreB 147 913 208 23.1976
coreB 148 935 208 23.2515
coreB 149 934 208 23.3171
coreB 150 916 207 23.9236
coreB 151 932 207 23.9506
coreB 152 943 207 23.3387
coreB 153 921 206 24.0269
coreB 154 898 206 23.3106
coreB 155 915 205 23.1987
coreB 156 929 205 23.3085
coreB 157 911 204 23.7718
coreB 158 891 204 23.8006
coreB 159 898 204 24.5989
coreB 160 914 203 23.8703
coreB 161 880 203 23.6818
coreB 162 881 203 24.3435
coreB 163 902 202 23.7169
coreB 164 894 202 23.4492
coreB 165 921 202 23.5707
coreB 166 882 201 24.1645
coreB 167 865 201 23.4249
coreB 168 847 201 23.4602
coreB 169 935 200 23.5053
coreB 170 877 200 24.066
coreB 171 864 200 23.4635
coreB 172 938 199 23.4642
coreB 173 883 199 23.5397
coreB 174 878 199 23.5573
coreB 175 890 199 23.8938
coreB 176 843 198 23.6139
coreB 177 863 198 23.4831
coreB 178 880 198 23.8946
coreB 179 858 197 23.4995
coreB 180 856 197 23.6015
coreB 181 871 197 24.2904
coreB 182 859 196 23.5855
coreB 183 845 196 23.6568
coreB 184 833 195 23.5669
coreB 185 821 195 23.6602
coreB 186 817 195 23.5942
coreB 187 797 194 23.5486
coreB 188 826 194 23.5645
coreB 189 858 193 24.4474
coreB 190 810 193 23.6841
coreB 191 814 193 23.5834
coreB 192 789 192 23.6294
total 2470.27
