coreA 1 17 17 0.01197
coreA 2 17 17 0.0367482
coreA 3 17 17 0.032388
coreA 4 17 17 0.0314591
coreA 5 17 17 0.0358059
coreA 6 17 17 0.0353909
coreA 7 17 17 0.0354481
coreA 8 17 17 0.032397
coreA 9 17 17 0.0353029
coreA 10 17 17 0.0302849
coreA 11 17 17 0.035301
coreA 12 16 16 0.035825
coreA 13 16 16 0.035661
coreB 1 51 11310 0.0538499
coreB 2 47 8566 0.035923
coreB 3 42 1922 0.0366962
coreB 4 36 1313 0.0369561
coreB 5 33 836 0.0288332
coreB 6 32 517 0.0351672
coreB 7 29 375 0.034955
coreB 8 25 261 0.036165
coreB 9 23 162 0.0360181
coreB 10 20 109 0.031986
coreB 11 16 69 0.0282528
coreB 12 12 39 0.0329642
coreB 13 10 17 0.029336
total 0.101513
coreA 1 17 17 0.0115991
coreA 2 17 17 0.0798018
coreA 3 17 17 0.0301578
coreA 4 17 17 0.0300231
coreA 5 17 17 0.036021
coreA 6 17 17 0.032531
coreA 7 17 17 0.028754
coreA 8 17 17 0.0288882
coreA 9 17 17 0.03126
coreA 10 17 17 0.0343189
coreA 11 17 17 0.0309389
coreA 12 16 16 0.03234
coreA 13 16 16 0.0317569
coreB 1 51 11310 0.047997
coreB 2 47 8566 0.0395901
coreB 3 42 1922 0.0311222
coreB 4 36 1313 0.0366349
coreB 5 33 836 0.0330698
coreB 6 32 517 0.036108
coreB 7 29 375 0.034688
coreB 8 25 261 0.034723
coreB 9 23 162 0.0307772
coreB 10 20 109 0.029768
coreB 11 16 69 0.03438
coreB 12 12 39 0.0391779
coreB 13 10 17 0.0326009
total 0.0992849
coreA 1 17 17 0.0120049
coreA 2 17 17 0.037658
coreA 3 17 17 0.037205
coreA 4 17 17 0.0310621
coreA 5 17 17 0.0313389
coreA 6 17 17 0.0356359
coreA 7 17 17 0.034924
coreA 8 17 17 0.0331419
coreA 9 17 17 0.032172
coreA 10 17 17 0.0335419
coreA 11 17 17 0.037452
coreA 12 16 16 0.037267
coreA 13 16 16 0.0325041
coreB 1 51 11310 0.0532899
coreB 2 47 8566 0.0311971
coreB 3 42 1922 0.0379641
coreB 4 36 1313 0.037535
coreB 5 33 836 0.0342941
coreB 6 32 517 0.0311511
coreB 7 29 375 0.0317731
coreB 8 25 261 0.0356841
coreB 9 23 162 0.0277891
coreB 10 20 109 0.0334771
coreB 11 16 69 0.0274191
coreB 12 12 39 0.032043
coreB 13 10 17 0.032361
total 0.0989861
coreA 1 17 17 0.0117621
coreA 2 17 17 0.0327861
coreA 3 17 17 0.03039
coreA 4 17 17 0.032753
coreA 5 17 17 0.035392
coreA 6 17 17 0.0729609
coreA 7 17 17 0.033412
coreA 8 17 17 0.0329299
coreA 9 17 17 0.0359509
coreA 10 17 17 0.0318289
coreA 11 17 17 0.0324421
coreA 12 16 16 0.0354118
coreA 13 16 16 0.035949
coreB 1 51 11310 0.049484
coreB 2 47 8566 0.036546
coreB 3 42 1922 0.037266
coreB 4 36 1313 0.037761
coreB 5 33 836 0.0345349
coreB 6 32 517 0.0351801
coreB 7 29 375 0.0277591
coreB 8 25 261 0.0317891
coreB 9 23 162 0.0266609
coreB 10 20 109 0.0316398
coreB 11 16 69 0.0275359
coreB 12 12 39 0.0319529
coreB 13 10 17 0.0310779
total 0.0949721
coreA 1 17 17 0.011728
coreA 2 17 17 0.0337348
coreA 3 17 17 0.0337811
coreA 4 17 17 0.0362139
coreA 5 17 17 0.0398099
coreA 6 17 17 0.03983
coreA 7 17 17 0.0338278
coreA 8 17 17 0.0318139
coreA 9 17 17 0.0333319
coreA 10 17 17 0.0319641
coreA 11 17 17 0.033366
coreA 12 16 16 0.0333428
coreA 13 16 16 0.0331731
coreB 1 51 11310 0.0560591
coreB 2 47 8566 0.032155
coreB 3 42 1922 0.0327959
coreB 4 36 1313 0.034523
coreB 5 33 836 0.036453
coreB 6 32 517 0.03614
coreB 7 29 375 0.030808
coreB 8 25 261 0.0330789
coreB 9 23 162 0.030298
coreB 10 20 109 0.03297
coreB 11 16 69 0.027617
coreB 12 12 39 0.0287468
coreB 13 10 17 0.0277019
total 0.100488
coreA 1 17 17 0.0120821
coreA 2 17 17 0.0322301
coreA 3 17 17 0.03229
coreA 4 17 17 0.032124
coreA 5 17 17 0.0686729
coreA 6 17 17 0.033627
coreA 7 17 17 0.0309329
coreA 8 17 17 0.0309739
coreA 9 17 17 0.0348461
coreA 10 17 17 0.0287318
coreA 11 17 17 0.0333898
coreA 12 16 16 0.033129
coreA 13 16 16 0.0335381
coreB 1 51 11310 0.0497808
coreB 2 47 8566 0.0381129
coreB 3 42 1922 0.038111
coreB 4 36 1313 0.0311232
coreB 5 33 836 0.0347478
coreB 6 32 517 0.031091
coreB 7 29 375 0.0364251
coreB 8 25 261 0.0310841
coreB 9 23 162 0.0274072
coreB 10 20 109 0.0332291
coreB 11 16 69 0.033819
coreB 12 12 39 0.031333
coreB 13 10 17 0.030525
total 0.0960312
coreA 1 17 17 0.0116088
coreA 2 17 17 0.037946
coreA 3 17 17 0.0372009
coreA 4 17 17 0.035502
coreA 5 17 17 0.039304
coreA 6 17 17 0.0301409
coreA 7 17 17 0.033963
coreA 8 17 17 0.0313148
coreA 9 17 17 0.0297489
coreA 10 17 17 0.028656
coreA 11 17 17 0.0319541
coreA 12 16 16 0.0393279
coreA 13 16 16 0.035928
coreB 1 51 11310 0.0552781
coreB 2 47 8566 0.037617
coreB 3 42 1922 0.0399098
coreB 4 36 1313 0.036062
coreB 5 33 836 0.03405
coreB 6 32 517 0.0389469
coreB 7 29 375 0.0387409
coreB 8 25 261 0.0314169
coreB 9 23 162 0.033196
coreB 10 20 109 0.032692
coreB 11 16 69 0.0288439
coreB 12 12 39 0.03491
coreB 13 10 17 0.0283151
total 0.103564
coreA 1 17 17 0.0123219
coreA 2 17 17 0.068629
coreA 3 17 17 0.070729
coreA 4 17 17 0.071347
coreA 5 17 17 0.0712659
coreA 6 17 17 0.0715389
coreA 7 17 17 0.0688062
coreA 8 17 17 0.068764
coreA 9 17 17 0.070226
coreA 10 17 17 0.069804
coreA 11 17 17 0.0656281
coreA 12 16 16 0.0545371
coreA 13 16 16 0.0561042
coreB 1 51 11310 0.0170751
coreB 2 47 8566 0.0373628
coreB 3 42 1922 0.0387721
coreB 4 36 1313 0.027678
coreB 5 33 836 0.034162
coreB 6 32 517 0.0332139
coreB 7 29 375 0.0266621
coreB 8 25 261 0.03213
coreB 9 23 162 0.0342538
coreB 10 20 109 0.0281661
coreB 11 16 69 0.0282629
coreB 12 12 39 0.0415289
coreB 13 10 17 0.0266309
total 0.092272
coreA 1 17 17 0.011591
coreA 2 17 17 0.0334671
coreA 3 17 17 0.0330079
coreA 4 17 17 0.0335321
coreA 5 17 17 0.033855
coreA 6 17 17 0.038779
coreA 7 17 17 0.031229
coreA 8 17 17 0.037801
coreA 9 17 17 0.0336289
coreA 10 17 17 0.03299
coreA 11 17 17 0.0371351
coreA 12 16 16 0.0284431
coreA 13 16 16 0.0377991
coreB 1 51 11310 0.0547729
coreB 2 47 8566 0.038666
coreB 3 42 1922 0.034004
coreB 4 36 1313 0.0331631
coreB 5 33 836 0.0359821
coreB 6 32 517 0.0348651
coreB 7 29 375 0.032212
coreB 8 25 261 0.033833
coreB 9 23 162 0.036973
coreB 10 20 109 0.030304
coreB 11 16 69 0.038661
coreB 12 12 39 0.0379701
coreB 13 10 17 0.026773
total 0.101988
coreA 1 17 17 0.0114672
coreA 2 17 17 0.033498
coreA 3 17 17 0.0347729
coreA 4 17 17 0.0323
coreA 5 17 17 0.0332098
coreA 6 17 17 0.0337272
coreA 7 17 17 0.033736
coreA 8 17 17 0.0321569
coreA 9 17 17 0.033741
coreA 10 17 17 0.0348389
coreA 11 17 17 0.0334959
coreA 12 16 16 0.0322449
coreA 13 16 16 0.034265
coreB 1 51 11310 0.0513461
coreB 2 47 8566 0.0373099
coreB 3 42 1922 0.037447
coreB 4 36 1313 0.0346348
coreB 5 33 836 0.0309629
coreB 6 32 517 0.0257959
coreB 7 29 375 0.0313978
coreB 8 25 261 0.031328
coreB 9 23 162 0.0302389
coreB 10 20 109 0.0300519
coreB 11 16 69 0.0287368
coreB 12 12 39 0.0306089
coreB 13 10 17 0.0319829
total 0.0970659
coreA 1 17 17 0.0117559
coreA 2 17 17 0.0324051
coreA 3 17 17 0.0386281
coreA 4 17 17 0.0333641
coreA 5 17 17 0.0366819
coreA 6 17 17 0.0395598
coreA 7 17 17 0.034348
coreA 8 17 17 0.0324371
coreA 9 17 17 0.03478
coreA 10 17 17 0.036001
coreA 11 17 17 0.0324099
coreA 12 16 16 0.0367229
coreA 13 16 16 0.0296409
coreB 1 51 11310 0.05512
coreB 2 47 8566 0.0302329
coreB 3 42 1922 0.0359831
coreB 4 36 1313 0.037004
coreB 5 33 836 0.032831
coreB 6 32 517 0.031672
coreB 7 29 375 0.036231
coreB 8 25 261 0.033633
coreB 9 23 162 0.03146
coreB 10 20 109 0.035603
coreB 11 16 69 0.0308778
coreB 12 12 39 0.0302579
coreB 13 10 17 0.027432
total 0.102436
coreA 1 17 17 0.0116649
coreA 2 17 17 0.0281811
coreA 3 17 17 0.0298331
coreA 4 17 17 0.0341601
coreA 5 17 17 0.0374029
coreA 6 17 17 0.032783
coreA 7 17 17 0.037621
coreA 8 17 17 0.0382898
coreA 9 17 17 0.031831
coreA 10 17 17 0.0327101
coreA 11 17 17 0.03829
coreA 12 16 16 0.03232
coreA 13 16 16 0.0340941
coreB 1 51 11310 0.0549719
coreB 2 47 8566 0.0360441
coreB 3 42 1922 0.0346811
coreB 4 36 1313 0.0331411
coreB 5 33 836 0.0327411
coreB 6 32 517 0.0331721
coreB 7 29 375 0.0299802
coreB 8 25 261 0.033011
coreB 9 23 162 0.029835
coreB 10 20 109 0.0342691
coreB 11 16 69 0.0286472
coreB 12 12 39 0.0292511
coreB 13 10 17 0.03056
total 0.0990992
coreA 1 17 17 0.0114741
coreA 2 17 17 0.033246
coreA 3 17 17 0.0344729
coreA 4 17 17 0.0335729
coreA 5 17 17 0.0329821
coreA 6 17 17 0.034477
coreA 7 17 17 0.0345049
coreA 8 17 17 0.03038
coreA 9 17 17 0.028903
coreA 10 17 17 0.0342879
coreA 11 17 17 0.0326929
coreA 12 16 16 0.0340619
coreA 13 16 16 0.0342751
coreB 1 51 11310 0.05094
coreB 2 47 8566 0.035975
coreB 3 42 1922 0.0329611
coreB 4 36 1313 0.031353
coreB 5 33 836 0.0287659
coreB 6 32 517 0.0372801
coreB 7 29 375 0.0350082
coreB 8 25 261 0.034941
coreB 9 23 162 0.02722
coreB 10 20 109 0.0283091
coreB 11 16 69 0.0244811
coreB 12 12 39 0.0316322
coreB 13 10 17 0.0365
total 0.0960109
coreA 1 17 17 0.011461
coreA 2 17 17 0.082576
coreA 3 17 17 0.0585711
coreA 4 17 17 0.039084
coreA 5 17 17 0.0675969
coreA 6 17 17 0.040592
coreA 7 17 17 0.061712
coreA 8 17 17 0.0534031
coreA 9 17 17 0.0573549
coreA 10 17 17 0.0827811
coreA 11 17 17 0.0571032
coreA 12 16 16 0.0365701
coreA 13 16 16 0.064162
coreB 1 51 11310 0.026875
coreB 2 47 8566 0.031729
coreB 3 42 1922 0.031357
coreB 4 36 1313 0.038274
coreB 5 33 836 0.0292599
coreB 6 32 517 0.0309629
coreB 7 29 375 0.0276899
coreB 8 25 261 0.0444338
coreB 9 23 162 0.0575011
coreB 10 20 109 0.057261
coreB 11 16 69 0.0273221
coreB 12 12 39 0.028744
coreB 13 10 17 0.0270069
total 0.102431
coreA 1 17 17 0.0115671
coreA 2 17 17 0.0391951
coreA 3 17 17 0.0320981
coreA 4 17 17 0.039228
coreA 5 17 17 0.0335231
coreA 6 17 17 0.0352759
coreA 7 17 17 0.0321162
coreA 8 17 17 0.035289
coreA 9 17 17 0.03529
coreA 10 17 17 0.0340271
coreA 11 17 17 0.0333061
coreA 12 16 16 0.036972
coreA 13 16 16 0.0377011
coreB 1 51 11310 0.053751
coreB 2 47 8566 0.038131
coreB 3 42 1922 0.036963
coreB 4 36 1313 0.035428
coreB 5 33 836 0.0352089
coreB 6 32 517 0.029649
coreB 7 29 375 0.0300019
coreB 8 25 261 0.0355229
coreB 9 23 162 0.02649
coreB 10 20 109 0.0323429
coreB 11 16 69 0.030745
coreB 12 12 39 0.0255799
coreB 13 10 17 0.0295889
total 0.0999959
coreA 1 17 17 0.0115211
coreA 2 17 17 0.0341022
coreA 3 17 17 0.0309498
coreA 4 17 17 0.032553
coreA 5 17 17 0.037678
coreA 6 17 17 0.0356441
coreA 7 17 17 0.0327051
coreA 8 17 17 0.0309482
coreA 9 17 17 0.0347991
coreA 10 17 17 0.0327649
coreA 11 17 17 0.032547
coreA 12 16 16 0.0304918
coreA 13 16 16 0.0349638
coreB 1 51 11310 0.0509508
coreB 2 47 8566 0.0394549
coreB 3 42 1922 0.0402069
coreB 4 36 1313 0.033679
coreB 5 33 836 0.035876
coreB 6 32 517 0.0355191
coreB 7 29 375 0.0311649
coreB 8 25 261 0.0310931
coreB 9 23 162 0.03232
coreB 10 20 109 0.0299621
coreB 11 16 69 0.0298831
coreB 12 12 39 0.0304742
coreB 13 10 17 0.0276251
total 0.0990591
coreA 1 17 17 0.0120258
coreA 2 17 17 0.0332069
coreA 3 17 17 0.0310528
coreA 4 17 17 0.0354199
coreA 5 17 17 0.034095
coreA 6 17 17 0.0331109
coreA 7 17 17 0.0346651
coreA 8 17 17 0.0330782
coreA 9 17 17 0.033725
coreA 10 17 17 0.0307379
coreA 11 17 17 0.030865
coreA 12 16 16 0.0332589
coreA 13 16 16 0.0389509
coreB 1 51 11310 0.054816
coreB 2 47 8566 0.036154
coreB 3 42 1922 0.037617
coreB 4 36 1313 0.036185
coreB 5 33 836 0.0361772
coreB 6 32 517 0.0319159
coreB 7 29 375 0.035543
coreB 8 25 261 0.03058
coreB 9 23 162 0.0353599
coreB 10 20 109 0.030333
coreB 11 16 69 0.0318921
coreB 12 12 39 0.0298719
coreB 13 10 17 0.029927
total 0.100456
coreA 1 17 17 0.011929
coreA 2 17 17 0.0316079
coreA 3 17 17 0.0343099
coreA 4 17 17 0.032774
coreA 5 17 17 0.0335
coreA 6 17 17 0.034343
coreA 7 17 17 0.0339479
coreA 8 17 17 0.030247
coreA 9 17 17 0.034328
coreA 10 17 17 0.03392
coreA 11 17 17 0.028744
coreA 12 16 16 0.0374329
coreA 13 16 16 0.0337799
coreB 1 51 11310 0.053185
coreB 2 47 8566 0.037921
coreB 3 42 1922 0.0362899
coreB 4 36 1313 0.0352809
coreB 5 33 836 0.0274951
coreB 6 32 517 0.031065
coreB 7 29 375 0.0293171
coreB 8 25 261 0.034137
coreB 9 23 162 0.0380838
coreB 10 20 109 0.036094
coreB 11 16 69 0.031291
coreB 12 12 39 0.025718
coreB 13 10 17 0.03245
total 0.0994949
coreA 1 17 17 0.0113649
coreA 2 17 17 0.0372829
coreA 3 17 17 0.0340199
coreA 4 17 17 0.0333679
coreA 5 17 17 0.0330319
coreA 6 17 17 0.0340891
coreA 7 17 17 0.0345199
coreA 8 17 17 0.0299709
coreA 9 17 17 0.0313809
coreA 10 17 17 0.037308
coreA 11 17 17 0.0368302
coreA 12 16 16 0.0296662
coreA 13 16 16 0.0373268
coreB 1 51 11310 0.051126
coreB 2 47 8566 0.031549
coreB 3 42 1922 0.0375831
coreB 4 36 1313 0.0342081
coreB 5 33 836 0.035136
coreB 6 32 517 0.0347869
coreB 7 29 375 0.029577
coreB 8 25 261 0.0316541
coreB 9 23 162 0.028759
coreB 10 20 109 0.0285351
coreB 11 16 69 0.0314908
coreB 12 12 39 0.0310421
coreB 13 10 17 0.028697
total 0.096827
coreA 1 17 17 0.0114772
coreA 2 17 17 0.033464
coreA 3 17 17 0.034682
coreA 4 17 17 0.033514
coreA 5 17 17 0.032372
coreA 6 17 17 0.0328698
coreA 7 17 17 0.030863
coreA 8 17 17 0.0328989
coreA 9 17 17 0.0295851
coreA 10 17 17 0.032897
coreA 11 17 17 0.0351191
coreA 12 16 16 0.034276
coreA 13 16 16 0.035907
coreB 1 51 11310 0.052453
coreB 2 47 8566 0.0327401
coreB 3 42 1922 0.0290432
coreB 4 36 1313 0.034255
coreB 5 33 836 0.031004
coreB 6 32 517 0.0327442
coreB 7 29 375 0.0331678
coreB 8 25 261 0.032223
coreB 9 23 162 0.0329542
coreB 10 20 109 0.031085
coreB 11 16 69 0.0320251
coreB 12 12 39 0.0332971
coreB 13 10 17 0.026824
total 0.09512
