coreA 1 17 17 0.015451
coreA 2 17 17 0.039943
coreA 3 17 17 0.0435951
coreA 4 17 17 0.0400579
coreA 5 17 17 0.0350161
coreA 6 17 17 0.04373
coreA 7 17 17 0.02161
coreA 8 17 17 0.0219481
coreA 9 17 17 0.0427539
coreA 10 17 17 0.0214231
coreA 11 17 17 0.0405691
coreA 12 16 16 0.0407782
coreA 13 16 16 0.0406692
coreB 1 51 11310 0.0962439
coreB 2 47 8566 0.046021
coreB 3 42 1922 0.0440452
coreB 4 36 1313 0.042603
coreB 5 33 836 0.022346
coreB 6 32 517 0.04126
coreB 7 29 375 0.0224271
coreB 8 25 261 0.0406351
coreB 9 23 162 0.0400372
coreB 10 20 109 0.020256
coreB 11 16 69 0.039881
coreB 12 12 39 0.039135
coreB 13 10 17 0.034893
total 0.184654
coreA 1 17 17 0.0145988
coreA 2 17 17 0.039588
coreA 3 17 17 0.0412219
coreA 4 17 17 0.0395858
coreA 5 17 17 0.029489
coreA 6 17 17 0.0412462
coreA 7 17 17 0.041537
coreA 8 17 17 0.0415971
coreA 9 17 17 0.042094
coreA 10 17 17 0.0233819
coreA 11 17 17 0.0235782
coreA 12 16 16 0.040184
coreA 13 16 16 0.0244899
coreB 1 51 11310 0.0888729
coreB 2 47 8566 0.0448339
coreB 3 42 1922 0.073287
coreB 4 36 1313 0.042639
coreB 5 33 836 0.019269
coreB 6 32 517 0.039978
coreB 7 29 375 0.0176091
coreB 8 25 261 0.0361431
coreB 9 23 162 0.0389149
coreB 10 20 109 0.0429161
coreB 11 16 69 0.0390251
coreB 12 12 39 0.0392401
coreB 13 10 17 0.0320921
total 0.17516
coreA 1 17 17 0.0142272
coreA 2 17 17 0.039535
coreA 3 17 17 0.0418019
coreA 4 17 17 0.0396249
coreA 5 17 17 0.0394061
coreA 6 17 17 0.0413609
coreA 7 17 17 0.0417681
coreA 8 17 17 0.077014
coreA 9 17 17 0.0419559
coreA 10 17 17 0.020777
coreA 11 17 17 0.020525
coreA 12 16 16 0.039597
coreA 13 16 16 0.063693
coreB 1 51 11310 0.0965462
coreB 2 47 8566 0.067143
coreB 3 42 1922 0.042979
coreB 4 36 1313 0.0419989
coreB 5 33 836 0.0406229
coreB 6 32 517 0.0398688
coreB 7 29 375 0.0247779
coreB 8 25 261 0.0392768
coreB 9 23 162 0.0389838
coreB 10 20 109 0.0257909
coreB 11 16 69 0.024756
coreB 12 12 39 0.0391171
coreB 13 10 17 0.0244062
total 0.174032
coreA 1 17 17 0.0146351
coreA 2 17 17 0.0396318
coreA 3 17 17 0.0420001
coreA 4 17 17 0.0401118
coreA 5 17 17 0.0179811
coreA 6 17 17 0.0418129
coreA 7 17 17 0.016624
coreA 8 17 17 0.0419779
coreA 9 17 17 0.0418901
coreA 10 17 17 0.0333362
coreA 11 17 17 0.039788
coreA 12 16 16 0.0401051
coreA 13 16 16 0.033066
coreB 1 51 11310 0.092803
coreB 2 47 8566 0.0634961
coreB 3 42 1922 0.064497
coreB 4 36 1313 0.0427179
coreB 5 33 836 0.027674
coreB 6 32 517 0.0399039
coreB 7 29 375 0.0250041
coreB 8 25 261 0.0194049
coreB 9 23 162 0.0389402
coreB 10 20 109 0.0240259
coreB 11 16 69 0.038933
coreB 12 12 39 0.03933
coreB 13 10 17 0.0429599
total 0.170211
coreA 1 17 17 0.0146761
coreA 2 17 17 0.0393689
coreA 3 17 17 0.0908878
coreA 4 17 17 0.0394871
coreA 5 17 17 0.043159
coreA 6 17 17 0.0420239
coreA 7 17 17 0.0414441
coreA 8 17 17 0.0414011
coreA 9 17 17 0.0421841
coreA 10 17 17 0.040051
coreA 11 17 17 0.0393672
coreA 12 16 16 0.0395212
coreA 13 16 16 0.0392089
coreB 1 51 11310 0.0421119
coreB 2 47 8566 0.0452249
coreB 3 42 1922 0.0707922
coreB 4 36 1313 0.041616
coreB 5 33 836 0.049314
coreB 6 32 517 0.039964
coreB 7 29 375 0.039439
coreB 8 25 261 0.0695291
coreB 9 23 162 0.0392709
coreB 10 20 109 0.0323758
coreB 11 16 69 0.030489
coreB 12 12 39 0.030678
coreB 13 10 17 0.029222
total 0.169109
coreA 1 17 17 0.0142748
coreA 2 17 17 0.039938
coreA 3 17 17 0.0261848
coreA 4 17 17 0.0398209
coreA 5 17 17 0.0244479
coreA 6 17 17 0.0421109
coreA 7 17 17 0.028723
coreA 8 17 17 0.0245659
coreA 9 17 17 0.041677
coreA 10 17 17 0.0401261
coreA 11 17 17 0.0402119
coreA 12 16 16 0.0402482
coreA 13 16 16 0.040432
coreB 1 51 11310 0.0857761
coreB 2 47 8566 0.0612071
coreB 3 42 1922 0.020469
coreB 4 36 1313 0.0413311
coreB 5 33 836 0.017652
coreB 6 32 517 0.0576611
coreB 7 29 375 0.0373292
coreB 8 25 261 0.0390818
coreB 9 23 162 0.038897
coreB 10 20 109 0.0363979
coreB 11 16 69 0.038903
coreB 12 12 39 0.0389769
coreB 13 10 17 0.0425689
total 0.173763
coreA 1 17 17 0.0154021
coreA 2 17 17 0.0428619
coreA 3 17 17 0.04989
coreA 4 17 17 0.0428519
coreA 5 17 17 0.0430229
coreA 6 17 17 0.0463378
coreA 7 17 17 0.0407748
coreA 8 17 17 0.045886
coreA 9 17 17 0.0464549
coreA 10 17 17 0.039361
coreA 11 17 17 0.038954
coreA 12 16 16 0.0395288
coreA 13 16 16 0.0548408
coreB 1 51 11310 0.037555
coreB 2 47 8566 0.0467591
coreB 3 42 1922 0.0649569
coreB 4 36 1313 0.032486
coreB 5 33 836 0.029412
coreB 6 32 517 0.0401859
coreB 7 29 375 0.0523641
coreB 8 25 261 0.039046
coreB 9 23 162 0.0392861
coreB 10 20 109 0.0357881
coreB 11 16 69 0.0346251
coreB 12 12 39 0.02985
coreB 13 10 17 0.0335901
total 0.164206
coreA 1 17 17 0.0146761
coreA 2 17 17 0.0654202
coreA 3 17 17 0.065408
coreA 4 17 17 0.0696609
coreA 5 17 17 0.0393801
coreA 6 17 17 0.0696781
coreA 7 17 17 0.0393181
coreA 8 17 17 0.0644209
coreA 9 17 17 0.03599
coreA 10 17 17 0.0372288
coreA 11 17 17 0.0342438
coreA 12 16 16 0.0368311
coreA 13 16 16 0.0327301
coreB 1 51 11310 0.089494
coreB 2 47 8566 0.0452421
coreB 3 42 1922 0.0439548
coreB 4 36 1313 0.042697
coreB 5 33 836 0.04036
coreB 6 32 517 0.039891
coreB 7 29 375 0.0256441
coreB 8 25 261 0.0392828
coreB 9 23 162 0.0389841
coreB 10 20 109 0.0252299
coreB 11 16 69 0.025389
coreB 12 12 39 0.0391989
coreB 13 10 17 0.024018
total 0.166524
coreA 1 17 17 0.014771
coreA 2 17 17 0.0401001
coreA 3 17 17 0.041872
coreA 4 17 17 0.0399871
coreA 5 17 17 0.0289769
coreA 6 17 17 0.0422392
coreA 7 17 17 0.0418499
coreA 8 17 17 0.0419681
coreA 9 17 17 0.041749
coreA 10 17 17 0.023196
coreA 11 17 17 0.0236118
coreA 12 16 16 0.040185
coreA 13 16 16 0.0245659
coreB 1 51 11310 0.0888741
coreB 2 47 8566 0.044961
coreB 3 42 1922 0.026751
coreB 4 36 1313 0.042639
coreB 5 33 836 0.0669761
coreB 6 32 517 0.0401161
coreB 7 29 375 0.0208421
coreB 8 25 261 0.020509
coreB 9 23 162 0.0389979
coreB 10 20 109 0.0334761
coreB 11 16 69 0.0389209
coreB 12 12 39 0.0394671
coreB 13 10 17 0.0428421
total 0.172901
coreA 1 17 17 0.014586
coreA 2 17 17 0.0400851
coreA 3 17 17 0.08094
coreA 4 17 17 0.039928
coreA 5 17 17 0.0990181
coreA 6 17 17 0.0420151
coreA 7 17 17 0.0988362
coreA 8 17 17 0.041831
coreA 9 17 17 0.041888
coreA 10 17 17 0.0866041
coreA 11 17 17 0.038892
coreA 12 16 16 0.039922
coreA 13 16 16 0.039896
coreB 1 51 11310 0.028482
coreB 2 47 8566 0.0449579
coreB 3 42 1922 0.0369601
coreB 4 36 1313 0.0416892
coreB 5 33 836 0.0194459
coreB 6 32 517 0.0388861
coreB 7 29 375 0.0392249
coreB 8 25 261 0.056273
coreB 9 23 162 0.0391049
coreB 10 20 109 0.0554459
coreB 11 16 69 0.038892
coreB 12 12 39 0.038985
coreB 13 10 17 0.0356159
total 0.165176
coreA 1 17 17 0.0144858
coreA 2 17 17 0.039551
coreA 3 17 17 0.043854
coreA 4 17 17 0.0416241
coreA 5 17 17 0.021992
coreA 6 17 17 0.0435359
coreA 7 17 17 0.0447471
coreA 8 17 17 0.0435629
coreA 9 17 17 0.0434711
coreA 10 17 17 0.021224
coreA 11 17 17 0.041451
coreA 12 16 16 0.041621
coreA 13 16 16 0.0210178
coreB 1 51 11310 0.0866332
coreB 2 47 8566 0.0462241
coreB 3 42 1922 0.0403719
coreB 4 36 1313 0.061626
coreB 5 33 836 0.0695279
coreB 6 32 517 0.039964
coreB 7 29 375 0.024353
coreB 8 25 261 0.0204849
coreB 9 23 162 0.0390258
coreB 10 20 109 0.0392869
coreB 11 16 69 0.0346129
coreB 12 12 39 0.0390089
coreB 13 10 17 0.042737
total 0.178318
coreA 1 17 17 0.0138202
coreA 2 17 17 0.0395172
coreA 3 17 17 0.111278
coreA 4 17 17 0.0205719
coreA 5 17 17 0.0207779
coreA 6 17 17 0.0411859
coreA 7 17 17 0.0201969
coreA 8 17 17 0.0411949
coreA 9 17 17 0.041157
coreA 10 17 17 0.039247
coreA 11 17 17 0.0391891
coreA 12 16 16 0.039629
coreA 13 16 16 0.0403788
coreB 1 51 11310 0.0796828
coreB 2 47 8566 0.046684
coreB 3 42 1922 0.0364702
coreB 4 36 1313 0.063488
coreB 5 33 836 0.025589
coreB 6 32 517 0.040134
coreB 7 29 375 0.022434
coreB 8 25 261 0.0192351
coreB 9 23 162 0.0389609
coreB 10 20 109 0.0437
coreB 11 16 69 0.0402188
coreB 12 12 39 0.0390661
coreB 13 10 17 0.043725
total 0.174769
coreA 1 17 17 0.014317
coreA 2 17 17 0.039207
coreA 3 17 17 0.0230129
coreA 4 17 17 0.0190001
coreA 5 17 17 0.0208061
coreA 6 17 17 0.0420041
coreA 7 17 17 0.0424609
coreA 8 17 17 0.04215
coreA 9 17 17 0.0419819
coreA 10 17 17 0.033468
coreA 11 17 17 0.040062
coreA 12 16 16 0.04036
coreA 13 16 16 0.0401568
coreB 1 51 11310 0.0929
coreB 2 47 8566 0.0446451
coreB 3 42 1922 0.043272
coreB 4 36 1313 0.042829
coreB 5 33 836 0.040452
coreB 6 32 517 0.039891
coreB 7 29 375 0.025578
coreB 8 25 261 0.0391378
coreB 9 23 162 0.038877
coreB 10 20 109 0.0263031
coreB 11 16 69 0.025321
coreB 12 12 39 0.038867
coreB 13 10 17 0.0246649
total 0.168677
coreA 1 17 17 0.0144138
coreA 2 17 17 0.0395539
coreA 3 17 17 0.0422781
coreA 4 17 17 0.0401571
coreA 5 17 17 0.0404382
coreA 6 17 17 0.0421381
coreA 7 17 17 0.02193
coreA 8 17 17 0.0210569
coreA 9 17 17 0.0424402
coreA 10 17 17 0.0207019
coreA 11 17 17 0.0401721
coreA 12 16 16 0.0405982
coreA 13 16 16 0.0342751
coreB 1 51 11310 0.093421
coreB 2 47 8566 0.0710869
coreB 3 42 1922 0.0433669
coreB 4 36 1313 0.042629
coreB 5 33 836 0.028342
coreB 6 32 517 0.0399301
coreB 7 29 375 0.024677
coreB 8 25 261 0.03917
coreB 9 23 162 0.0391719
coreB 10 20 109 0.0249
coreB 11 16 69 0.0391631
coreB 12 12 39 0.039304
coreB 13 10 17 0.0233421
total 0.174942
coreA 1 17 17 0.014786
coreA 2 17 17 0.039448
coreA 3 17 17 0.0392029
coreA 4 17 17 0.03929
coreA 5 17 17 0.039969
coreA 6 17 17 0.0414131
coreA 7 17 17 0.042932
coreA 8 17 17 0.0412772
coreA 9 17 17 0.0419199
coreA 10 17 17 0.0396411
coreA 11 17 17 0.0371289
coreA 12 16 16 0.0394151
coreA 13 16 16 0.103623
coreB 1 51 11310 0.0285671
coreB 2 47 8566 0.04548
coreB 3 42 1922 0.0475299
coreB 4 36 1313 0.0388091
coreB 5 33 836 0.0312109
coreB 6 32 517 0.04004
coreB 7 29 375 0.0283461
coreB 8 25 261 0.0453858
coreB 9 23 162 0.0388789
coreB 10 20 109 0.0303602
coreB 11 16 69 0.0610209
coreB 12 12 39 0.039093
coreB 13 10 17 0.0287662
total 0.168907
coreA 1 17 17 0.0150201
coreA 2 17 17 0.0396309
coreA 3 17 17 0.0410399
coreA 4 17 17 0.0395138
coreA 5 17 17 0.038976
coreA 6 17 17 0.041419
coreA 7 17 17 0.0405641
coreA 8 17 17 0.041904
coreA 9 17 17 0.0418758
coreA 10 17 17 0.039253
coreA 11 17 17 0.0345819
coreA 12 16 16 0.0398769
coreA 13 16 16 0.0399511
coreB 1 51 11310 0.0289021
coreB 2 47 8566 0.045033
coreB 3 42 1922 0.046175
coreB 4 36 1313 0.055583
coreB 5 33 836 0.0373478
coreB 6 32 517 0.038729
coreB 7 29 375 0.0353122
coreB 8 25 261 0.033195
coreB 9 23 162 0.0388529
coreB 10 20 109 0.0368659
coreB 11 16 69 0.038909
coreB 12 12 39 0.0391712
coreB 13 10 17 0.0537009
total 0.162642
coreA 1 17 17 0.0148442
coreA 2 17 17 0.0470271
coreA 3 17 17 0.0226269
coreA 4 17 17 0.0451779
coreA 5 17 17 0.044858
coreA 6 17 17 0.0481498
coreA 7 17 17 0.0494061
coreA 8 17 17 0.067915
coreA 9 17 17 0.04967
coreA 10 17 17 0.0446479
coreA 11 17 17 0.044699
coreA 12 16 16 0.080838
coreA 13 16 16 0.0682249
coreB 1 51 11310 0.100707
coreB 2 47 8566 0.0446718
coreB 3 42 1922 0.0258079
coreB 4 36 1313 0.044697
coreB 5 33 836 0.0221431
coreB 6 32 517 0.0408978
coreB 7 29 375 0.021827
coreB 8 25 261 0.0353191
coreB 9 23 162 0.0391548
coreB 10 20 109 0.06622
coreB 11 16 69 0.0394139
coreB 12 12 39 0.039201
coreB 13 10 17 0.042872
total 0.186314
coreA 1 17 17 0.014472
coreA 2 17 17 0.0398099
coreA 3 17 17 0.0418031
coreA 4 17 17 0.0395401
coreA 5 17 17 0.039938
coreA 6 17 17 0.0417659
coreA 7 17 17 0.0412109
coreA 8 17 17 0.089864
coreA 9 17 17 0.0419831
coreA 10 17 17 0.0391328
coreA 11 17 17 0.0371671
coreA 12 16 16 0.0400791
coreA 13 16 16 0.102972
coreB 1 51 11310 0.0283518
coreB 2 47 8566 0.044611
coreB 3 42 1922 0.045779
coreB 4 36 1313 0.0263581
coreB 5 33 836 0.0305169
coreB 6 32 517 0.0401349
coreB 7 29 375 0.032249
coreB 8 25 261 0.032474
coreB 9 23 162 0.0389302
coreB 10 20 109 0.04794
coreB 11 16 69 0.0386941
coreB 12 12 39 0.0389731
coreB 13 10 17 0.030663
total 0.168154
coreA 1 17 17 0.0148551
coreA 2 17 17 0.03985
coreA 3 17 17 0.0424039
coreA 4 17 17 0.040415
coreA 5 17 17 0.0206761
coreA 6 17 17 0.0415351
coreA 7 17 17 0.0871789
coreA 8 17 17 0.0415468
coreA 9 17 17 0.041589
coreA 10 17 17 0.019963
coreA 11 17 17 0.0220079
coreA 12 16 16 0.0403719
coreA 13 16 16 0.0403318
coreB 1 51 11310 0.0813611
coreB 2 47 8566 0.0453479
coreB 3 42 1922 0.038697
coreB 4 36 1313 0.0417681
coreB 5 33 836 0.0283279
coreB 6 32 517 0.0398431
coreB 7 29 375 0.0234709
coreB 8 25 261 0.0211821
coreB 9 23 162 0.03895
coreB 10 20 109 0.0426259
coreB 11 16 69 0.0388749
coreB 12 12 39 0.0395651
coreB 13 10 17 0.0425949
total 0.170386
coreA 1 17 17 0.0157001
coreA 2 17 17 0.0398111
coreA 3 17 17 0.0251181
coreA 4 17 17 0.0278649
coreA 5 17 17 0.0244281
coreA 6 17 17 0.0415599
coreA 7 17 17 0.025378
coreA 8 17 17 0.04251
coreA 9 17 17 0.042191
coreA 10 17 17 0.0395758
coreA 11 17 17 0.039526
coreA 12 16 16 0.0404639
coreA 13 16 16 0.04054
coreB 1 51 11310 0.0870509
coreB 2 47 8566 0.044009
coreB 3 42 1922 0.0428619
coreB 4 36 1313 0.0421338
coreB 5 33 836 0.023036
coreB 6 32 517 0.0399439
coreB 7 29 375 0.0218339
coreB 8 25 261 0.0246582
coreB 9 23 162 0.0388961
coreB 10 20 109 0.0428441
coreB 11 16 69 0.039124
coreB 12 12 39 0.038991
coreB 13 10 17 0.0363541
total 0.17388
