coreA 1 17 17 0.0399981
coreA 2 17 17 0.039294
coreA 3 17 17 0.0408609
coreA 4 17 17 0.0387619
coreA 5 17 17 0.0389259
coreA 6 17 17 0.0408759
coreA 7 17 17 0.040719
coreA 8 17 17 0.040776
coreA 9 17 17 0.0407012
coreA 10 17 17 0.038749
coreA 11 17 17 0.038645
coreA 12 16 16 0.038888
coreA 13 16 16 0.038836
coreB 1 51 11310 0.0458701
coreB 2 47 8566 0.044451
coreB 3 42 1922 0.0426691
coreB 4 36 1313 0.041512
coreB 5 33 836 0.0404811
coreB 6 32 517 0.0398581
coreB 7 29 375 0.0391769
coreB 8 25 261 0.0397239
coreB 9 23 162 0.0389149
coreB 10 20 109 0.0427411
coreB 11 16 69 0.0389831
coreB 12 12 39 0.0389249
coreB 13 10 17 0.0358958
total 0.555015
coreA 1 17 17 0.0405509
coreA 2 17 17 0.039938
coreA 3 17 17 0.0418141
coreA 4 17 17 0.0393121
coreA 5 17 17 0.039196
coreA 6 17 17 0.0409811
coreA 7 17 17 0.040771
coreA 8 17 17 0.040597
coreA 9 17 17 0.040611
coreA 10 17 17 0.0394671
coreA 11 17 17 0.0413098
coreA 12 16 16 0.0391729
coreA 13 16 16 0.0389578
coreB 1 51 11310 0.046221
coreB 2 47 8566 0.0463881
coreB 3 42 1922 0.0432742
coreB 4 36 1313 0.0418861
coreB 5 33 836 0.040628
coreB 6 32 517 0.039798
coreB 7 29 375 0.0394011
coreB 8 25 261 0.0389791
coreB 9 23 162 0.0389678
coreB 10 20 109 0.046834
coreB 11 16 69 0.0389259
coreB 12 12 39 0.0388601
coreB 13 10 17 0.0356181
total 0.560971
coreA 1 17 17 0.0404689
coreA 2 17 17 0.0402279
coreA 3 17 17 0.0416389
coreA 4 17 17 0.0393338
coreA 5 17 17 0.0394759
coreA 6 17 17 0.04111
coreA 7 17 17 0.0407019
coreA 8 17 17 0.040652
coreA 9 17 17 0.0406661
coreA 10 17 17 0.0387259
coreA 11 17 17 0.0387509
coreA 12 16 16 0.038836
coreA 13 16 16 0.0387971
coreB 1 51 11310 0.046273
coreB 2 47 8566 0.0461681
coreB 3 42 1922 0.0433369
coreB 4 36 1313 0.0419071
coreB 5 33 836 0.040622
coreB 6 32 517 0.0397449
coreB 7 29 375 0.0394988
coreB 8 25 261 0.039041
coreB 9 23 162 0.038969
coreB 10 20 109 0.0427661
coreB 11 16 69 0.038939
coreB 12 12 39 0.0389969
coreB 13 10 17 0.0359771
total 0.557495
coreA 1 17 17 0.040617
coreA 2 17 17 0.040189
coreA 3 17 17 0.041688
coreA 4 17 17 0.039309
coreA 5 17 17 0.039232
coreA 6 17 17 0.0411391
coreA 7 17 17 0.0407939
coreA 8 17 17 0.0407491
coreA 9 17 17 0.0407288
coreA 10 17 17 0.0388188
coreA 11 17 17 0.038764
coreA 12 16 16 0.0389061
coreA 13 16 16 0.038928
coreB 1 51 11310 0.0462031
coreB 2 47 8566 0.045856
coreB 3 42 1922 0.0432439
coreB 4 36 1313 0.0419199
coreB 5 33 836 0.0404279
coreB 6 32 517 0.0400381
coreB 7 29 375 0.0392981
coreB 8 25 261 0.0391829
coreB 9 23 162 0.038913
coreB 10 20 109 0.0428319
coreB 11 16 69 0.0389569
coreB 12 12 39 0.0389481
coreB 13 10 17 0.036556
total 0.558174
coreA 1 17 17 0.0404251
coreA 2 17 17 0.0401061
coreA 3 17 17 0.04175
coreA 4 17 17 0.0392849
coreA 5 17 17 0.0391822
coreA 6 17 17 0.0409429
coreA 7 17 17 0.0406599
coreA 8 17 17 0.0406072
coreA 9 17 17 0.0405581
coreA 10 17 17 0.0386481
coreA 11 17 17 0.038594
coreA 12 16 16 0.038877
coreA 13 16 16 0.0392282
coreB 1 51 11310 0.0462289
coreB 2 47 8566 0.045996
coreB 3 42 1922 0.043282
coreB 4 36 1313 0.0418842
coreB 5 33 836 0.040637
coreB 6 32 517 0.0399098
coreB 7 29 375 0.0394318
coreB 8 25 261 0.0390389
coreB 9 23 162 0.0389299
coreB 10 20 109 0.0427649
coreB 11 16 69 0.0388682
coreB 12 12 39 0.04408
coreB 13 10 17 0.0332921
total 0.559845
coreA 1 17 17 0.0402839
coreA 2 17 17 0.0401552
coreA 3 17 17 0.0417559
coreA 4 17 17 0.0392349
coreA 5 17 17 0.0405049
coreA 6 17 17 0.0415518
coreA 7 17 17 0.0409188
coreA 8 17 17 0.04072
coreA 9 17 17 0.0407159
coreA 10 17 17 0.038693
coreA 11 17 17 0.038636
coreA 12 16 16 0.0386901
coreA 13 16 16 0.038744
coreB 1 51 11310 0.0460191
coreB 2 47 8566 0.0459621
coreB 3 42 1922 0.043189
coreB 4 36 1313 0.0419781
coreB 5 33 836 0.0411539
coreB 6 32 517 0.0400579
coreB 7 29 375 0.0393341
coreB 8 25 261 0.039072
coreB 9 23 162 0.0387352
coreB 10 20 109 0.042769
coreB 11 16 69 0.038955
coreB 12 12 39 0.038789
coreB 13 10 17 0.0367081
total 0.557702
coreA 1 17 17 0.040283
coreA 2 17 17 0.0402138
coreA 3 17 17 0.041827
coreA 4 17 17 0.0393381
coreA 5 17 17 0.039185
coreA 6 17 17 0.0410159
coreA 7 17 17 0.0407019
coreA 8 17 17 0.0406258
coreA 9 17 17 0.0406721
coreA 10 17 17 0.038727
coreA 11 17 17 0.038614
coreA 12 16 16 0.03883
coreA 13 16 16 0.0388429
coreB 1 51 11310 0.0459931
coreB 2 47 8566 0.0457091
coreB 3 42 1922 0.043184
coreB 4 36 1313 0.0417662
coreB 5 33 836 0.0404339
coreB 6 32 517 0.039906
coreB 7 29 375 0.0392001
coreB 8 25 261 0.0390279
coreB 9 23 162 0.038687
coreB 10 20 109 0.0426612
coreB 11 16 69 0.038892
coreB 12 12 39 0.0387812
coreB 13 10 17 0.036839
total 0.55635
coreA 1 17 17 0.0403559
coreA 2 17 17 0.040205
coreA 3 17 17 0.041867
coreA 4 17 17 0.0393519
coreA 5 17 17 0.0394402
coreA 6 17 17 0.041131
coreA 7 17 17 0.0407779
coreA 8 17 17 0.0406101
coreA 9 17 17 0.0407178
coreA 10 17 17 0.0386431
coreA 11 17 17 0.038522
coreA 12 16 16 0.0387518
coreA 13 16 16 0.0387518
coreB 1 51 11310 0.045789
coreB 2 47 8566 0.0456419
coreB 3 42 1922 0.0431468
coreB 4 36 1313 0.0417399
coreB 5 33 836 0.0404999
coreB 6 32 517 0.039844
coreB 7 29 375 0.0392711
coreB 8 25 261 0.0388999
coreB 9 23 162 0.03882
coreB 10 20 109 0.0426362
coreB 11 16 69 0.0387781
coreB 12 12 39 0.0388041
coreB 13 10 17 0.0369582
total 0.556054
coreA 1 17 17 0.0403271
coreA 2 17 17 0.0401659
coreA 3 17 17 0.041636
coreA 4 17 17 0.039113
coreA 5 17 17 0.0390608
coreA 6 17 17 0.0409341
coreA 7 17 17 0.0406489
coreA 8 17 17 0.040561
coreA 9 17 17 0.0406029
coreA 10 17 17 0.0386
coreA 11 17 17 0.0386589
coreA 12 16 16 0.0387931
coreA 13 16 16 0.0388458
coreB 1 51 11310 0.0460639
coreB 2 47 8566 0.045783
coreB 3 42 1922 0.0431371
coreB 4 36 1313 0.0416958
coreB 5 33 836 0.0403779
coreB 6 32 517 0.0400729
coreB 7 29 375 0.0394971
coreB 8 25 261 0.039165
coreB 9 23 162 0.038713
coreB 10 20 109 0.0426571
coreB 11 16 69 0.038908
coreB 12 12 39 0.0389822
coreB 13 10 17 0.0359671
total 0.556107
coreA 1 17 17 0.0402739
coreA 2 17 17 0.0402792
coreA 3 17 17 0.041677
coreA 4 17 17 0.0391722
coreA 5 17 17 0.039103
coreA 6 17 17 0.0409622
coreA 7 17 17 0.0406849
coreA 8 17 17 0.040627
coreA 9 17 17 0.040494
coreA 10 17 17 0.0385642
coreA 11 17 17 0.0385849
coreA 12 16 16 0.038794
coreA 13 16 16 0.0387821
coreB 1 51 11310 0.0463941
coreB 2 47 8566 0.0459301
coreB 3 42 1922 0.0435231
coreB 4 36 1313 0.042027
coreB 5 33 836 0.0404902
coreB 6 32 517 0.039742
coreB 7 29 375 0.0393038
coreB 8 25 261 0.0389419
coreB 9 23 162 0.0388749
coreB 10 20 109 0.0427449
coreB 11 16 69 0.0388091
coreB 12 12 39 0.038949
coreB 13 10 17 0.035449
total 0.55659
coreA 1 17 17 0.040211
coreA 2 17 17 0.0389621
coreA 3 17 17 0.0409429
coreA 4 17 17 0.0387549
coreA 5 17 17 0.0387499
coreA 6 17 17 0.040679
coreA 7 17 17 0.0405221
coreA 8 17 17 0.040555
coreA 9 17 17 0.0406799
coreA 10 17 17 0.0386269
coreA 11 17 17 0.0386279
coreA 12 16 16 0.0388479
coreA 13 16 16 0.0388651
coreB 1 51 11310 0.0457561
coreB 2 47 8566 0.0442722
coreB 3 42 1922 0.0425949
coreB 4 36 1313 0.0414739
coreB 5 33 836 0.0402329
coreB 6 32 517 0.0397768
coreB 7 29 375 0.0390339
coreB 8 25 261 0.039748
coreB 9 23 162 0.0388899
coreB 10 20 109 0.042763
coreB 11 16 69 0.038878
coreB 12 12 39 0.0387619
coreB 13 10 17 0.0359819
total 0.553608
coreA 1 17 17 0.040349
coreA 2 17 17 0.0400081
coreA 3 17 17 0.0416451
coreA 4 17 17 0.03933
coreA 5 17 17 0.039149
coreA 6 17 17 0.0410781
coreA 7 17 17 0.0407782
coreA 8 17 17 0.040684
coreA 9 17 17 0.0406179
coreA 10 17 17 0.0394051
coreA 11 17 17 0.0413091
coreA 12 16 16 0.039207
coreA 13 16 16 0.0388229
coreB 1 51 11310 0.0458632
coreB 2 47 8566 0.0461571
coreB 3 42 1922 0.0432231
coreB 4 36 1313 0.0418119
coreB 5 33 836 0.0405772
coreB 6 32 517 0.039798
coreB 7 29 375 0.0393472
coreB 8 25 261 0.0390251
coreB 9 23 162 0.0389481
coreB 10 20 109 0.0470221
coreB 11 16 69 0.038852
coreB 12 12 39 0.0390251
coreB 13 10 17 0.0357301
total 0.560902
coreA 1 17 17 0.0404408
coreA 2 17 17 0.040004
coreA 3 17 17 0.0416081
coreA 4 17 17 0.0392771
coreA 5 17 17 0.039017
coreA 6 17 17 0.0408471
coreA 7 17 17 0.0405931
coreA 8 17 17 0.0405691
coreA 9 17 17 0.040539
coreA 10 17 17 0.038739
coreA 11 17 17 0.0386441
coreA 12 16 16 0.0388062
coreA 13 16 16 0.038815
coreB 1 51 11310 0.0460849
coreB 2 47 8566 0.046052
coreB 3 42 1922 0.043174
coreB 4 36 1313 0.0418959
coreB 5 33 836 0.04052
coreB 6 32 517 0.039763
coreB 7 29 375 0.039294
coreB 8 25 261 0.0389271
coreB 9 23 162 0.0388801
coreB 10 20 109 0.042702
coreB 11 16 69 0.038904
coreB 12 12 39 0.0388222
coreB 13 10 17 0.0358579
total 0.556273
coreA 1 17 17 0.040396
coreA 2 17 17 0.040029
coreA 3 17 17 0.041672
coreA 4 17 17 0.0392439
coreA 5 17 17 0.0390968
coreA 6 17 17 0.0408399
coreA 7 17 17 0.0407388
coreA 8 17 17 0.0406299
coreA 9 17 17 0.0405779
coreA 10 17 17 0.0387549
coreA 11 17 17 0.0387001
coreA 12 16 16 0.0387671
coreA 13 16 16 0.0387771
coreB 1 51 11310 0.0461559
coreB 2 47 8566 0.0459762
coreB 3 42 1922 0.0432
coreB 4 36 1313 0.041785
coreB 5 33 836 0.0404909
coreB 6 32 517 0.0397079
coreB 7 29 375 0.0392821
coreB 8 25 261 0.0389202
coreB 9 23 162 0.038866
coreB 10 20 109 0.0426769
coreB 11 16 69 0.038986
coreB 12 12 39 0.0389278
coreB 13 10 17 0.0361059
total 0.555813
coreA 1 17 17 0.0403531
coreA 2 17 17 0.0400851
coreA 3 17 17 0.0417042
coreA 4 17 17 0.039295
coreA 5 17 17 0.039428
coreA 6 17 17 0.041193
coreA 7 17 17 0.0409532
coreA 8 17 17 0.040782
coreA 9 17 17 0.040693
coreA 10 17 17 0.038713
coreA 11 17 17 0.0387409
coreA 12 16 16 0.038904
coreA 13 16 16 0.038836
coreB 1 51 11310 0.0458782
coreB 2 47 8566 0.045676
coreB 3 42 1922 0.0431869
coreB 4 36 1313 0.0418391
coreB 5 33 836 0.040436
coreB 6 32 517 0.0399401
coreB 7 29 375 0.039197
coreB 8 25 261 0.0390968
coreB 9 23 162 0.0387321
coreB 10 20 109 0.0426581
coreB 11 16 69 0.0389149
coreB 12 12 39 0.0387421
coreB 13 10 17 0.0372529
total 0.55618
coreA 1 17 17 0.0404799
coreA 2 17 17 0.040169
coreA 3 17 17 0.0416429
coreA 4 17 17 0.0392098
coreA 5 17 17 0.0408869
coreA 6 17 17 0.0424139
coreA 7 17 17 0.0408301
coreA 8 17 17 0.040657
coreA 9 17 17 0.0406501
coreA 10 17 17 0.03865
coreA 11 17 17 0.0386491
coreA 12 16 16 0.038852
coreA 13 16 16 0.0388401
coreB 1 51 11310 0.0460789
coreB 2 47 8566 0.0458519
coreB 3 42 1922 0.0431669
coreB 4 36 1313 0.0417562
coreB 5 33 836 0.0427029
coreB 6 32 517 0.0400031
coreB 7 29 375 0.039355
coreB 8 25 261 0.0389411
coreB 9 23 162 0.0389161
coreB 10 20 109 0.042619
coreB 11 16 69 0.0388339
coreB 12 12 39 0.0388489
coreB 13 10 17 0.036859
total 0.559208
coreA 1 17 17 0.040247
coreA 2 17 17 0.0400739
coreA 3 17 17 0.0415499
coreA 4 17 17 0.0392141
coreA 5 17 17 0.0391881
coreA 6 17 17 0.04091
coreA 7 17 17 0.0408881
coreA 8 17 17 0.0407729
coreA 9 17 17 0.0407562
coreA 10 17 17 0.0387449
coreA 11 17 17 0.0386572
coreA 12 16 16 0.0388761
coreA 13 16 16 0.0388081
coreB 1 51 11310 0.0462139
coreB 2 47 8566 0.04581
coreB 3 42 1922 0.0432141
coreB 4 36 1313 0.041887
coreB 5 33 836 0.0404201
coreB 6 32 517 0.0399709
coreB 7 29 375 0.0392809
coreB 8 25 261 0.039077
coreB 9 23 162 0.0387421
coreB 10 20 109 0.042608
coreB 11 16 69 0.0388651
coreB 12 12 39 0.0387411
coreB 13 10 17 0.0361841
total 0.556033
coreA 1 17 17 0.0403841
coreA 2 17 17 0.0401731
coreA 3 17 17 0.0417349
coreA 4 17 17 0.0394089
coreA 5 17 17 0.0393262
coreA 6 17 17 0.040992
coreA 7 17 17 0.040741
coreA 8 17 17 0.0407851
coreA 9 17 17 0.040715
coreA 10 17 17 0.0387459
coreA 11 17 17 0.038703
coreA 12 16 16 0.0388951
coreA 13 16 16 0.038872
coreB 1 51 11310 0.0459301
coreB 2 47 8566 0.0456331
coreB 3 42 1922 0.043093
coreB 4 36 1313 0.0417678
coreB 5 33 836 0.0406349
coreB 6 32 517 0.039988
coreB 7 29 375 0.0393651
coreB 8 25 261 0.03918
coreB 9 23 162 0.038779
coreB 10 20 109 0.0426531
coreB 11 16 69 0.039017
coreB 12 12 39 0.038898
coreB 13 10 17 0.0366032
total 0.55674
coreA 1 17 17 0.0402741
coreA 2 17 17 0.040117
coreA 3 17 17 0.0416541
coreA 4 17 17 0.0391369
coreA 5 17 17 0.039098
coreA 6 17 17 0.0409808
coreA 7 17 17 0.040653
coreA 8 17 17 0.0405891
coreA 9 17 17 0.0406101
coreA 10 17 17 0.0387371
coreA 11 17 17 0.0386572
coreA 12 16 16 0.0388529
coreA 13 16 16 0.038924
coreB 1 51 11310 0.0460749
coreB 2 47 8566 0.0459099
coreB 3 42 1922 0.0432529
coreB 4 36 1313 0.0417991
coreB 5 33 836 0.0405588
coreB 6 32 517 0.0397539
coreB 7 29 375 0.0393822
coreB 8 25 261 0.0389409
coreB 9 23 162 0.0389431
coreB 10 20 109 0.0427239
coreB 11 16 69 0.039022
coreB 12 12 39 0.038908
coreB 13 10 17 0.0358319
total 0.555966
coreA 1 17 17 0.0403709
coreA 2 17 17 0.0404918
coreA 3 17 17 0.0418439
coreA 4 17 17 0.0395608
coreA 5 17 17 0.0395019
coreA 6 17 17 0.0410841
coreA 7 17 17 0.0409191
coreA 8 17 17 0.04071
coreA 9 17 17 0.0407021
coreA 10 17 17 0.0392199
coreA 11 17 17 0.0388451
coreA 12 16 16 0.0425141
coreA 13 16 16 0.0396302
coreB 1 51 11310 0.0459881
coreB 2 47 8566 0.0460498
coreB 3 42 1922 0.043354
coreB 4 36 1313 0.041904
coreB 5 33 836 0.040426
coreB 6 32 517 0.0399008
coreB 7 29 375 0.0392768
coreB 8 25 261 0.0391901
coreB 9 23 162 0.038831
coreB 10 20 109 0.042861
coreB 11 16 69 0.0388641
coreB 12 12 39 0.0416501
coreB 13 10 17 0.037837
total 0.561958
