coreA 1 17 17 0.011785
coreA 2 17 17 0.0500052
coreA 3 17 17 0.0532181
coreA 4 17 17 0.0547152
coreA 5 17 17 0.050468
coreA 6 17 17 0.0518711
coreA 7 17 17 0.0510612
coreA 8 17 17 0.0529449
coreA 9 17 17 0.052695
coreA 10 17 17 0.0346491
coreA 11 17 17 0.0547371
coreA 12 16 16 0.0567451
coreA 13 16 16 0.0516691
coreB 1 51 11310 0.0241301
coreB 2 47 8566 0.0282352
coreB 3 42 1922 0.0283689
coreB 4 36 1313 0.0280609
coreB 5 33 836 0.0275841
coreB 6 32 517 0.0199502
coreB 7 29 375 0.0237131
coreB 8 25 261 0.019737
coreB 9 23 162 0.0224221
coreB 10 20 109 0.0223351
coreB 11 16 69 0.020083
coreB 12 12 39 0.019526
coreB 13 10 17 0.0189679
total 0.0768681
coreA 1 17 17 0.010705
coreA 2 17 17 0.0236669
coreA 3 17 17 0.020324
coreA 4 17 17 0.0257781
coreA 5 17 17 0.0257721
coreA 6 17 17 0.0212972
coreA 7 17 17 0.0231781
coreA 8 17 17 0.0227089
coreA 9 17 17 0.025825
coreA 10 17 17 0.020313
coreA 11 17 17 0.0219541
coreA 12 16 16 0.022311
coreA 13 16 16 0.023427
coreB 1 51 11310 0.0409582
coreB 2 47 8566 0.0273471
coreB 3 42 1922 0.0217478
coreB 4 36 1313 0.0231168
coreB 5 33 836 0.0273399
coreB 6 32 517 0.0224218
coreB 7 29 375 0.0222149
coreB 8 25 261 0.021853
coreB 9 23 162 0.0204699
coreB 10 20 109 0.0278211
coreB 11 16 69 0.0202758
coreB 12 12 39 0.0261879
coreB 13 10 17 0.0203059
total 0.0759811
coreA 1 17 17 0.010716
coreA 2 17 17 0.0230241
coreA 3 17 17 0.022038
coreA 4 17 17 0.0270391
coreA 5 17 17 0.022656
coreA 6 17 17 0.0231631
coreA 7 17 17 0.0232441
coreA 8 17 17 0.0270591
coreA 9 17 17 0.0269771
coreA 10 17 17 0.0231781
coreA 11 17 17 0.0219152
coreA 12 16 16 0.022836
coreA 13 16 16 0.021498
coreB 1 51 11310 0.0415721
coreB 2 47 8566 0.02773
coreB 3 42 1922 0.0238469
coreB 4 36 1313 0.026598
coreB 5 33 836 0.0234001
coreB 6 32 517 0.021018
coreB 7 29 375 0.022104
coreB 8 25 261 0.0208869
coreB 9 23 162 0.0191989
coreB 10 20 109 0.0211489
coreB 11 16 69 0.0191948
coreB 12 12 39 0.0191951
coreB 13 10 17 0.020478
total 0.0767241
coreA 1 17 17 0.0105979
coreA 2 17 17 0.0387321
coreA 3 17 17 0.0310299
coreA 4 17 17 0.0489171
coreA 5 17 17 0.0532849
coreA 6 17 17 0.027173
coreA 7 17 17 0.0478129
coreA 8 17 17 0.0462601
coreA 9 17 17 0.049325
coreA 10 17 17 0.0544169
coreA 11 17 17 0.0304618
coreA 12 16 16 0.0306759
coreA 13 16 16 0.0476809
coreB 1 51 11310 0.0207381
coreB 2 47 8566 0.02933
coreB 3 42 1922 0.0332022
coreB 4 36 1313 0.0253351
coreB 5 33 836 0.0257809
coreB 6 32 517 0.025584
coreB 7 29 375 0.0229919
coreB 8 25 261 0.019659
coreB 9 23 162 0.0248671
coreB 10 20 109 0.0242341
coreB 11 16 69 0.0277781
coreB 12 12 39 0.0218122
coreB 13 10 17 0.024615
total 0.0722699
coreA 1 17 17 0.0107272
coreA 2 17 17 0.025821
coreA 3 17 17 0.025656
coreA 4 17 17 0.021934
coreA 5 17 17 0.0273941
coreA 6 17 17 0.0256231
coreA 7 17 17 0.027447
coreA 8 17 17 0.022296
coreA 9 17 17 0.026109
coreA 10 17 17 0.022943
coreA 11 17 17 0.0220511
coreA 12 16 16 0.0310822
coreA 13 16 16 0.0256839
coreB 1 51 11310 0.0425551
coreB 2 47 8566 0.0241089
coreB 3 42 1922 0.0252352
coreB 4 36 1313 0.0244739
coreB 5 33 836 0.022126
coreB 6 32 517 0.0175879
coreB 7 29 375 0.0193331
coreB 8 25 261 0.0211649
coreB 9 23 162 0.020802
coreB 10 20 109 0.019582
coreB 11 16 69 0.0213001
coreB 12 12 39 0.024482
coreB 13 10 17 0.017297
total 0.0752161
coreA 1 17 17 0.0104909
coreA 2 17 17 0.0487201
coreA 3 17 17 0.040004
coreA 4 17 17 0.048722
coreA 5 17 17 0.0319049
coreA 6 17 17 0.0516472
coreA 7 17 17 0.0308301
coreA 8 17 17 0.0316548
coreA 9 17 17 0.038552
coreA 10 17 17 0.046355
coreA 11 17 17 0.0320771
coreA 12 16 16 0.032063
coreA 13 16 16 0.0516438
coreB 1 51 11310 0.015399
coreB 2 47 8566 0.0414181
coreB 3 42 1922 0.033654
coreB 4 36 1313 0.030623
coreB 5 33 836 0.0305851
coreB 6 32 517 0.0232332
coreB 7 29 375 0.0295529
coreB 8 25 261 0.0245819
coreB 9 23 162 0.029423
coreB 10 20 109 0.0272698
coreB 11 16 69 0.023634
coreB 12 12 39 0.0272269
coreB 13 10 17 0.029494
total 0.0693641
coreA 1 17 17 0.0105891
coreA 2 17 17 0.022249
coreA 3 17 17 0.020102
coreA 4 17 17 0.02248
coreA 5 17 17 0.022146
coreA 6 17 17 0.020673
coreA 7 17 17 0.022423
coreA 8 17 17 0.0220649
coreA 9 17 17 0.0272069
coreA 10 17 17 0.0209761
coreA 11 17 17 0.0272079
coreA 12 16 16 0.027204
coreA 13 16 16 0.0232611
coreB 1 51 11310 0.0389509
coreB 2 47 8566 0.0261331
coreB 3 42 1922 0.027566
coreB 4 36 1313 0.025111
coreB 5 33 836 0.021791
coreB 6 32 517 0.0226641
coreB 7 29 375 0.0221071
coreB 8 25 261 0.0208969
coreB 9 23 162 0.0208249
coreB 10 20 109 0.0188229
coreB 11 16 69 0.02176
coreB 12 12 39 0.0195711
coreB 13 10 17 0.021981
total 0.0739839
coreA 1 17 17 0.0106659
coreA 2 17 17 0.032985
coreA 3 17 17 0.0210402
coreA 4 17 17 0.0262432
coreA 5 17 17 0.0256488
coreA 6 17 17 0.0266161
coreA 7 17 17 0.0389478
coreA 8 17 17 0.0532811
coreA 9 17 17 0.0459771
coreA 10 17 17 0.0309422
coreA 11 17 17 0.0199001
coreA 12 16 16 0.021853
coreA 13 16 16 0.020854
coreB 1 51 11310 0.034889
coreB 2 47 8566 0.0266299
coreB 3 42 1922 0.025655
coreB 4 36 1313 0.030102
coreB 5 33 836 0.022279
coreB 6 32 517 0.0252981
coreB 7 29 375 0.0226712
coreB 8 25 261 0.0201311
coreB 9 23 162 0.0236571
coreB 10 20 109 0.023581
coreB 11 16 69 0.0209751
coreB 12 12 39 0.018266
coreB 13 10 17 0.021373
total 0.0720289
coreA 1 17 17 0.0106421
coreA 2 17 17 0.021456
coreA 3 17 17 0.023386
coreA 4 17 17 0.0212939
coreA 5 17 17 0.022866
coreA 6 17 17 0.023078
coreA 7 17 17 0.021714
coreA 8 17 17 0.021157
coreA 9 17 17 0.022656
coreA 10 17 17 0.02248
coreA 11 17 17 0.0223639
coreA 12 16 16 0.0226281
coreA 13 16 16 0.021867
coreB 1 51 11310 0.0377991
coreB 2 47 8566 0.0256591
coreB 3 42 1922 0.0245662
coreB 4 36 1313 0.0228372
coreB 5 33 836 0.0224328
coreB 6 32 517 0.0209861
coreB 7 29 375 0.0222189
coreB 8 25 261 0.022131
coreB 9 23 162 0.0195401
coreB 10 20 109 0.0197341
coreB 11 16 69 0.019336
coreB 12 12 39 0.0181072
coreB 13 10 17 0.0183799
total 0.070574
coreA 1 17 17 0.010252
coreA 2 17 17 0.0227909
coreA 3 17 17 0.0231669
coreA 4 17 17 0.0226469
coreA 5 17 17 0.0216179
coreA 6 17 17 0.022861
coreA 7 17 17 0.022855
coreA 8 17 17 0.0227511
coreA 9 17 17 0.0214329
coreA 10 17 17 0.019465
coreA 11 17 17 0.021929
coreA 12 16 16 0.0227392
coreA 13 16 16 0.0226719
coreB 1 51 11310 0.0374191
coreB 2 47 8566 0.025538
coreB 3 42 1922 0.0245359
coreB 4 36 1313 0.0220599
coreB 5 33 836 0.0218999
coreB 6 32 517 0.0220051
coreB 7 29 375 0.0206389
coreB 8 25 261 0.0195241
coreB 9 23 162 0.0206831
coreB 10 20 109 0.0187411
coreB 11 16 69 0.019208
coreB 12 12 39 0.019248
coreB 13 10 17 0.0186009
total 0.0700819
coreA 1 17 17 0.0108788
coreA 2 17 17 0.0237
coreA 3 17 17 0.0255959
coreA 4 17 17 0.0246639
coreA 5 17 17 0.0228229
coreA 6 17 17 0.0243471
coreA 7 17 17 0.025322
coreA 8 17 17 0.023345
coreA 9 17 17 0.0233321
coreA 10 17 17 0.023252
coreA 11 17 17 0.0244799
coreA 12 16 16 0.0291729
coreA 13 16 16 0.0246489
coreB 1 51 11310 0.0425169
coreB 2 47 8566 0.025249
coreB 3 42 1922 0.027493
coreB 4 36 1313 0.0202591
coreB 5 33 836 0.0251629
coreB 6 32 517 0.025532
coreB 7 29 375 0.0224061
coreB 8 25 261 0.022326
coreB 9 23 162 0.0236268
coreB 10 20 109 0.0204089
coreB 11 16 69 0.0183601
coreB 12 12 39 0.0206149
coreB 13 10 17 0.022032
total 0.0787449
coreA 1 17 17 0.010484
coreA 2 17 17 0.0206509
coreA 3 17 17 0.0239439
coreA 4 17 17 0.0218761
coreA 5 17 17 0.023803
coreA 6 17 17 0.023931
coreA 7 17 17 0.027061
coreA 8 17 17 0.0270281
coreA 9 17 17 0.0214419
coreA 10 17 17 0.022825
coreA 11 17 17 0.0212829
coreA 12 16 16 0.0233271
coreA 13 16 16 0.027256
coreB 1 51 11310 0.042053
coreB 2 47 8566 0.024775
coreB 3 42 1922 0.0275111
coreB 4 36 1313 0.026226
coreB 5 33 836 0.021338
coreB 6 32 517 0.0253971
coreB 7 29 375 0.023901
coreB 8 25 261 0.0208681
coreB 9 23 162 0.0231609
coreB 10 20 109 0.019536
coreB 11 16 69 0.0204082
coreB 12 12 39 0.020474
coreB 13 10 17 0.0193629
total 0.0770268
coreA 1 17 17 0.0107238
coreA 2 17 17 0.0240438
coreA 3 17 17 0.02161
coreA 4 17 17 0.0209861
coreA 5 17 17 0.0298262
coreA 6 17 17 0.0210741
coreA 7 17 17 0.0219209
coreA 8 17 17 0.0226672
coreA 9 17 17 0.0261841
coreA 10 17 17 0.0260742
coreA 11 17 17 0.0219619
coreA 12 16 16 0.0297861
coreA 13 16 16 0.022084
coreB 1 51 11310 0.04548
coreB 2 47 8566 0.0260589
coreB 3 42 1922 0.024462
coreB 4 36 1313 0.0227001
coreB 5 33 836 0.0217941
coreB 6 32 517 0.0248711
coreB 7 29 375 0.020252
coreB 8 25 261 0.0190771
coreB 9 23 162 0.0200651
coreB 10 20 109 0.023246
coreB 11 16 69 0.0190179
coreB 12 12 39 0.025501
coreB 13 10 17 0.01893
total 0.0785589
coreA 1 17 17 0.0107579
coreA 2 17 17 0.0230861
coreA 3 17 17 0.0235412
coreA 4 17 17 0.023329
coreA 5 17 17 0.0272012
coreA 6 17 17 0.0235541
coreA 7 17 17 0.0228648
coreA 8 17 17 0.021811
coreA 9 17 17 0.02356
coreA 10 17 17 0.0272179
coreA 11 17 17 0.0235078
coreA 12 16 16 0.0228798
coreA 13 16 16 0.0236301
coreB 1 51 11310 0.044498
coreB 2 47 8566 0.0241411
coreB 3 42 1922 0.026824
coreB 4 36 1313 0.0265391
coreB 5 33 836 0.0221469
coreB 6 32 517 0.0227022
coreB 7 29 375 0.0170829
coreB 8 25 261 0.0246081
coreB 9 23 162 0.0214472
coreB 10 20 109 0.0213151
coreB 11 16 69 0.021637
coreB 12 12 39 0.021111
coreB 13 10 17 0.021215
total 0.078696
coreA 1 17 17 0.0105979
coreA 2 17 17 0.0229669
coreA 3 17 17 0.0279031
coreA 4 17 17 0.0234129
coreA 5 17 17 0.022527
coreA 6 17 17 0.0279
coreA 7 17 17 0.02315
coreA 8 17 17 0.023828
coreA 9 17 17 0.024061
coreA 10 17 17 0.020983
coreA 11 17 17 0.0229089
coreA 12 16 16 0.0203969
coreA 13 16 16 0.0202761
coreB 1 51 11310 0.038964
coreB 2 47 8566 0.0245779
coreB 3 42 1922 0.0266571
coreB 4 36 1313 0.0237329
coreB 5 33 836 0.0253129
coreB 6 32 517 0.0177159
coreB 7 29 375 0.0204239
coreB 8 25 261 0.021296
coreB 9 23 162 0.0239279
coreB 10 20 109 0.022577
coreB 11 16 69 0.0210099
coreB 12 12 39 0.020577
coreB 13 10 17 0.0206311
total 0.0727992
coreA 1 17 17 0.010751
coreA 2 17 17 0.0343781
coreA 3 17 17 0.036099
coreA 4 17 17 0.0359111
coreA 5 17 17 0.033977
coreA 6 17 17 0.03637
coreA 7 17 17 0.0340068
coreA 8 17 17 0.0458879
coreA 9 17 17 0.0343289
coreA 10 17 17 0.0398011
coreA 11 17 17 0.0375431
coreA 12 16 16 0.038851
coreA 13 16 16 0.0415621
coreB 1 51 11310 0.0199142
coreB 2 47 8566 0.0330241
coreB 3 42 1922 0.0302629
coreB 4 36 1313 0.032052
coreB 5 33 836 0.033958
coreB 6 32 517 0.0328279
coreB 7 29 375 0.0281389
coreB 8 25 261 0.0267439
coreB 9 23 162 0.028291
coreB 10 20 109 0.0285339
coreB 11 16 69 0.0248828
coreB 12 12 39 0.0244708
coreB 13 10 17 0.0234079
total 0.064105
coreA 1 17 17 0.011456
coreA 2 17 17 0.021378
coreA 3 17 17 0.0252781
coreA 4 17 17 0.0232739
coreA 5 17 17 0.0521779
coreA 6 17 17 0.022481
coreA 7 17 17 0.0224819
coreA 8 17 17 0.0252991
coreA 9 17 17 0.024323
coreA 10 17 17 0.0524471
coreA 11 17 17 0.02092
coreA 12 16 16 0.0278571
coreA 13 16 16 0.0522311
coreB 1 51 11310 0.0367811
coreB 2 47 8566 0.023684
coreB 3 42 1922 0.0268359
coreB 4 36 1313 0.025367
coreB 5 33 836 0.023047
coreB 6 32 517 0.022768
coreB 7 29 375 0.0247231
coreB 8 25 261 0.0210779
coreB 9 23 162 0.0270891
coreB 10 20 109 0.0223639
coreB 11 16 69 0.0221431
coreB 12 12 39 0.022326
coreB 13 10 17 0.0243969
total 0.0714071
coreA 1 17 17 0.0105851
coreA 2 17 17 0.027266
coreA 3 17 17 0.022547
coreA 4 17 17 0.024159
coreA 5 17 17 0.0270779
coreA 6 17 17 0.026355
coreA 7 17 17 0.0225129
coreA 8 17 17 0.023248
coreA 9 17 17 0.0211611
coreA 10 17 17 0.0229309
coreA 11 17 17 0.0211849
coreA 12 16 16 0.0220518
coreA 13 16 16 0.0263419
coreB 1 51 11310 0.041666
coreB 2 47 8566 0.028816
coreB 3 42 1922 0.0256071
coreB 4 36 1313 0.0259202
coreB 5 33 836 0.0234981
coreB 6 32 517 0.025949
coreB 7 29 375 0.0235019
coreB 8 25 261 0.0225241
coreB 9 23 162 0.0214369
coreB 10 20 109 0.0223658
coreB 11 16 69 0.0212481
coreB 12 12 39 0.018564
coreB 13 10 17 0.0222728
total 0.0778649
coreA 1 17 17 0.0109069
coreA 2 17 17 0.0257339
coreA 3 17 17 0.0233061
coreA 4 17 17 0.022171
coreA 5 17 17 0.0257502
coreA 6 17 17 0.0219729
coreA 7 17 17 0.0233731
coreA 8 17 17 0.0209579
coreA 9 17 17 0.027777
coreA 10 17 17 0.0257051
coreA 11 17 17 0.0277791
coreA 12 16 16 0.0250189
coreA 13 16 16 0.0219541
coreB 1 51 11310 0.04251
coreB 2 47 8566 0.023273
coreB 3 42 1922 0.025516
coreB 4 36 1313 0.0296018
coreB 5 33 836 0.02314
coreB 6 32 517 0.0220668
coreB 7 29 375 0.021277
coreB 8 25 261 0.020041
coreB 9 23 162 0.0202942
coreB 10 20 109 0.021584
coreB 11 16 69 0.020844
coreB 12 12 39 0.0208418
coreB 13 10 17 0.017195
total 0.0799062
coreA 1 17 17 0.0107059
coreA 2 17 17 0.022907
coreA 3 17 17 0.025692
coreA 4 17 17 0.02651
coreA 5 17 17 0.0252211
coreA 6 17 17 0.0217261
coreA 7 17 17 0.019968
coreA 8 17 17 0.0218921
coreA 9 17 17 0.0268002
coreA 10 17 17 0.0229251
coreA 11 17 17 0.0229352
coreA 12 16 16 0.0215971
coreA 13 16 16 0.0257041
coreB 1 51 11310 0.0402141
coreB 2 47 8566 0.0219829
coreB 3 42 1922 0.024467
coreB 4 36 1313 0.0230169
coreB 5 33 836 0.025413
coreB 6 32 517 0.0217531
coreB 7 29 375 0.0215549
coreB 8 25 261 0.0205381
coreB 9 23 162 0.017735
coreB 10 20 109 0.0213301
coreB 11 16 69 0.0189641
coreB 12 12 39 0.019295
coreB 13 10 17 0.01998
total 0.073499
