coreA 1 17 17 0.0135572
coreA 2 17 17 0.0225229
coreA 3 17 17 0.0219319
coreA 4 17 17 0.0195758
coreA 5 17 17 0.0223689
coreA 6 17 17 0.02373
coreA 7 17 17 0.0260301
coreA 8 17 17 0.0266008
coreA 9 17 17 0.0326309
coreA 10 17 17 0.0201099
coreA 11 17 17 0.0225639
coreA 12 16 16 0.0265479
coreA 13 16 16 0.0220261
coreB 1 51 11310 0.0515091
coreB 2 47 8566 0.0260239
coreB 3 42 1922 0.0259531
coreB 4 36 1313 0.0224938
coreB 5 33 836 0.025516
coreB 6 32 517 0.0272639
coreB 7 29 375 0.0214419
coreB 8 25 261 0.021132
coreB 9 23 162 0.020438
coreB 10 20 109 0.02071
coreB 11 16 69 0.017592
coreB 12 12 39 0.0207281
coreB 13 10 17 0.015991
total 0.0890491
coreA 1 17 17 0.0135131
coreA 2 17 17 0.023638
coreA 3 17 17 0.0230122
coreA 4 17 17 0.0210991
coreA 5 17 17 0.023201
coreA 6 17 17 0.0206542
coreA 7 17 17 0.0218658
coreA 8 17 17 0.0224252
coreA 9 17 17 0.0211761
coreA 10 17 17 0.023386
coreA 11 17 17 0.0235691
coreA 12 16 16 0.0232491
coreA 13 16 16 0.0226882
coreB 1 51 11310 0.035964
coreB 2 47 8566 0.030401
coreB 3 42 1922 0.0303869
coreB 4 36 1313 0.0228679
coreB 5 33 836 0.023319
coreB 6 32 517 0.0260301
coreB 7 29 375 0.0257931
coreB 8 25 261 0.0213361
coreB 9 23 162 0.0185189
coreB 10 20 109 0.0256181
coreB 11 16 69 0.020942
coreB 12 12 39 0.021637
coreB 13 10 17 0.0183511
total 0.0755479
coreA 1 17 17 0.013953
coreA 2 17 17 0.043313
coreA 3 17 17 0.0423121
coreA 4 17 17 0.0367951
coreA 5 17 17 0.0302322
coreA 6 17 17 0.031491
coreA 7 17 17 0.0303118
coreA 8 17 17 0.0319369
coreA 9 17 17 0.028547
coreA 10 17 17 0.031239
coreA 11 17 17 0.0321841
coreA 12 16 16 0.029274
coreA 13 16 16 0.0321801
coreB 1 51 11310 0.0222511
coreB 2 47 8566 0.0291898
coreB 3 42 1922 0.0312321
coreB 4 36 1313 0.0288241
coreB 5 33 836 0.0270231
coreB 6 32 517 0.024539
coreB 7 29 375 0.026371
coreB 8 25 261 0.0295479
coreB 9 23 162 0.0247731
coreB 10 20 109 0.028137
coreB 11 16 69 0.021487
coreB 12 12 39 0.0197229
coreB 13 10 17 0.0238831
total 0.0660532
coreA 1 17 17 0.013716
coreA 2 17 17 0.0294669
coreA 3 17 17 0.049773
coreA 4 17 17 0.0382259
coreA 5 17 17 0.049772
coreA 6 17 17 0.0494421
coreA 7 17 17 0.0496309
coreA 8 17 17 0.0291049
coreA 9 17 17 0.028204
coreA 10 17 17 0.02949
coreA 11 17 17 0.048074
coreA 12 16 16 0.0283771
coreA 13 16 16 0.0494571
coreB 1 51 11310 0.0235639
coreB 2 47 8566 0.0235791
coreB 3 42 1922 0.0289221
coreB 4 36 1313 0.0286911
coreB 5 33 836 0.0238559
coreB 6 32 517 0.0242529
coreB 7 29 375 0.021059
coreB 8 25 261 0.020745
coreB 9 23 162 0.0194139
coreB 10 20 109 0.0274308
coreB 11 16 69 0.020396
coreB 12 12 39 0.0216012
coreB 13 10 17 0.020725
total 0.0723891
coreA 1 17 17 0.0128438
coreA 2 17 17 0.046458
coreA 3 17 17 0.046581
coreA 4 17 17 0.0514798
coreA 5 17 17 0.0475349
coreA 6 17 17 0.0363309
coreA 7 17 17 0.050868
coreA 8 17 17 0.0369768
coreA 9 17 17 0.0440969
coreA 10 17 17 0.05722
coreA 11 17 17 0.0508339
coreA 12 16 16 0.0464828
coreA 13 16 16 0.041132
coreB 1 51 11310 0.0184751
coreB 2 47 8566 0.0245328
coreB 3 42 1922 0.023813
coreB 4 36 1313 0.0215461
coreB 5 33 836 0.0225852
coreB 6 32 517 0.0215459
coreB 7 29 375 0.0258698
coreB 8 25 261 0.0194051
coreB 9 23 162 0.0172691
coreB 10 20 109 0.018466
coreB 11 16 69 0.018424
coreB 12 12 39 0.020721
coreB 13 10 17 0.018369
total 0.0791199
coreA 1 17 17 0.01372
coreA 2 17 17 0.0209041
coreA 3 17 17 0.0204349
coreA 4 17 17 0.0204122
coreA 5 17 17 0.0212429
coreA 6 17 17 0.0197968
coreA 7 17 17 0.0275679
coreA 8 17 17 0.0210781
coreA 9 17 17 0.0270419
coreA 10 17 17 0.020638
coreA 11 17 17 0.019917
coreA 12 16 16 0.021106
coreA 13 16 16 0.0251009
coreB 1 51 11310 0.0462048
coreB 2 47 8566 0.0325081
coreB 3 42 1922 0.027952
coreB 4 36 1313 0.0249538
coreB 5 33 836 0.021523
coreB 6 32 517 0.023278
coreB 7 29 375 0.023875
coreB 8 25 261 0.021158
coreB 9 23 162 0.0185928
coreB 10 20 109 0.0233228
coreB 11 16 69 0.023284
coreB 12 12 39 0.0186148
coreB 13 10 17 0.0205431
total 0.087523
coreA 1 17 17 0.013833
coreA 2 17 17 0.0219042
coreA 3 17 17 0.0223131
coreA 4 17 17 0.0201631
coreA 5 17 17 0.0270102
coreA 6 17 17 0.0217931
coreA 7 17 17 0.0196872
coreA 8 17 17 0.0283182
coreA 9 17 17 0.0201881
coreA 10 17 17 0.0279341
coreA 11 17 17 0.021719
coreA 12 16 16 0.021719
coreA 13 16 16 0.0217822
coreB 1 51 11310 0.0470681
coreB 2 47 8566 0.0251138
coreB 3 42 1922 0.0258801
coreB 4 36 1313 0.0228701
coreB 5 33 836 0.0221601
coreB 6 32 517 0.0228698
coreB 7 29 375 0.0188811
coreB 8 25 261 0.0195279
coreB 9 23 162 0.0194149
coreB 10 20 109 0.020273
coreB 11 16 69 0.021162
coreB 12 12 39 0.0170419
coreB 13 10 17 0.0205309
total 0.0819142
coreA 1 17 17 0.0135629
coreA 2 17 17 0.0455022
coreA 3 17 17 0.0201368
coreA 4 17 17 0.0213408
coreA 5 17 17 0.0265801
coreA 6 17 17 0.025327
coreA 7 17 17 0.0203769
coreA 8 17 17 0.021632
coreA 9 17 17 0.0253181
coreA 10 17 17 0.0198371
coreA 11 17 17 0.019603
coreA 12 16 16 0.020036
coreA 13 16 16 0.020472
coreB 1 51 11310 0.0395741
coreB 2 47 8566 0.0246429
coreB 3 42 1922 0.03075
coreB 4 36 1313 0.0225861
coreB 5 33 836 0.021656
coreB 6 32 517 0.0209861
coreB 7 29 375 0.021152
coreB 8 25 261 0.021049
coreB 9 23 162 0.0193911
coreB 10 20 109 0.020349
coreB 11 16 69 0.0191371
coreB 12 12 39 0.019156
coreB 13 10 17 0.01511
total 0.0793061
coreA 1 17 17 0.0133779
coreA 2 17 17 0.028321
coreA 3 17 17 0.0380211
coreA 4 17 17 0.0490301
coreA 5 17 17 0.0351169
coreA 6 17 17 0.0490611
coreA 7 17 17 0.0490608
coreA 8 17 17 0.0490558
coreA 9 17 17 0.0554242
coreA 10 17 17 0.0301809
coreA 11 17 17 0.027976
coreA 12 16 16 0.0295281
coreA 13 16 16 0.0495808
coreB 1 51 11310 0.020318
coreB 2 47 8566 0.0243478
coreB 3 42 1922 0.0299292
coreB 4 36 1313 0.0224609
coreB 5 33 836 0.0293021
coreB 6 32 517 0.0214419
coreB 7 29 375 0.0242479
coreB 8 25 261 0.0220671
coreB 9 23 162 0.022012
coreB 10 20 109 0.019171
coreB 11 16 69 0.020679
coreB 12 12 39 0.0182271
coreB 13 10 17 0.0238659
total 0.0779538
coreA 1 17 17 0.0134671
coreA 2 17 17 0.018127
coreA 3 17 17 0.0206881
coreA 4 17 17 0.026
coreA 5 17 17 0.0196311
coreA 6 17 17 0.0204661
coreA 7 17 17 0.020164
coreA 8 17 17 0.021678
coreA 9 17 17 0.0322239
coreA 10 17 17 0.0214751
coreA 11 17 17 0.020982
coreA 12 16 16 0.021246
coreA 13 16 16 0.0341539
coreB 1 51 11310 0.0396159
coreB 2 47 8566 0.027976
coreB 3 42 1922 0.0253241
coreB 4 36 1313 0.0253239
coreB 5 33 836 0.0223539
coreB 6 32 517 0.023119
coreB 7 29 375 0.0217469
coreB 8 25 261 0.022727
coreB 9 23 162 0.0225639
coreB 10 20 109 0.020884
coreB 11 16 69 0.019799
coreB 12 12 39 0.0196099
coreB 13 10 17 0.0188999
total 0.076386
coreA 1 17 17 0.0128782
coreA 2 17 17 0.0404532
coreA 3 17 17 0.0488269
coreA 4 17 17 0.0453629
coreA 5 17 17 0.035656
coreA 6 17 17 0.0304651
coreA 7 17 17 0.039221
coreA 8 17 17 0.0304651
coreA 9 17 17 0.0289428
coreA 10 17 17 0.0352111
coreA 11 17 17 0.026211
coreA 12 16 16 0.0298519
coreA 13 16 16 0.0295391
coreB 1 51 11310 0.0310001
coreB 2 47 8566 0.035183
coreB 3 42 1922 0.0323119
coreB 4 36 1313 0.025522
coreB 5 33 836 0.0240421
coreB 6 32 517 0.0304708
coreB 7 29 375 0.0236871
coreB 8 25 261 0.021409
coreB 9 23 162 0.025826
coreB 10 20 109 0.0233011
coreB 11 16 69 0.0217991
coreB 12 12 39 0.021945
coreB 13 10 17 0.0219162
total 0.0762529
coreA 1 17 17 0.018307
coreA 2 17 17 0.0349259
coreA 3 17 17 0.0337138
coreA 4 17 17 0.0422089
coreA 5 17 17 0.0325799
coreA 6 17 17 0.0348909
coreA 7 17 17 0.0422299
coreA 8 17 17 0.0343261
coreA 9 17 17 0.0350718
coreA 10 17 17 0.031395
coreA 11 17 17 0.036217
coreA 12 16 16 0.0342491
coreA 13 16 16 0.0325761
coreB 1 51 11310 0.0182948
coreB 2 47 8566 0.0413978
coreB 3 42 1922 0.0368719
coreB 4 36 1313 0.0379879
coreB 5 33 836 0.0307841
coreB 6 32 517 0.030597
coreB 7 29 375 0.0292611
coreB 8 25 261 0.030082
coreB 9 23 162 0.0297699
coreB 10 20 109 0.02722
coreB 11 16 69 0.0296538
coreB 12 12 39 0.0289299
coreB 13 10 17 0.0241649
total 0.0691421
coreA 1 17 17 0.013835
coreA 2 17 17 0.0458591
coreA 3 17 17 0.025816
coreA 4 17 17 0.0466208
coreA 5 17 17 0.04883
coreA 6 17 17 0.0466542
coreA 7 17 17 0.048861
coreA 8 17 17 0.0340788
coreA 9 17 17 0.0328178
coreA 10 17 17 0.0543189
coreA 11 17 17 0.0490198
coreA 12 16 16 0.046828
coreA 13 16 16 0.0343349
coreB 1 51 11310 0.018954
coreB 2 47 8566 0.0287921
coreB 3 42 1922 0.023984
coreB 4 36 1313 0.0307171
coreB 5 33 836 0.0276251
coreB 6 32 517 0.0274661
coreB 7 29 375 0.028054
coreB 8 25 261 0.0272388
coreB 9 23 162 0.0225549
coreB 10 20 109 0.0221212
coreB 11 16 69 0.0222499
coreB 12 12 39 0.0186691
coreB 13 10 17 0.0201218
total 0.076813
coreA 1 17 17 0.013761
coreA 2 17 17 0.02864
coreA 3 17 17 0.0373149
coreA 4 17 17 0.0358999
coreA 5 17 17 0.045821
coreA 6 17 17 0.037549
coreA 7 17 17 0.028991
coreA 8 17 17 0.028702
coreA 9 17 17 0.054739
coreA 10 17 17 0.0379069
coreA 11 17 17 0.0434599
coreA 12 16 16 0.0305181
coreA 13 16 16 0.037384
coreB 1 51 11310 0.019949
coreB 2 47 8566 0.0360651
coreB 3 42 1922 0.0252838
coreB 4 36 1313 0.0280159
coreB 5 33 836 0.0257649
coreB 6 32 517 0.026387
coreB 7 29 375 0.0315299
coreB 8 25 261 0.022918
coreB 9 23 162 0.019702
coreB 10 20 109 0.023756
coreB 11 16 69 0.0236459
coreB 12 12 39 0.0272429
coreB 13 10 17 0.023016
total 0.0775001
coreA 1 17 17 0.0131419
coreA 2 17 17 0.0457799
coreA 3 17 17 0.0456901
coreA 4 17 17 0.026783
coreA 5 17 17 0.0327449
coreA 6 17 17 0.047327
coreA 7 17 17 0.0299819
coreA 8 17 17 0.0293489
coreA 9 17 17 0.030009
coreA 10 17 17 0.0447359
coreA 11 17 17 0.0466259
coreA 12 16 16 0.03613
coreA 13 16 16 0.027756
coreB 1 51 11310 0.0190141
coreB 2 47 8566 0.033613
coreB 3 42 1922 0.025245
coreB 4 36 1313 0.024894
coreB 5 33 836 0.0261872
coreB 6 32 517 0.0268869
coreB 7 29 375 0.027312
coreB 8 25 261 0.0231462
coreB 9 23 162 0.0282609
coreB 10 20 109 0.0235381
coreB 11 16 69 0.0275021
coreB 12 12 39 0.0204129
coreB 13 10 17 0.0216691
total 0.0690911
coreA 1 17 17 0.013124
coreA 2 17 17 0.0437341
coreA 3 17 17 0.031111
coreA 4 17 17 0.0380402
coreA 5 17 17 0.0328472
coreA 6 17 17 0.0293431
coreA 7 17 17 0.0531461
coreA 8 17 17 0.0382521
coreA 9 17 17 0.0330181
coreA 10 17 17 0.0300291
coreA 11 17 17 0.028585
coreA 12 16 16 0.0311341
coreA 13 16 16 0.031456
coreB 1 51 11310 0.0233731
coreB 2 47 8566 0.0297399
coreB 3 42 1922 0.030159
coreB 4 36 1313 0.024148
coreB 5 33 836 0.03444
coreB 6 32 517 0.0232921
coreB 7 29 375 0.020551
coreB 8 25 261 0.022567
coreB 9 23 162 0.0208189
coreB 10 20 109 0.0229101
coreB 11 16 69 0.019506
coreB 12 12 39 0.029737
coreB 13 10 17 0.0213718
total 0.075299
coreA 1 17 17 0.0130911
coreA 2 17 17 0.0260649
coreA 3 17 17 0.020247
coreA 4 17 17 0.0372429
coreA 5 17 17 0.0259421
coreA 6 17 17 0.020561
coreA 7 17 17 0.018908
coreA 8 17 17 0.019897
coreA 9 17 17 0.0193222
coreA 10 17 17 0.0200088
coreA 11 17 17 0.0195711
coreA 12 16 16 0.0185061
coreA 13 16 16 0.0211091
coreB 1 51 11310 0.039844
coreB 2 47 8566 0.025394
coreB 3 42 1922 0.0253589
coreB 4 36 1313 0.022846
coreB 5 33 836 0.021394
coreB 6 32 517 0.025394
coreB 7 29 375 0.0199151
coreB 8 25 261 0.0197971
coreB 9 23 162 0.0237579
coreB 10 20 109 0.0213301
coreB 11 16 69 0.0193019
coreB 12 12 39 0.0195241
coreB 13 10 17 0.015434
total 0.074024
coreA 1 17 17 0.0131581
coreA 2 17 17 0.046454
coreA 3 17 17 0.036983
coreA 4 17 17 0.025491
coreA 5 17 17 0.0445309
coreA 6 17 17 0.0454788
coreA 7 17 17 0.0337951
coreA 8 17 17 0.0455611
coreA 9 17 17 0.0276051
coreA 10 17 17 0.0267301
coreA 11 17 17 0.0303371
coreA 12 16 16 0.047112
coreA 13 16 16 0.0517561
coreB 1 51 11310 0.0189612
coreB 2 47 8566 0.024487
coreB 3 42 1922 0.0271451
coreB 4 36 1313 0.025378
coreB 5 33 836 0.0240119
coreB 6 32 517 0.024663
coreB 7 29 375 0.028199
coreB 8 25 261 0.020822
coreB 9 23 162 0.0181649
coreB 10 20 109 0.0233402
coreB 11 16 69 0.0195091
coreB 12 12 39 0.022084
coreB 13 10 17 0.021749
total 0.073941
coreA 1 17 17 0.0134101
coreA 2 17 17 0.019511
coreA 3 17 17 0.0262752
coreA 4 17 17 0.021826
coreA 5 17 17 0.0205569
coreA 6 17 17 0.0223491
coreA 7 17 17 0.02036
coreA 8 17 17 0.0208359
coreA 9 17 17 0.0201759
coreA 10 17 17 0.026268
coreA 11 17 17 0.0208921
coreA 12 16 16 0.019613
coreA 13 16 16 0.0192699
coreB 1 51 11310 0.0448632
coreB 2 47 8566 0.028666
coreB 3 42 1922 0.0252149
coreB 4 36 1313 0.0233948
coreB 5 33 836 0.021754
coreB 6 32 517 0.0203018
coreB 7 29 375 0.025331
coreB 8 25 261 0.0202649
coreB 9 23 162 0.0201669
coreB 10 20 109 0.0193081
coreB 11 16 69 0.019089
coreB 12 12 39 0.0184889
coreB 13 10 17 0.0192211
total 0.0821211
coreA 1 17 17 0.0137811
coreA 2 17 17 0.0392249
coreA 3 17 17 0.020298
coreA 4 17 17 0.0220411
coreA 5 17 17 0.0214341
coreA 6 17 17 0.0410421
coreA 7 17 17 0.0209379
coreA 8 17 17 0.0524859
coreA 9 17 17 0.0219021
coreA 10 17 17 0.0202639
coreA 11 17 17 0.021663
coreA 12 16 16 0.0207081
coreA 13 16 16 0.021596
coreB 1 51 11310 0.0340712
coreB 2 47 8566 0.028682
coreB 3 42 1922 0.0245471
coreB 4 36 1313 0.0222709
coreB 5 33 836 0.0317001
coreB 6 32 517 0.0211809
coreB 7 29 375 0.0246971
coreB 8 25 261 0.0197151
coreB 9 23 162 0.019377
coreB 10 20 109 0.024363
coreB 11 16 69 0.0185349
coreB 12 12 39 0.0203218
coreB 13 10 17 0.018364
total 0.0754101
