coreA 1 17 17 0.021255
coreA 2 17 17 0.039104
coreA 3 17 17 0.0409641
coreA 4 17 17 0.0387371
coreA 5 17 17 0.038846
coreA 6 17 17 0.0421319
coreA 7 17 17 0.04072
coreA 8 17 17 0.0401909
coreA 9 17 17 0.0421901
coreA 10 17 17 0.0388231
coreA 11 17 17 0.0389299
coreA 12 16 16 0.040206
coreA 13 16 16 0.0393679
coreB 1 51 11310 0.150711
coreB 2 47 8566 0.044986
coreB 3 42 1922 0.042635
coreB 4 36 1313 0.028482
coreB 5 33 836 0.0231099
coreB 6 32 517 0.0398281
coreB 7 29 375 0.0393939
coreB 8 25 261 0.039144
coreB 9 23 162 0.0389509
coreB 10 20 109 0.0428839
coreB 11 16 69 0.0484948
coreB 12 12 39 0.0391791
coreB 13 10 17 0.051929
total 0.298406
coreA 1 17 17 0.020678
coreA 2 17 17 0.0410042
coreA 3 17 17 0.042042
coreA 4 17 17 0.039233
coreA 5 17 17 0.032402
coreA 6 17 17 0.0426011
coreA 7 17 17 0.0885749
coreA 8 17 17 0.0421309
coreA 9 17 17 0.0431552
coreA 10 17 17 0.0396349
coreA 11 17 17 0.0291052
coreA 12 16 16 0.039433
coreA 13 16 16 0.0317779
coreB 1 51 11310 0.157782
coreB 2 47 8566 0.0452518
coreB 3 42 1922 0.041616
coreB 4 36 1313 0.0324941
coreB 5 33 836 0.021982
coreB 6 32 517 0.0400581
coreB 7 29 375 0.039372
coreB 8 25 261 0.0491068
coreB 9 23 162 0.0390139
coreB 10 20 109 0.0425801
coreB 11 16 69 0.0476601
coreB 12 12 39 0.039242
coreB 13 10 17 0.042537
total 0.301661
coreA 1 17 17 0.0224109
coreA 2 17 17 0.0405819
coreA 3 17 17 0.0418191
coreA 4 17 17 0.0390871
coreA 5 17 17 0.039392
coreA 6 17 17 0.0414839
coreA 7 17 17 0.0408802
coreA 8 17 17 0.0411561
coreA 9 17 17 0.0426669
coreA 10 17 17 0.039649
coreA 11 17 17 0.038976
coreA 12 16 16 0.0404909
coreA 13 16 16 0.0398839
coreB 1 51 11310 0.110224
coreB 2 47 8566 0.045249
coreB 3 42 1922 0.0435128
coreB 4 36 1313 0.04178
coreB 5 33 836 0.0377519
coreB 6 32 517 0.0399771
coreB 7 29 375 0.0395491
coreB 8 25 261 0.0289299
coreB 9 23 162 0.038857
coreB 10 20 109 0.0428479
coreB 11 16 69 0.0391629
coreB 12 12 39 0.0388329
coreB 13 10 17 0.042624
total 0.291063
coreA 1 17 17 0.022542
coreA 2 17 17 0.0401421
coreA 3 17 17 0.0413229
coreA 4 17 17 0.0432379
coreA 5 17 17 0.043046
coreA 6 17 17 0.042208
coreA 7 17 17 0.041157
coreA 8 17 17 0.0450549
coreA 9 17 17 0.0426788
coreA 10 17 17 0.0390508
coreA 11 17 17 0.041358
coreA 12 16 16 0.0400879
coreA 13 16 16 0.039695
coreB 1 51 11310 0.154758
coreB 2 47 8566 0.0480719
coreB 3 42 1922 0.042794
coreB 4 36 1313 0.0419271
coreB 5 33 836 0.035676
coreB 6 32 517 0.039896
coreB 7 29 375 0.0341959
coreB 8 25 261 0.0327229
coreB 9 23 162 0.0394011
coreB 10 20 109 0.0426431
coreB 11 16 69 0.039798
coreB 12 12 39 0.0395539
coreB 13 10 17 0.094425
total 0.304909
coreA 1 17 17 0.022006
coreA 2 17 17 0.0401351
coreA 3 17 17 0.0412741
coreA 4 17 17 0.0390599
coreA 5 17 17 0.0390658
coreA 6 17 17 0.0418301
coreA 7 17 17 0.041234
coreA 8 17 17 0.0401828
coreA 9 17 17 0.0426409
coreA 10 17 17 0.0391991
coreA 11 17 17 0.0387139
coreA 12 16 16 0.0401831
coreA 13 16 16 0.039259
coreB 1 51 11310 0.151987
coreB 2 47 8566 0.0457549
coreB 3 42 1922 0.0429871
coreB 4 36 1313 0.0417569
coreB 5 33 836 0.039763
coreB 6 32 517 0.0399809
coreB 7 29 375 0.0397501
coreB 8 25 261 0.0391479
coreB 9 23 162 0.038842
coreB 10 20 109 0.0427411
coreB 11 16 69 0.038924
coreB 12 12 39 0.038959
coreB 13 10 17 0.037653
total 0.293885
coreA 1 17 17 0.0222342
coreA 2 17 17 0.039917
coreA 3 17 17 0.0417969
coreA 4 17 17 0.0402851
coreA 5 17 17 0.0396659
coreA 6 17 17 0.0415761
coreA 7 17 17 0.0410099
coreA 8 17 17 0.0408518
coreA 9 17 17 0.0423858
coreA 10 17 17 0.039567
coreA 11 17 17 0.037241
coreA 12 16 16 0.0395858
coreA 13 16 16 0.038749
coreB 1 51 11310 0.151857
coreB 2 47 8566 0.0453532
coreB 3 42 1922 0.0421078
coreB 4 36 1313 0.041841
coreB 5 33 836 0.0403581
coreB 6 32 517 0.0398982
coreB 7 29 375 0.0393739
coreB 8 25 261 0.0520389
coreB 9 23 162 0.0388689
coreB 10 20 109 0.042901
coreB 11 16 69 0.049135
coreB 12 12 39 0.0248771
coreB 13 10 17 0.0254059
total 0.299422
coreA 1 17 17 0.0212781
coreA 2 17 17 0.0403371
coreA 3 17 17 0.0754411
coreA 4 17 17 0.040061
coreA 5 17 17 0.0314641
coreA 6 17 17 0.042639
coreA 7 17 17 0.0892341
coreA 8 17 17 0.0420661
coreA 9 17 17 0.0420401
coreA 10 17 17 0.039897
coreA 11 17 17 0.030565
coreA 12 16 16 0.040308
coreA 13 16 16 0.039712
coreB 1 51 11310 0.160584
coreB 2 47 8566 0.0456581
coreB 3 42 1922 0.0423551
coreB 4 36 1313 0.0340669
coreB 5 33 836 0.0341871
coreB 6 32 517 0.039788
coreB 7 29 375 0.0574772
coreB 8 25 261 0.0331249
coreB 9 23 162 0.038898
coreB 10 20 109 0.042815
coreB 11 16 69 0.0389769
coreB 12 12 39 0.0389671
coreB 13 10 17 0.0427699
total 0.312317
coreA 1 17 17 0.022568
coreA 2 17 17 0.040025
coreA 3 17 17 0.0414102
coreA 4 17 17 0.0386829
coreA 5 17 17 0.0393188
coreA 6 17 17 0.041409
coreA 7 17 17 0.040684
coreA 8 17 17 0.041137
coreA 9 17 17 0.0426102
coreA 10 17 17 0.0388329
coreA 11 17 17 0.040179
coreA 12 16 16 0.0396109
coreA 13 16 16 0.039675
coreB 1 51 11310 0.111243
coreB 2 47 8566 0.0450499
coreB 3 42 1922 0.043232
coreB 4 36 1313 0.0415039
coreB 5 33 836 0.055315
coreB 6 32 517 0.0398679
coreB 7 29 375 0.0244319
coreB 8 25 261 0.0381808
coreB 9 23 162 0.038893
coreB 10 20 109 0.0425119
coreB 11 16 69 0.039098
coreB 12 12 39 0.0388949
coreB 13 10 17 0.088362
total 0.296394
coreA 1 17 17 0.02174
coreA 2 17 17 0.040009
coreA 3 17 17 0.0414069
coreA 4 17 17 0.039865
coreA 5 17 17 0.039499
coreA 6 17 17 0.0424118
coreA 7 17 17 0.041034
coreA 8 17 17 0.048703
coreA 9 17 17 0.041996
coreA 10 17 17 0.0397649
coreA 11 17 17 0.0339119
coreA 12 16 16 0.0310721
coreA 13 16 16 0.0301831
coreB 1 51 11310 0.158398
coreB 2 47 8566 0.0454819
coreB 3 42 1922 0.042129
coreB 4 36 1313 0.0281599
coreB 5 33 836 0.0261481
coreB 6 32 517 0.0400031
coreB 7 29 375 0.0393021
coreB 8 25 261 0.0391741
coreB 9 23 162 0.039011
coreB 10 20 109 0.0428782
coreB 11 16 69 0.057055
coreB 12 12 39 0.038974
coreB 13 10 17 0.0499189
total 0.311316
coreA 1 17 17 0.0216508
coreA 2 17 17 0.040076
coreA 3 17 17 0.041415
coreA 4 17 17 0.0393779
coreA 5 17 17 0.0392652
coreA 6 17 17 0.041214
coreA 7 17 17 0.0541289
coreA 8 17 17 0.040314
coreA 9 17 17 0.0423479
coreA 10 17 17 0.0391071
coreA 11 17 17 0.039444
coreA 12 16 16 0.040628
coreA 13 16 16 0.04001
coreB 1 51 11310 0.034399
coreB 2 47 8566 0.045496
coreB 3 42 1922 0.043143
coreB 4 36 1313 0.0417819
coreB 5 33 836 0.040453
coreB 6 32 517 0.0397611
coreB 7 29 375 0.0355151
coreB 8 25 261 0.0394521
coreB 9 23 162 0.038835
coreB 10 20 109 0.0427158
coreB 11 16 69 0.0392349
coreB 12 12 39 0.039093
coreB 13 10 17 0.0425069
total 0.293529
coreA 1 17 17 0.022084
coreA 2 17 17 0.0391929
coreA 3 17 17 0.041086
coreA 4 17 17 0.0306551
coreA 5 17 17 0.030443
coreA 6 17 17 0.0411992
coreA 7 17 17 0.0411749
coreA 8 17 17 0.040844
coreA 9 17 17 0.0421932
coreA 10 17 17 0.088383
coreA 11 17 17 0.0736179
coreA 12 16 16 0.0400009
coreA 13 16 16 0.0401061
coreB 1 51 11310 0.156138
coreB 2 47 8566 0.0449541
coreB 3 42 1922 0.042465
coreB 4 36 1313 0.040565
coreB 5 33 836 0.0375371
coreB 6 32 517 0.039835
coreB 7 29 375 0.0391788
coreB 8 25 261 0.0389481
coreB 9 23 162 0.0389431
coreB 10 20 109 0.0426972
coreB 11 16 69 0.0390301
coreB 12 12 39 0.039031
coreB 13 10 17 0.0426261
total 0.298771
coreA 1 17 17 0.020669
coreA 2 17 17 0.0411031
coreA 3 17 17 0.0420561
coreA 4 17 17 0.0390141
coreA 5 17 17 0.0391068
coreA 6 17 17 0.0409801
coreA 7 17 17 0.0403812
coreA 8 17 17 0.041137
coreA 9 17 17 0.042918
coreA 10 17 17 0.0395741
coreA 11 17 17 0.0400851
coreA 12 16 16 0.0402699
coreA 13 16 16 0.039614
coreB 1 51 11310 0.147167
coreB 2 47 8566 0.0453081
coreB 3 42 1922 0.0425551
coreB 4 36 1313 0.03424
coreB 5 33 836 0.0354738
coreB 6 32 517 0.039881
coreB 7 29 375 0.0393791
coreB 8 25 261 0.0530801
coreB 9 23 162 0.038841
coreB 10 20 109 0.042666
coreB 11 16 69 0.0315139
coreB 12 12 39 0.038759
coreB 13 10 17 0.0423779
total 0.295243
coreA 1 17 17 0.0218811
coreA 2 17 17 0.040344
coreA 3 17 17 0.0419729
coreA 4 17 17 0.0401421
coreA 5 17 17 0.039597
coreA 6 17 17 0.0419309
coreA 7 17 17 0.0407178
coreA 8 17 17 0.040952
coreA 9 17 17 0.042531
coreA 10 17 17 0.039216
coreA 11 17 17 0.0392041
coreA 12 16 16 0.03949
coreA 13 16 16 0.039618
coreB 1 51 11310 0.149676
coreB 2 47 8566 0.0451889
coreB 3 42 1922 0.042618
coreB 4 36 1313 0.0415831
coreB 5 33 836 0.0398641
coreB 6 32 517 0.039783
coreB 7 29 375 0.0393891
coreB 8 25 261 0.039156
coreB 9 23 162 0.03877
coreB 10 20 109 0.0427241
coreB 11 16 69 0.038893
coreB 12 12 39 0.038975
coreB 13 10 17 0.037879
total 0.290701
coreA 1 17 17 0.0222971
coreA 2 17 17 0.0403271
coreA 3 17 17 0.0417361
coreA 4 17 17 0.040406
coreA 5 17 17 0.0396309
coreA 6 17 17 0.042449
coreA 7 17 17 0.0409639
coreA 8 17 17 0.0421321
coreA 9 17 17 0.0426178
coreA 10 17 17 0.039161
coreA 11 17 17 0.040998
coreA 12 16 16 0.0431521
coreA 13 16 16 0.0410771
coreB 1 51 11310 0.153032
coreB 2 47 8566 0.0451949
coreB 3 42 1922 0.0427608
coreB 4 36 1313 0.0403919
coreB 5 33 836 0.0376539
coreB 6 32 517 0.039767
coreB 7 29 375 0.039654
coreB 8 25 261 0.0393341
coreB 9 23 162 0.0390871
coreB 10 20 109 0.0428751
coreB 11 16 69 0.038938
coreB 12 12 39 0.038928
coreB 13 10 17 0.0427999
total 0.294552
coreA 1 17 17 0.0232148
coreA 2 17 17 0.040144
coreA 3 17 17 0.0412712
coreA 4 17 17 0.0398619
coreA 5 17 17 0.0392499
coreA 6 17 17 0.0423532
coreA 7 17 17 0.0413389
coreA 8 17 17 0.0522029
coreA 9 17 17 0.0423949
coreA 10 17 17 0.0396612
coreA 11 17 17 0.0291541
coreA 12 16 16 0.0356071
coreA 13 16 16 0.0300441
coreB 1 51 11310 0.159629
coreB 2 47 8566 0.0455551
coreB 3 42 1922 0.042891
coreB 4 36 1313 0.0358329
coreB 5 33 836 0.033334
coreB 6 32 517 0.040019
coreB 7 29 375 0.0393841
coreB 8 25 261 0.031481
coreB 9 23 162 0.038898
coreB 10 20 109 0.0425711
coreB 11 16 69 0.049458
coreB 12 12 39 0.038928
coreB 13 10 17 0.0425019
total 0.306922
coreA 1 17 17 0.021523
coreA 2 17 17 0.0402541
coreA 3 17 17 0.04145
coreA 4 17 17 0.0391569
coreA 5 17 17 0.039078
coreA 6 17 17 0.041883
coreA 7 17 17 0.0409131
coreA 8 17 17 0.040859
coreA 9 17 17 0.0426509
coreA 10 17 17 0.0399721
coreA 11 17 17 0.0395088
coreA 12 16 16 0.039253
coreA 13 16 16 0.082525
coreB 1 51 11310 0.0451119
coreB 2 47 8566 0.0449259
coreB 3 42 1922 0.0429161
coreB 4 36 1313 0.0417309
coreB 5 33 836 0.040585
coreB 6 32 517 0.0399458
coreB 7 29 375 0.03915
coreB 8 25 261 0.0202451
coreB 9 23 162 0.0387299
coreB 10 20 109 0.042583
coreB 11 16 69 0.056
coreB 12 12 39 0.0395701
coreB 13 10 17 0.042691
total 0.298249
coreA 1 17 17 0.0222008
coreA 2 17 17 0.0400369
coreA 3 17 17 0.041378
coreA 4 17 17 0.0390811
coreA 5 17 17 0.11854
coreA 6 17 17 0.0425858
coreA 7 17 17 0.0413299
coreA 8 17 17 0.0407209
coreA 9 17 17 0.0426211
coreA 10 17 17 0.039485
coreA 11 17 17 0.0395339
coreA 12 16 16 0.134654
coreA 13 16 16 0.0390701
coreB 1 51 11310 0.036339
coreB 2 47 8566 0.0457568
coreB 3 42 1922 0.043155
coreB 4 36 1313 0.0419052
coreB 5 33 836 0.105304
coreB 6 32 517 0.0400491
coreB 7 29 375 0.0392261
coreB 8 25 261 0.0390818
coreB 9 23 162 0.0391691
coreB 10 20 109 0.0428498
coreB 11 16 69 0.026006
coreB 12 12 39 0.0397139
coreB 13 10 17 0.0317678
total 0.295087
coreA 1 17 17 0.022907
coreA 2 17 17 0.0402861
coreA 3 17 17 0.041712
coreA 4 17 17 0.039084
coreA 5 17 17 0.0390539
coreA 6 17 17 0.042031
coreA 7 17 17 0.0411229
coreA 8 17 17 0.041048
coreA 9 17 17 0.0425959
coreA 10 17 17 0.0394859
coreA 11 17 17 0.0389009
coreA 12 16 16 0.0406971
coreA 13 16 16 0.040046
coreB 1 51 11310 0.150098
coreB 2 47 8566 0.0454428
coreB 3 42 1922 0.0429139
coreB 4 36 1313 0.0417869
coreB 5 33 836 0.0403652
coreB 6 32 517 0.039818
coreB 7 29 375 0.0394881
coreB 8 25 261 0.032795
coreB 9 23 162 0.0388551
coreB 10 20 109 0.042865
coreB 11 16 69 0.050499
coreB 12 12 39 0.0345759
coreB 13 10 17 0.0304661
total 0.298914
coreA 1 17 17 0.0235319
coreA 2 17 17 0.03987
coreA 3 17 17 0.0417979
coreA 4 17 17 0.0394809
coreA 5 17 17 0.0391612
coreA 6 17 17 0.041477
coreA 7 17 17 0.040889
coreA 8 17 17 0.040874
coreA 9 17 17 0.043268
coreA 10 17 17 0.04005
coreA 11 17 17 0.0396628
coreA 12 16 16 0.0392559
coreA 13 16 16 0.0390539
coreB 1 51 11310 0.0290141
coreB 2 47 8566 0.0449021
coreB 3 42 1922 0.0427151
coreB 4 36 1313 0.0415449
coreB 5 33 836 0.040462
coreB 6 32 517 0.0396781
coreB 7 29 375 0.035543
coreB 8 25 261 0.0391521
coreB 9 23 162 0.0389938
coreB 10 20 109 0.042758
coreB 11 16 69 0.039187
coreB 12 12 39 0.0390689
coreB 13 10 17 0.0424199
total 0.289922
coreA 1 17 17 0.0214791
coreA 2 17 17 0.0400031
coreA 3 17 17 0.041868
coreA 4 17 17 0.0392501
coreA 5 17 17 0.037298
coreA 6 17 17 0.0418191
coreA 7 17 17 0.0410159
coreA 8 17 17 0.040952
coreA 9 17 17 0.042608
coreA 10 17 17 0.0399351
coreA 11 17 17 0.039541
coreA 12 16 16 0.039284
coreA 13 16 16 0.130386
coreB 1 51 11310 0.0347719
coreB 2 47 8566 0.0448902
coreB 3 42 1922 0.0427389
coreB 4 36 1313 0.0417359
coreB 5 33 836 0.040446
coreB 6 32 517 0.0399129
coreB 7 29 375 0.039516
coreB 8 25 261 0.0297439
coreB 9 23 162 0.0393581
coreB 10 20 109 0.0425889
coreB 11 16 69 0.0390139
coreB 12 12 39 0.0390801
coreB 13 10 17 0.0424531
total 0.293141
