coreA 1 17 17 0.0340171
coreA 2 17 17 0.032949
coreA 3 17 17 0.032748
coreA 4 17 17 0.032795
coreA 5 17 17 0.0325401
coreA 6 17 17 0.0326202
coreA 7 17 17 0.03285
coreA 8 17 17 0.0329452
coreA 9 17 17 0.032954
coreA 10 17 17 0.032886
coreA 11 17 17 0.0329289
coreA 12 16 16 0.0332201
coreA 13 16 16 0.0336311
coreB 1 51 11310 0.055321
coreB 2 47 8566 0.0416908
coreB 3 42 1922 0.0380819
coreB 4 36 1313 0.036361
coreB 5 33 836 0.0354881
coreB 6 32 517 0.034539
coreB 7 29 375 0.035639
coreB 8 25 261 0.0357959
coreB 9 23 162 0.035208
coreB 10 20 109 0.0353858
coreB 11 16 69 0.0348361
coreB 12 12 39 0.0345089
coreB 13 10 17 0.034579
total 0.957437
coreA 1 17 17 0.0387309
coreA 2 17 17 0.033031
coreA 3 17 17 0.032707
coreA 4 17 17 0.0327079
coreA 5 17 17 0.0327351
coreA 6 17 17 0.032686
coreA 7 17 17 0.0328732
coreA 8 17 17 0.032614
coreA 9 17 17 0.0326571
coreA 10 17 17 0.0326869
coreA 11 17 17 0.0325201
coreA 12 16 16 0.033005
coreA 13 16 16 0.032902
coreB 1 51 11310 0.048979
coreB 2 47 8566 0.0417202
coreB 3 42 1922 0.0379121
coreB 4 36 1313 0.0366299
coreB 5 33 836 0.0355661
coreB 6 32 517 0.0346332
coreB 7 29 375 0.0361431
coreB 8 25 261 0.036113
coreB 9 23 162 0.03562
coreB 10 20 109 0.0357809
coreB 11 16 69 0.035053
coreB 12 12 39 0.034693
coreB 13 10 17 0.0345879
total 0.966535
coreA 1 17 17 0.0326169
coreA 2 17 17 0.032743
coreA 3 17 17 0.0325551
coreA 4 17 17 0.0325391
coreA 5 17 17 0.032613
coreA 6 17 17 0.0324941
coreA 7 17 17 0.0326102
coreA 8 17 17 0.0336819
coreA 9 17 17 0.0328619
coreA 10 17 17 0.032701
coreA 11 17 17 0.0327179
coreA 12 16 16 0.0328572
coreA 13 16 16 0.0329289
coreB 1 51 11310 0.0478871
coreB 2 47 8566 0.0493181
coreB 3 42 1922 0.0383248
coreB 4 36 1313 0.036576
coreB 5 33 836 0.035526
coreB 6 32 517 0.0350749
coreB 7 29 375 0.0350358
coreB 8 25 261 0.0362439
coreB 9 23 162 0.035758
coreB 10 20 109 0.0353971
coreB 11 16 69 0.0352099
coreB 12 12 39 0.0348449
coreB 13 10 17 0.035002
total 0.954429
coreA 1 17 17 0.0327139
coreA 2 17 17 0.0328832
coreA 3 17 17 0.0327301
coreA 4 17 17 0.0326769
coreA 5 17 17 0.0327468
coreA 6 17 17 0.0325649
coreA 7 17 17 0.0325561
coreA 8 17 17 0.032645
coreA 9 17 17 0.0327129
coreA 10 17 17 0.0325909
coreA 11 17 17 0.032681
coreA 12 16 16 0.0327251
coreA 13 16 16 0.032896
coreB 1 51 11310 0.0483501
coreB 2 47 8566 0.041862
coreB 3 42 1922 0.0381432
coreB 4 36 1313 0.036618
coreB 5 33 836 0.0353608
coreB 6 32 517 0.0350819
coreB 7 29 375 0.0361619
coreB 8 25 261 0.0364439
coreB 9 23 162 0.035645
coreB 10 20 109 0.035629
coreB 11 16 69 0.035392
coreB 12 12 39 0.0348589
coreB 13 10 17 0.034786
total 0.947688
coreA 1 17 17 0.0327539
coreA 2 17 17 0.0328941
coreA 3 17 17 0.032661
coreA 4 17 17 0.0325379
coreA 5 17 17 0.032706
coreA 6 17 17 0.0326011
coreA 7 17 17 0.0327132
coreA 8 17 17 0.0326228
coreA 9 17 17 0.0327148
coreA 10 17 17 0.032727
coreA 11 17 17 0.032829
coreA 12 16 16 0.033052
coreA 13 16 16 0.032835
coreB 1 51 11310 0.048178
coreB 2 47 8566 0.0428641
coreB 3 42 1922 0.0420108
coreB 4 36 1313 0.037895
coreB 5 33 836 0.036803
coreB 6 32 517 0.0358081
coreB 7 29 375 0.0363789
coreB 8 25 261 0.0362458
coreB 9 23 162 0.0355999
coreB 10 20 109 0.0356882
coreB 11 16 69 0.035295
coreB 12 12 39 0.0350201
coreB 13 10 17 0.0349591
total 0.95696
coreA 1 17 17 0.0326989
coreA 2 17 17 0.0326691
coreA 3 17 17 0.0326219
coreA 4 17 17 0.0325289
coreA 5 17 17 0.0327029
coreA 6 17 17 0.0327461
coreA 7 17 17 0.0330241
coreA 8 17 17 0.032851
coreA 9 17 17 0.032789
coreA 10 17 17 0.0328431
coreA 11 17 17 0.0329039
coreA 12 16 16 0.032897
coreA 13 16 16 0.0329618
coreB 1 51 11310 0.0487189
coreB 2 47 8566 0.0423
coreB 3 42 1922 0.037847
coreB 4 36 1313 0.036433
coreB 5 33 836 0.035531
coreB 6 32 517 0.03462
coreB 7 29 375 0.036027
coreB 8 25 261 0.0366392
coreB 9 23 162 0.0355461
coreB 10 20 109 0.0352399
coreB 11 16 69 0.0349209
coreB 12 12 39 0.0347462
coreB 13 10 17 0.0346692
total 0.947979
coreA 1 17 17 0.0326579
coreA 2 17 17 0.032649
coreA 3 17 17 0.033268
coreA 4 17 17 0.033217
coreA 5 17 17 0.032917
coreA 6 17 17 0.032805
coreA 7 17 17 0.032794
coreA 8 17 17 0.032666
coreA 9 17 17 0.0327311
coreA 10 17 17 0.0327039
coreA 11 17 17 0.032799
coreA 12 16 16 0.0328889
coreA 13 16 16 0.032953
coreB 1 51 11310 0.048357
coreB 2 47 8566 0.0417352
coreB 3 42 1922 0.0376971
coreB 4 36 1313 0.0364721
coreB 5 33 836 0.035708
coreB 6 32 517 0.0348969
coreB 7 29 375 0.036006
coreB 8 25 261 0.0362201
coreB 9 23 162 0.035722
coreB 10 20 109 0.0356381
coreB 11 16 69 0.035321
coreB 12 12 39 0.034919
coreB 13 10 17 0.034965
total 0.94748
coreA 1 17 17 0.032975
coreA 2 17 17 0.0328381
coreA 3 17 17 0.032763
coreA 4 17 17 0.03286
coreA 5 17 17 0.0327749
coreA 6 17 17 0.0328062
coreA 7 17 17 0.032891
coreA 8 17 17 0.0329251
coreA 9 17 17 0.032891
coreA 10 17 17 0.0305731
coreA 11 17 17 0.032939
coreA 12 16 16 0.0329709
coreA 13 16 16 0.0328121
coreB 1 51 11310 0.0481131
coreB 2 47 8566 0.041918
coreB 3 42 1922 0.0378759
coreB 4 36 1313 0.036402
coreB 5 33 836 0.0357039
coreB 6 32 517 0.0349181
coreB 7 29 375 0.036129
coreB 8 25 261 0.0364108
coreB 9 23 162 0.0356488
coreB 10 20 109 0.0358109
coreB 11 16 69 0.035665
coreB 12 12 39 0.0352449
coreB 13 10 17 0.0351522
total 0.948927
coreA 1 17 17 0.0328312
coreA 2 17 17 0.0326469
coreA 3 17 17 0.0326788
coreA 4 17 17 0.0326879
coreA 5 17 17 0.032938
coreA 6 17 17 0.0328319
coreA 7 17 17 0.03263
coreA 8 17 17 0.0326099
coreA 9 17 17 0.0326889
coreA 10 17 17 0.0326512
coreA 11 17 17 0.032728
coreA 12 16 16 0.032774
coreA 13 16 16 0.0328171
coreB 1 51 11310 0.048085
coreB 2 47 8566 0.0417669
coreB 3 42 1922 0.0377321
coreB 4 36 1313 0.036504
coreB 5 33 836 0.0356631
coreB 6 32 517 0.0349941
coreB 7 29 375 0.0363979
coreB 8 25 261 0.036639
coreB 9 23 162 0.035784
coreB 10 20 109 0.035712
coreB 11 16 69 0.035423
coreB 12 12 39 0.0351629
coreB 13 10 17 0.03546
total 0.949661
coreA 1 17 17 0.0330708
coreA 2 17 17 0.0329669
coreA 3 17 17 0.032804
coreA 4 17 17 0.03315
coreA 5 17 17 0.0329769
coreA 6 17 17 0.0326412
coreA 7 17 17 0.032686
coreA 8 17 17 0.0327439
coreA 9 17 17 0.032779
coreA 10 17 17 0.0326469
coreA 11 17 17 0.0328109
coreA 12 16 16 0.032841
coreA 13 16 16 0.0327799
coreB 1 51 11310 0.0482371
coreB 2 47 8566 0.0423071
coreB 3 42 1922 0.037919
coreB 4 36 1313 0.0365319
coreB 5 33 836 0.0358469
coreB 6 32 517 0.0350161
coreB 7 29 375 0.036361
coreB 8 25 261 0.036453
coreB 9 23 162 0.0358789
coreB 10 20 109 0.035409
coreB 11 16 69 0.0351489
coreB 12 12 39 0.034627
coreB 13 10 17 0.0348461
total 0.950368
coreA 1 17 17 0.0335121
coreA 2 17 17 0.0327601
coreA 3 17 17 0.0324359
coreA 4 17 17 0.0322831
coreA 5 17 17 0.0324979
coreA 6 17 17 0.032594
coreA 7 17 17 0.0322351
coreA 8 17 17 0.032177
coreA 9 17 17 0.032258
coreA 10 17 17 0.0321
coreA 11 17 17 0.032305
coreA 12 16 16 0.032253
coreA 13 16 16 0.032244
coreB 1 51 11310 0.0540762
coreB 2 47 8566 0.041213
coreB 3 42 1922 0.037569
coreB 4 36 1313 0.036196
coreB 5 33 836 0.0352199
coreB 6 32 517 0.034343
coreB 7 29 375 0.0356569
coreB 8 25 261 0.0356789
coreB 9 23 162 0.0350239
coreB 10 20 109 0.0349069
coreB 11 16 69 0.0346322
coreB 12 12 39 0.0344141
coreB 13 10 17 0.0346282
total 0.94587
coreA 1 17 17 0.0406981
coreA 2 17 17 0.032408
coreA 3 17 17 0.0321629
coreA 4 17 17 0.0322001
coreA 5 17 17 0.0322039
coreA 6 17 17 0.0322442
coreA 7 17 17 0.0327029
coreA 8 17 17 0.0324221
coreA 9 17 17 0.032541
coreA 10 17 17 0.0322821
coreA 11 17 17 0.0325201
coreA 12 16 16 0.0328131
coreA 13 16 16 0.032707
coreB 1 51 11310 0.0473201
coreB 2 47 8566 0.0411589
coreB 3 42 1922 0.0375109
coreB 4 36 1313 0.0362558
coreB 5 33 836 0.0352731
coreB 6 32 517 0.034651
coreB 7 29 375 0.0357649
coreB 8 25 261 0.0356851
coreB 9 23 162 0.035069
coreB 10 20 109 0.0348742
coreB 11 16 69 0.0346501
coreB 12 12 39 0.0344949
coreB 13 10 17 0.034436
total 0.95242
coreA 1 17 17 0.03229
coreA 2 17 17 0.032373
coreA 3 17 17 0.0325038
coreA 4 17 17 0.032443
coreA 5 17 17 0.0324209
coreA 6 17 17 0.0359559
coreA 7 17 17 0.0322878
coreA 8 17 17 0.0323439
coreA 9 17 17 0.032686
coreA 10 17 17 0.032444
coreA 11 17 17 0.0324399
coreA 12 16 16 0.0323391
coreA 13 16 16 0.0324152
coreB 1 51 11310 0.047714
coreB 2 47 8566 0.041337
coreB 3 42 1922 0.0374501
coreB 4 36 1313 0.0361001
coreB 5 33 836 0.0352521
coreB 6 32 517 0.0344291
coreB 7 29 375 0.0356281
coreB 8 25 261 0.0356781
coreB 9 23 162 0.035044
coreB 10 20 109 0.0350821
coreB 11 16 69 0.0345769
coreB 12 12 39 0.034358
coreB 13 10 17 0.034364
total 0.940219
coreA 1 17 17 0.0323341
coreA 2 17 17 0.0323842
coreA 3 17 17 0.032295
coreA 4 17 17 0.0323799
coreA 5 17 17 0.0323689
coreA 6 17 17 0.032577
coreA 7 17 17 0.032279
coreA 8 17 17 0.0345571
coreA 9 17 17 0.0329931
coreA 10 17 17 0.0328331
coreA 11 17 17 0.032717
coreA 12 16 16 0.032541
coreA 13 16 16 0.0322771
coreB 1 51 11310 0.047575
coreB 2 47 8566 0.041101
coreB 3 42 1922 0.0374751
coreB 4 36 1313 0.0359931
coreB 5 33 836 0.03491
coreB 6 32 517 0.0345392
coreB 7 29 375 0.035449
coreB 8 25 261 0.035543
coreB 9 23 162 0.0352418
coreB 10 20 109 0.0351489
coreB 11 16 69 0.0348949
coreB 12 12 39 0.0348141
coreB 13 10 17 0.0346611
total 0.940161
coreA 1 17 17 0.0323219
coreA 2 17 17 0.0321259
coreA 3 17 17 0.032449
coreA 4 17 17 0.0327978
coreA 5 17 17 0.0327499
coreA 6 17 17 0.0322578
coreA 7 17 17 0.032233
coreA 8 17 17 0.032336
coreA 9 17 17 0.0322859
coreA 10 17 17 0.032244
coreA 11 17 17 0.0323029
coreA 12 16 16 0.032346
coreA 13 16 16 0.032712
coreB 1 51 11310 0.0475888
coreB 2 47 8566 0.0410929
coreB 3 42 1922 0.0376608
coreB 4 36 1313 0.0359769
coreB 5 33 836 0.035157
coreB 6 32 517 0.0345161
coreB 7 29 375 0.0359361
coreB 8 25 261 0.0361471
coreB 9 23 162 0.035135
coreB 10 20 109 0.035337
coreB 11 16 69 0.0348139
coreB 12 12 39 0.0345018
coreB 13 10 17 0.034915
total 0.938486
coreA 1 17 17 0.032603
coreA 2 17 17 0.032634
coreA 3 17 17 0.0324829
coreA 4 17 17 0.0322769
coreA 5 17 17 0.03231
coreA 6 17 17 0.03232
coreA 7 17 17 0.0323069
coreA 8 17 17 0.0321009
coreA 9 17 17 0.0322561
coreA 10 17 17 0.0322142
coreA 11 17 17 0.0324929
coreA 12 16 16 0.038651
coreA 13 16 16 0.0354061
coreB 1 51 11310 0.0482972
coreB 2 47 8566 0.0413599
coreB 3 42 1922 0.0378649
coreB 4 36 1313 0.0361772
coreB 5 33 836 0.035243
coreB 6 32 517 0.0345831
coreB 7 29 375 0.0357761
coreB 8 25 261 0.035713
coreB 9 23 162 0.0351269
coreB 10 20 109 0.0350552
coreB 11 16 69 0.0349791
coreB 12 12 39 0.034668
coreB 13 10 17 0.034627
total 0.94833
coreA 1 17 17 0.0327308
coreA 2 17 17 0.032599
coreA 3 17 17 0.0322731
coreA 4 17 17 0.032362
coreA 5 17 17 0.0324039
coreA 6 17 17 0.0323679
coreA 7 17 17 0.032182
coreA 8 17 17 0.0324368
coreA 9 17 17 0.032567
coreA 10 17 17 0.032577
coreA 11 17 17 0.0323012
coreA 12 16 16 0.0325429
coreA 13 16 16 0.03263
coreB 1 51 11310 0.0478871
coreB 2 47 8566 0.041786
coreB 3 42 1922 0.037895
coreB 4 36 1313 0.0361419
coreB 5 33 836 0.0351739
coreB 6 32 517 0.0346079
coreB 7 29 375 0.035779
coreB 8 25 261 0.0357289
coreB 9 23 162 0.0351059
coreB 10 20 109 0.035172
coreB 11 16 69 0.034766
coreB 12 12 39 0.0343091
coreB 13 10 17 0.034409
total 0.939355
coreA 1 17 17 0.0329399
coreA 2 17 17 0.0326118
coreA 3 17 17 0.0324118
coreA 4 17 17 0.032891
coreA 5 17 17 0.032902
coreA 6 17 17 0.0325072
coreA 7 17 17 0.0325649
coreA 8 17 17 0.0325301
coreA 9 17 17 0.0324371
coreA 10 17 17 0.0325429
coreA 11 17 17 0.0324259
coreA 12 16 16 0.0331612
coreA 13 16 16 0.0327179
coreB 1 51 11310 0.048274
coreB 2 47 8566 0.04515
coreB 3 42 1922 0.037441
coreB 4 36 1313 0.03666
coreB 5 33 836 0.0351501
coreB 6 32 517 0.0345178
coreB 7 29 375 0.035682
coreB 8 25 261 0.0357132
coreB 9 23 162 0.0351911
coreB 10 20 109 0.03547
coreB 11 16 69 0.0359292
coreB 12 12 39 0.03526
coreB 13 10 17 0.034735
total 0.948503
coreA 1 17 17 0.0327749
coreA 2 17 17 0.0326428
coreA 3 17 17 0.0327749
coreA 4 17 17 0.032675
coreA 5 17 17 0.0318458
coreA 6 17 17 0.0326209
coreA 7 17 17 0.0326319
coreA 8 17 17 0.0325019
coreA 9 17 17 0.0324562
coreA 10 17 17 0.0325119
coreA 11 17 17 0.0325449
coreA 12 16 16 0.032558
coreA 13 16 16 0.0324631
coreB 1 51 11310 0.047586
coreB 2 47 8566 0.0420201
coreB 3 42 1922 0.0376132
coreB 4 36 1313 0.0363779
coreB 5 33 836 0.0358
coreB 6 32 517 0.0351341
coreB 7 29 375 0.0359578
coreB 8 25 261 0.0358989
coreB 9 23 162 0.0350831
coreB 10 20 109 0.0350308
coreB 11 16 69 0.0349
coreB 12 12 39 0.0347071
coreB 13 10 17 0.03457
total 0.942471
coreA 1 17 17 0.0323751
coreA 2 17 17 0.0323021
coreA 3 17 17 0.0323319
coreA 4 17 17 0.0325348
coreA 5 17 17 0.0322151
coreA 6 17 17 0.032218
coreA 7 17 17 0.0322411
coreA 8 17 17 0.0323241
coreA 9 17 17 0.0321939
coreA 10 17 17 0.032366
coreA 11 17 17 0.0324039
coreA 12 16 16 0.0323539
coreA 13 16 16 0.0324161
coreB 1 51 11310 0.0474758
coreB 2 47 8566 0.041574
coreB 3 42 1922 0.0375731
coreB 4 36 1313 0.0360069
coreB 5 33 836 0.0352759
coreB 6 32 517 0.034596
coreB 7 29 375 0.0359941
coreB 8 25 261 0.0356531
coreB 9 23 162 0.0350451
coreB 10 20 109 0.0351131
coreB 11 16 69 0.035182
coreB 12 12 39 0.0346861
coreB 13 10 17 0.0344601
total 0.937417
