coreA 1 14 14 0.013469
coreA 2 13 13 0.0231581
coreA 3 13 13 0.0266292
coreA 4 13 13 0.0215349
coreA 5 13 13 0.021349
coreA 6 13 13 0.022722
coreA 7 13 13 0.022912
coreA 8 13 13 0.0266309
coreA 9 13 13 0.0256929
coreB 1 51 19190 0.050616
coreB 2 50 11362 0.023669
coreB 3 45 4590 0.0260401
coreB 4 39 1070 0.021616
coreB 5 34 240 0.0247731
coreB 6 29 96 0.018424
coreB 7 28 52 0.0207601
coreB 8 20 24 0.024569
coreB 9 14 9 0.0170362
total 0.0861161
coreA 1 14 14 0.0132968
coreA 2 13 13 0.0216401
coreA 3 13 13 0.0221601
coreA 4 13 13 0.0226049
coreA 5 13 13 0.0222859
coreA 6 13 13 0.02106
coreA 7 13 13 0.022161
coreA 8 13 13 0.0221381
coreA 9 13 13 0.022109
coreB 1 51 19190 0.035603
coreB 2 50 11362 0.03
coreB 3 45 4590 0.0231538
coreB 4 39 1070 0.020263
coreB 5 34 240 0.0200059
coreB 6 29 96 0.0183802
coreB 7 28 52 0.02176
coreB 8 20 24 0.0170281
coreB 9 14 9 0.0183649
total 0.0745711
coreA 1 14 14 0.013135
coreA 2 13 13 0.0221288
coreA 3 13 13 0.022311
coreA 4 13 13 0.0217559
coreA 5 13 13 0.026489
coreA 6 13 13 0.0266809
coreA 7 13 13 0.022217
coreA 8 13 13 0.0264962
coreA 9 13 13 0.025022
coreB 1 51 19190 0.045882
coreB 2 50 11362 0.0236161
coreB 3 45 4590 0.0235538
coreB 4 39 1070 0.0211308
coreB 5 34 240 0.017843
coreB 6 29 96 0.0164838
coreB 7 28 52 0.016727
coreB 8 20 24 0.0189559
coreB 9 14 9 0.0189559
total 0.0786269
coreA 1 14 14 0.01337
coreA 2 13 13 0.0212729
coreA 3 13 13 0.023097
coreA 4 13 13 0.022229
coreA 5 13 13 0.022105
coreA 6 13 13 0.0230942
coreA 7 13 13 0.0213189
coreA 8 13 13 0.023097
coreA 9 13 13 0.0252161
coreB 1 51 19190 0.0426519
coreB 2 50 11362 0.027925
coreB 3 45 4590 0.022953
coreB 4 39 1070 0.021863
coreB 5 34 240 0.0264711
coreB 6 29 96 0.0233572
coreB 7 28 52 0.026659
coreB 8 20 24 0.021291
coreB 9 14 9 0.0181901
total 0.079668
coreA 1 14 14 0.0131829
coreA 2 13 13 0.021143
coreA 3 13 13 0.0397971
coreA 4 13 13 0.0217869
coreA 5 13 13 0.0220439
coreA 6 13 13 0.0221579
coreA 7 13 13 0.0216999
coreA 8 13 13 0.050498
coreA 9 13 13 0.0225031
coreB 1 51 19190 0.035367
coreB 2 50 11362 0.02227
coreB 3 45 4590 0.0236812
coreB 4 39 1070 0.0225952
coreB 5 34 240 0.0194821
coreB 6 29 96 0.0159721
coreB 7 28 52 0.0252259
coreB 8 20 24 0.0172031
coreB 9 14 9 0.0181291
total 0.0727658
coreA 1 14 14 0.0129719
coreA 2 13 13 0.028429
coreA 3 13 13 0.029083
coreA 4 13 13 0.050981
coreA 5 13 13 0.0293419
coreA 6 13 13 0.0303299
coreA 7 13 13 0.043308
coreA 8 13 13 0.0292518
coreA 9 13 13 0.031796
coreB 1 51 19190 0.0236771
coreB 2 50 11362 0.0309851
coreB 3 45 4590 0.0340838
coreB 4 39 1070 0.0251281
coreB 5 34 240 0.0279181
coreB 6 29 96 0.0277169
coreB 7 28 52 0.0309842
coreB 8 20 24 0.0277879
coreB 9 14 9 0.018383
total 0.072865
coreA 1 14 14 0.0137141
coreA 2 13 13 0.0444121
coreA 3 13 13 0.0263538
coreA 4 13 13 0.0454559
coreA 5 13 13 0.02981
coreA 6 13 13 0.0316329
coreA 7 13 13 0.0280058
coreA 8 13 13 0.0452569
coreA 9 13 13 0.045136
coreB 1 51 19190 0.0201011
coreB 2 50 11362 0.0274129
coreB 3 45 4590 0.0262561
coreB 4 39 1070 0.022769
coreB 5 34 240 0.0226181
coreB 6 29 96 0.020973
coreB 7 28 52 0.0255899
coreB 8 20 24 0.0262601
coreB 9 14 9 0.018842
total 0.0680101
coreA 1 14 14 0.013207
coreA 2 13 13 0.0406599
coreA 3 13 13 0.0368922
coreA 4 13 13 0.02684
coreA 5 13 13 0.046952
coreA 6 13 13 0.047555
coreA 7 13 13 0.028996
coreA 8 13 13 0.042604
coreA 9 13 13 0.0292151
coreB 1 51 19190 0.018513
coreB 2 50 11362 0.0279269
coreB 3 45 4590 0.0255089
coreB 4 39 1070 0.028116
coreB 5 34 240 0.0278592
coreB 6 29 96 0.0237999
coreB 7 28 52 0.0225501
coreB 8 20 24 0.0239041
coreB 9 14 9 0.019522
total 0.06936
coreA 1 14 14 0.013869
coreA 2 13 13 0.0497332
coreA 3 13 13 0.0335169
coreA 4 13 13 0.0270159
coreA 5 13 13 0.0291331
coreA 6 13 13 0.0286138
coreA 7 13 13 0.033875
coreA 8 13 13 0.0291309
coreA 9 13 13 0.0424459
coreB 1 51 19190 0.0190849
coreB 2 50 11362 0.027595
coreB 3 45 4590 0.034148
coreB 4 39 1070 0.028857
coreB 5 34 240 0.0266261
coreB 6 29 96 0.023164
coreB 7 28 52 0.023417
coreB 8 20 24 0.020251
coreB 9 14 9 0.0276179
total 0.072222
coreA 1 14 14 0.0178969
coreA 2 13 13 0.037977
coreA 3 13 13 0.040947
coreA 4 13 13 0.032656
coreA 5 13 13 0.0326521
coreA 6 13 13 0.037976
coreA 7 13 13 0.032059
coreA 8 13 13 0.0300601
coreA 9 13 13 0.0331571
coreB 1 51 19190 0.017894
coreB 2 50 11362 0.031975
coreB 3 45 4590 0.036272
coreB 4 39 1070 0.0287571
coreB 5 34 240 0.032099
coreB 6 29 96 0.0272529
coreB 7 28 52 0.026278
coreB 8 20 24 0.0279391
coreB 9 14 9 0.0236759
total 0.067776
