coreA 1 14 14 0.0170541
coreA 2 13 13 0.0238779
coreA 3 13 13 0.0240409
coreA 4 13 13 0.0246229
coreA 5 13 13 0.023623
coreA 6 13 13 0.0238581
coreA 7 13 13 0.0228441
coreA 8 13 13 0.0222969
coreA 9 13 13 0.021482
coreB 1 51 19190 0.0566568
coreB 2 50 11362 0.0244319
coreB 3 45 4590 0.0261159
coreB 4 39 1070 0.024617
coreB 5 34 240 0.0192158
coreB 6 29 96 0.0216408
coreB 7 28 52 0.0223901
coreB 8 20 24 0.0187218
coreB 9 14 9 0.022408
total 0.0937841
coreA 1 14 14 0.016727
coreA 2 13 13 0.0211861
coreA 3 13 13 0.027827
coreA 4 13 13 0.0225101
coreA 5 13 13 0.0222411
coreA 6 13 13 0.0211809
coreA 7 13 13 0.0221009
coreA 8 13 13 0.019793
coreA 9 13 13 0.0214839
coreB 1 51 19190 0.0445762
coreB 2 50 11362 0.024591
coreB 3 45 4590 0.0255089
coreB 4 39 1070 0.02334
coreB 5 34 240 0.0209918
coreB 6 29 96 0.0186319
coreB 7 28 52 0.020262
coreB 8 20 24 0.0175331
coreB 9 14 9 0.01775
total 0.081454
coreA 1 14 14 0.016593
coreA 2 13 13 0.021163
coreA 3 13 13 0.0228081
coreA 4 13 13 0.022264
coreA 5 13 13 0.0222549
coreA 6 13 13 0.0227711
coreA 7 13 13 0.0228829
coreA 8 13 13 0.0222049
coreA 9 13 13 0.022393
coreB 1 51 19190 0.0467632
coreB 2 50 11362 0.0239079
coreB 3 45 4590 0.0276639
coreB 4 39 1070 0.030849
coreB 5 34 240 0.026171
coreB 6 29 96 0.0240459
coreB 7 28 52 0.0215988
coreB 8 20 24 0.0239861
coreB 9 14 9 0.0171099
total 0.088989
coreA 1 14 14 0.016135
coreA 2 13 13 0.0260539
coreA 3 13 13 0.0281091
coreA 4 13 13 0.0535851
coreA 5 13 13 0.0250561
coreA 6 13 13 0.0495689
coreA 7 13 13 0.052026
coreA 8 13 13 0.0410619
coreA 9 13 13 0.0290761
coreB 1 51 19190 0.0258651
coreB 2 50 11362 0.02739
coreB 3 45 4590 0.027359
coreB 4 39 1070 0.0277901
coreB 5 34 240 0.0274842
coreB 6 29 96 0.0313351
coreB 7 28 52 0.020165
coreB 8 20 24 0.0218699
coreB 9 14 9 0.0173628
total 0.0802541
coreA 1 14 14 0.0161109
coreA 2 13 13 0.0257509
coreA 3 13 13 0.027072
coreA 4 13 13 0.025202
coreA 5 13 13 0.0288529
coreA 6 13 13 0.0270691
coreA 7 13 13 0.028609
coreA 8 13 13 0.046443
coreA 9 13 13 0.029258
coreB 1 51 19190 0.022336
coreB 2 50 11362 0.0260911
coreB 3 45 4590 0.0274248
coreB 4 39 1070 0.0312052
coreB 5 34 240 0.0279021
coreB 6 29 96 0.030705
coreB 7 28 52 0.0346541
coreB 8 20 24 0.022084
coreB 9 14 9 0.020278
total 0.073102
coreA 1 14 14 0.0158141
coreA 2 13 13 0.0273111
coreA 3 13 13 0.025914
coreA 4 13 13 0.0257752
coreA 5 13 13 0.029669
coreA 6 13 13 0.0615568
coreA 7 13 13 0.0421939
coreA 8 13 13 0.0414081
coreA 9 13 13 0.0270422
coreB 1 51 19190 0.022001
coreB 2 50 11362 0.0313821
coreB 3 45 4590 0.0427849
coreB 4 39 1070 0.0222659
coreB 5 34 240 0.025223
coreB 6 29 96 0.02226
coreB 7 28 52 0.021369
coreB 8 20 24 0.02302
coreB 9 14 9 0.0215151
total 0.087687
coreA 1 14 14 0.016242
coreA 2 13 13 0.0226569
coreA 3 13 13 0.0386899
coreA 4 13 13 0.0423741
coreA 5 13 13 0.0432031
coreA 6 13 13 0.038909
coreA 7 13 13 0.043884
coreA 8 13 13 0.0420828
coreA 9 13 13 0.039191
coreB 1 51 19190 0.0219951
coreB 2 50 11362 0.026454
coreB 3 45 4590 0.0242779
coreB 4 39 1070 0.023325
coreB 5 34 240 0.02193
coreB 6 29 96 0.0184469
coreB 7 28 52 0.0223069
coreB 8 20 24 0.0174179
coreB 9 14 9 0.017828
total 0.0706511
coreA 1 14 14 0.0157979
coreA 2 13 13 0.028316
coreA 3 13 13 0.0368481
coreA 4 13 13 0.043638
coreA 5 13 13 0.028455
coreA 6 13 13 0.0300272
coreA 7 13 13 0.0482681
coreA 8 13 13 0.0302708
coreA 9 13 13 0.0282671
coreB 1 51 19190 0.022311
coreB 2 50 11362 0.0330079
coreB 3 45 4590 0.0289168
coreB 4 39 1070 0.025521
coreB 5 34 240 0.0221539
coreB 6 29 96 0.0254929
coreB 7 28 52 0.027086
coreB 8 20 24 0.024003
coreB 9 14 9 0.022486
total 0.074693
coreA 1 14 14 0.015933
coreA 2 13 13 0.0304329
coreA 3 13 13 0.0296919
coreA 4 13 13 0.030184
coreA 5 13 13 0.0302231
coreA 6 13 13 0.0301878
coreA 7 13 13 0.0363462
coreA 8 13 13 0.0363419
coreA 9 13 13 0.0300221
coreB 1 51 19190 0.0228119
coreB 2 50 11362 0.0264299
coreB 3 45 4590 0.0296731
coreB 4 39 1070 0.035166
coreB 5 34 240 0.0279391
coreB 6 29 96 0.0234311
coreB 7 28 52 0.023334
coreB 8 20 24 0.0240571
coreB 9 14 9 0.0231621
total 0.0686231
coreA 1 14 14 0.0160961
coreA 2 13 13 0.0208361
coreA 3 13 13 0.020313
coreA 4 13 13 0.023005
coreA 5 13 13 0.0230789
coreA 6 13 13 0.0210831
coreA 7 13 13 0.0218759
coreA 8 13 13 0.021709
coreA 9 13 13 0.0216501
coreB 1 51 19190 0.0379729
coreB 2 50 11362 0.029295
coreB 3 45 4590 0.0218282
coreB 4 39 1070 0.0217481
coreB 5 34 240 0.023391
coreB 6 29 96 0.0211902
coreB 7 28 52 0.0174201
coreB 8 20 24 0.022958
coreB 9 14 9 0.018631
total 0.077817
coreA 1 14 14 0.016593
coreA 2 13 13 0.021354
coreA 3 13 13 0.021935
coreA 4 13 13 0.0218859
coreA 5 13 13 0.0219052
coreA 6 13 13 0.0218391
coreA 7 13 13 0.0227418
coreA 8 13 13 0.0275168
coreA 9 13 13 0.0269589
coreB 1 51 19190 0.0586891
coreB 2 50 11362 0.0249128
coreB 3 45 4590 0.0286698
coreB 4 39 1070 0.026325
coreB 5 34 240 0.0196218
coreB 6 29 96 0.018827
coreB 7 28 52 0.0256908
coreB 8 20 24 0.025687
coreB 9 14 9 0.019485
total 0.098335
coreA 1 14 14 0.023802
coreA 2 13 13 0.0256071
coreA 3 13 13 0.025574
coreA 4 13 13 0.0238371
coreA 5 13 13 0.0258138
coreA 6 13 13 0.0271499
coreA 7 13 13 0.0260899
coreA 8 13 13 0.029979
coreA 9 13 13 0.0306852
coreB 1 51 19190 0.022372
coreB 2 50 11362 0.051513
coreB 3 45 4590 0.0330958
coreB 4 39 1070 0.0528162
coreB 5 34 240 0.0472732
coreB 6 29 96 0.022789
coreB 7 28 52 0.0490742
coreB 8 20 24 0.0452521
coreB 9 14 9 0.0287249
total 0.086143
coreA 1 14 14 0.0163751
coreA 2 13 13 0.0218902
coreA 3 13 13 0.0241401
coreA 4 13 13 0.035327
coreA 5 13 13 0.022455
coreA 6 13 13 0.0358031
coreA 7 13 13 0.0549741
coreA 8 13 13 0.022326
coreA 9 13 13 0.0549741
coreB 1 51 19190 0.0405421
coreB 2 50 11362 0.0305281
coreB 3 45 4590 0.0230851
coreB 4 39 1070 0.0244861
coreB 5 34 240 0.0190079
coreB 6 29 96 0.030772
coreB 7 28 52 0.0265241
coreB 8 20 24 0.0173759
coreB 9 14 9 0.0208549
total 0.0821052
coreA 1 14 14 0.0165741
coreA 2 13 13 0.0460889
coreA 3 13 13 0.0490019
coreA 4 13 13 0.0302691
coreA 5 13 13 0.046716
coreA 6 13 13 0.0272191
coreA 7 13 13 0.04321
coreA 8 13 13 0.025949
coreA 9 13 13 0.0296261
coreB 1 51 19190 0.0231678
coreB 2 50 11362 0.026278
coreB 3 45 4590 0.0292511
coreB 4 39 1070 0.0242891
coreB 5 34 240 0.0221901
coreB 6 29 96 0.0264001
coreB 7 28 52 0.0216701
coreB 8 20 24 0.0206659
coreB 9 14 9 0.0239642
total 0.0767159
coreA 1 14 14 0.016274
coreA 2 13 13 0.0455461
coreA 3 13 13 0.0243831
coreA 4 13 13 0.022332
coreA 5 13 13 0.0223639
coreA 6 13 13 0.02233
coreA 7 13 13 0.023092
coreA 8 13 13 0.045253
coreA 9 13 13 0.0271621
coreB 1 51 19190 0.0386319
coreB 2 50 11362 0.0270641
coreB 3 45 4590 0.0228601
coreB 4 39 1070 0.0231528
coreB 5 34 240 0.0229511
coreB 6 29 96 0.022861
coreB 7 28 52 0.0209451
coreB 8 20 24 0.018522
coreB 9 14 9 0.0189402
total 0.0766079
coreA 1 14 14 0.0158229
coreA 2 13 13 0.0275211
coreA 3 13 13 0.0279582
coreA 4 13 13 0.025969
coreA 5 13 13 0.0281782
coreA 6 13 13 0.0349209
coreA 7 13 13 0.048969
coreA 8 13 13 0.030045
coreA 9 13 13 0.03652
coreB 1 51 19190 0.0233481
coreB 2 50 11362 0.0351481
coreB 3 45 4590 0.028178
coreB 4 39 1070 0.0279019
coreB 5 34 240 0.0291929
coreB 6 29 96 0.0291159
coreB 7 28 52 0.0282981
coreB 8 20 24 0.022182
coreB 9 14 9 0.022542
total 0.075321
coreA 1 14 14 0.015748
coreA 2 13 13 0.02616
coreA 3 13 13 0.0265539
coreA 4 13 13 0.027092
coreA 5 13 13 0.030576
coreA 6 13 13 0.0293579
coreA 7 13 13 0.0281172
coreA 8 13 13 0.0252259
coreA 9 13 13 0.0454769
coreB 1 51 19190 0.021841
coreB 2 50 11362 0.0324261
coreB 3 45 4590 0.0263479
coreB 4 39 1070 0.023814
coreB 5 34 240 0.025986
coreB 6 29 96 0.0261099
coreB 7 28 52 0.0205052
coreB 8 20 24 0.023253
coreB 9 14 9 0.0222991
total 0.0716069
coreA 1 14 14 0.0161171
coreA 2 13 13 0.026721
coreA 3 13 13 0.0315621
coreA 4 13 13 0.037714
coreA 5 13 13 0.03037
coreA 6 13 13 0.036294
coreA 7 13 13 0.030369
coreA 8 13 13 0.0272641
coreA 9 13 13 0.029048
coreB 1 51 19190 0.0220809
coreB 2 50 11362 0.034503
coreB 3 45 4590 0.030606
coreB 4 39 1070 0.0243909
coreB 5 34 240 0.0258081
coreB 6 29 96 0.0226412
coreB 7 28 52 0.0303199
coreB 8 20 24 0.022238
coreB 9 14 9 0.0199161
total 0.0672479
coreA 1 14 14 0.0218351
coreA 2 13 13 0.0301261
coreA 3 13 13 0.029803
coreA 4 13 13 0.0354428
coreA 5 13 13 0.0332439
coreA 6 13 13 0.036603
coreA 7 13 13 0.031739
coreA 8 13 13 0.039288
coreA 9 13 13 0.03742
coreB 1 51 19190 0.0218391
coreB 2 50 11362 0.0354249
coreB 3 45 4590 0.0297849
coreB 4 39 1070 0.0371599
coreB 5 34 240 0.0235369
coreB 6 29 96 0.027019
coreB 7 28 52 0.026047
coreB 8 20 24 0.0288539
coreB 9 14 9 0.0244961
total 0.0717719
coreA 1 14 14 0.0159721
coreA 2 13 13 0.0273681
coreA 3 13 13 0.0429311
coreA 4 13 13 0.0451059
coreA 5 13 13 0.025696
coreA 6 13 13 0.0430632
coreA 7 13 13 0.02546
coreA 8 13 13 0.0445271
coreA 9 13 13 0.026361
coreB 1 51 19190 0.022655
coreB 2 50 11362 0.0262001
coreB 3 45 4590 0.027092
coreB 4 39 1070 0.023828
coreB 5 34 240 0.0189559
coreB 6 29 96 0.0238431
coreB 7 28 52 0.0237441
coreB 8 20 24 0.0189471
coreB 9 14 9 0.0191681
total 0.071681
