coreA 1 14 14 0.015285
coreA 2 13 13 0.027565
coreA 3 13 13 0.032604
coreA 4 13 13 0.0315108
coreA 5 13 13 0.029676
coreA 6 13 13 0.0313411
coreA 7 13 13 0.0315518
coreA 8 13 13 0.0301371
coreA 9 13 13 0.029283
coreB 1 51 19190 0.053215
coreB 2 50 11362 0.037107
coreB 3 45 4590 0.027715
coreB 4 39 1070 0.0320599
coreB 5 34 240 0.025151
coreB 6 29 96 0.026125
coreB 7 28 52 0.0300369
coreB 8 20 24 0.024797
coreB 9 14 9 0.0219579
total 0.101547
coreA 1 14 14 0.0138111
coreA 2 13 13 0.029747
coreA 3 13 13 0.0295281
coreA 4 13 13 0.0301301
coreA 5 13 13 0.02916
coreA 6 13 13 0.0346441
coreA 7 13 13 0.0286541
coreA 8 13 13 0.028893
coreA 9 13 13 0.0294139
coreB 1 51 19190 0.0494909
coreB 2 50 11362 0.033586
coreB 3 45 4590 0.0324109
coreB 4 39 1070 0.029599
coreB 5 34 240 0.033747
coreB 6 29 96 0.0311508
coreB 7 28 52 0.029114
coreB 8 20 24 0.0238681
coreB 9 14 9 0.021698
total 0.0926068
coreA 1 14 14 0.013947
coreA 2 13 13 0.058707
coreA 3 13 13 0.0545902
coreA 4 13 13 0.058758
coreA 5 13 13 0.0561402
coreA 6 13 13 0.0679739
coreA 7 13 13 0.033339
coreA 8 13 13 0.0384929
coreA 9 13 13 0.038965
coreB 1 51 19190 0.020726
coreB 2 50 11362 0.0315549
coreB 3 45 4590 0.0344651
coreB 4 39 1070 0.0348639
coreB 5 34 240 0.0313971
coreB 6 29 96 0.026051
coreB 7 28 52 0.028518
coreB 8 20 24 0.026063
coreB 9 14 9 0.0494199
total 0.0912941
coreA 1 14 14 0.014581
coreA 2 13 13 0.0284278
coreA 3 13 13 0.0339699
coreA 4 13 13 0.0339198
coreA 5 13 13 0.030123
coreA 6 13 13 0.0284069
coreA 7 13 13 0.0344779
coreA 8 13 13 0.0344698
coreA 9 13 13 0.0293658
coreB 1 51 19190 0.055326
coreB 2 50 11362 0.0275588
coreB 3 45 4590 0.0302551
coreB 4 39 1070 0.0329521
coreB 5 34 240 0.024183
coreB 6 29 96 0.0283411
coreB 7 28 52 0.0264249
coreB 8 20 24 0.0280249
coreB 9 14 9 0.028044
total 0.0975749
coreA 1 14 14 0.0143199
coreA 2 13 13 0.0303211
coreA 3 13 13 0.0295942
coreA 4 13 13 0.0279291
coreA 5 13 13 0.0309551
coreA 6 13 13 0.030679
coreA 7 13 13 0.030334
coreA 8 13 13 0.0309558
coreA 9 13 13 0.029211
coreB 1 51 19190 0.0506711
coreB 2 50 11362 0.0274148
coreB 3 45 4590 0.034198
coreB 4 39 1070 0.0260708
coreB 5 34 240 0.0247359
coreB 6 29 96 0.0276189
coreB 7 28 52 0.032974
coreB 8 20 24 0.0245209
coreB 9 14 9 0.0217988
total 0.0948191
coreA 1 14 14 0.0143101
coreA 2 13 13 0.0294569
coreA 3 13 13 0.0307119
coreA 4 13 13 0.0294459
coreA 5 13 13 0.028178
coreA 6 13 13 0.0338571
coreA 7 13 13 0.030292
coreA 8 13 13 0.0303321
coreA 9 13 13 0.033829
coreB 1 51 19190 0.053565
coreB 2 50 11362 0.0332739
coreB 3 45 4590 0.033272
coreB 4 39 1070 0.027662
coreB 5 34 240 0.0256269
coreB 6 29 96 0.025713
coreB 7 28 52 0.026212
coreB 8 20 24 0.0226619
coreB 9 14 9 0.0224869
total 0.0966489
coreA 1 14 14 0.0139949
coreA 2 13 13 0.028995
coreA 3 13 13 0.029104
coreA 4 13 13 0.0342009
coreA 5 13 13 0.0338271
coreA 6 13 13 0.0343871
coreA 7 13 13 0.029217
coreA 8 13 13 0.0288541
coreA 9 13 13 0.0342431
coreB 1 51 19190 0.0539172
coreB 2 50 11362 0.0312011
coreB 3 45 4590 0.0329471
coreB 4 39 1070 0.0320132
coreB 5 34 240 0.027271
coreB 6 29 96 0.0267899
coreB 7 28 52 0.022155
coreB 8 20 24 0.0238361
coreB 9 14 9 0.0270271
total 0.096303
coreA 1 14 14 0.0140591
coreA 2 13 13 0.0745289
coreA 3 13 13 0.0322981
coreA 4 13 13 0.0720439
coreA 5 13 13 0.075671
coreA 6 13 13 0.081372
coreA 7 13 13 0.072062
coreA 8 13 13 0.0382202
coreA 9 13 13 0.0745289
coreB 1 51 19190 0.0273528
coreB 2 50 11362 0.029119
coreB 3 45 4590 0.0355902
coreB 4 39 1070 0.0296741
coreB 5 34 240 0.033205
coreB 6 29 96 0.0452049
coreB 7 28 52 0.0250959
coreB 8 20 24 0.023231
coreB 9 14 9 0.0239341
total 0.105061
coreA 1 14 14 0.0144889
coreA 2 13 13 0.030057
coreA 3 13 13 0.0310421
coreA 4 13 13 0.0323648
coreA 5 13 13 0.031085
coreA 6 13 13 0.0350821
coreA 7 13 13 0.0291562
coreA 8 13 13 0.0321779
coreA 9 13 13 0.0353558
coreB 1 51 19190 0.0499079
coreB 2 50 11362 0.0292559
coreB 3 45 4590 0.030556
coreB 4 39 1070 0.025337
coreB 5 34 240 0.0307209
coreB 6 29 96 0.029423
coreB 7 28 52 0.0247869
coreB 8 20 24 0.0229249
coreB 9 14 9 0.0261998
total 0.090193
coreA 1 14 14 0.014185
coreA 2 13 13 0.027611
coreA 3 13 13 0.0297248
coreA 4 13 13 0.0343161
coreA 5 13 13 0.030735
coreA 6 13 13 0.0293341
coreA 7 13 13 0.030921
coreA 8 13 13 0.0341029
coreA 9 13 13 0.0294991
coreB 1 51 19190 0.0546181
coreB 2 50 11362 0.030488
coreB 3 45 4590 0.033973
coreB 4 39 1070 0.029712
coreB 5 34 240 0.0279498
coreB 6 29 96 0.0290539
coreB 7 28 52 0.0232372
coreB 8 20 24 0.0244708
coreB 9 14 9 0.0236769
total 0.0987241
