coreA 1 14 14 0.0278561
coreA 2 13 13 0.0476191
coreA 3 13 13 0.0388482
coreA 4 13 13 0.0615699
coreA 5 13 13 0.0486469
coreA 6 13 13 0.0486629
coreA 7 13 13 0.0487442
coreA 8 13 13 0.0377109
coreA 9 13 13 0.0422759
coreB 1 51 19190 0.144001
coreB 2 50 11362 0.0529861
coreB 3 45 4590 0.045531
coreB 4 39 1070 0.046459
coreB 5 34 240 0.0431609
coreB 6 29 96 0.040832
coreB 7 28 52 0.0432589
coreB 8 20 24 0.0896659
coreB 9 14 9 0.043201
total 0.256189
coreA 1 14 14 0.025722
coreA 2 13 13 0.047787
coreA 3 13 13 0.0478461
coreA 4 13 13 0.0476971
coreA 5 13 13 0.0478961
coreA 6 13 13 0.047648
coreA 7 13 13 0.047972
coreA 8 13 13 0.0476949
coreA 9 13 13 0.0476499
coreB 1 51 19190 0.12876
coreB 2 50 11362 0.0527909
coreB 3 45 4590 0.045444
coreB 4 39 1070 0.04513
coreB 5 34 240 0.0437419
coreB 6 29 96 0.0434759
coreB 7 28 52 0.043139
coreB 8 20 24 0.0428851
coreB 9 14 9 0.0410519
total 0.238948
coreA 1 14 14 0.0254459
coreA 2 13 13 0.0480409
coreA 3 13 13 0.0434358
coreA 4 13 13 0.0366859
coreA 5 13 13 0.049541
coreA 6 13 13 0.0491228
coreA 7 13 13 0.0478799
coreA 8 13 13 0.175109
coreA 9 13 13 0.039197
coreB 1 51 19190 0.124323
coreB 2 50 11362 0.0534959
coreB 3 45 4590 0.049552
coreB 4 39 1070 0.0700071
coreB 5 34 240 0.0438809
coreB 6 29 96 0.043575
coreB 7 28 52 0.042937
coreB 8 20 24 0.0294771
coreB 9 14 9 0.028156
total 0.26845
coreA 1 14 14 0.0249932
coreA 2 13 13 0.0485001
coreA 3 13 13 0.048243
coreA 4 13 13 0.048177
coreA 5 13 13 0.048717
coreA 6 13 13 0.0480399
coreA 7 13 13 0.0483649
coreA 8 13 13 0.0483432
coreA 9 13 13 0.0478652
coreB 1 51 19190 0.045053
coreB 2 50 11362 0.0539792
coreB 3 45 4590 0.0475931
coreB 4 39 1070 0.0810699
coreB 5 34 240 0.043371
coreB 6 29 96 0.043283
coreB 7 28 52 0.0435281
coreB 8 20 24 0.043041
coreB 9 14 9 0.0432551
total 0.244888
coreA 1 14 14 0.0303278
coreA 2 13 13 0.0500841
coreA 3 13 13 0.0469091
coreA 4 13 13 0.051373
coreA 5 13 13 0.0500631
coreA 6 13 13 0.0492089
coreA 7 13 13 0.0509899
coreA 8 13 13 0.044874
coreA 9 13 13 0.052985
coreB 1 51 19190 0.13767
coreB 2 50 11362 0.0543818
coreB 3 45 4590 0.039676
coreB 4 39 1070 0.046155
coreB 5 34 240 0.0437789
coreB 6 29 96 0.042973
coreB 7 28 52 0.043062
coreB 8 20 24 0.0427232
coreB 9 14 9 0.0428779
total 0.249998
coreA 1 14 14 0.0265539
coreA 2 13 13 0.0487611
coreA 3 13 13 0.0482631
coreA 4 13 13 0.04793
coreA 5 13 13 0.048871
coreA 6 13 13 0.047888
coreA 7 13 13 0.0489669
coreA 8 13 13 0.0475979
coreA 9 13 13 0.0479012
coreB 1 51 19190 0.132739
coreB 2 50 11362 0.0540309
coreB 3 45 4590 0.046571
coreB 4 39 1070 0.0600748
coreB 5 34 240 0.038413
coreB 6 29 96 0.0293589
coreB 7 28 52 0.043196
coreB 8 20 24 0.043009
coreB 9 14 9 0.0431409
total 0.254489
coreA 1 14 14 0.0294049
coreA 2 13 13 0.0488451
coreA 3 13 13 0.036773
coreA 4 13 13 0.080389
coreA 5 13 13 0.049068
coreA 6 13 13 0.049262
coreA 7 13 13 0.0489688
coreA 8 13 13 0.04075
coreA 9 13 13 0.0402861
coreB 1 51 19190 0.124351
coreB 2 50 11362 0.05389
coreB 3 45 4590 0.043076
coreB 4 39 1070 0.0279579
coreB 5 34 240 0.0435369
coreB 6 29 96 0.0429828
coreB 7 28 52 0.043236
coreB 8 20 24 0.0427442
coreB 9 14 9 0.0432181
total 0.248729
coreA 1 14 14 0.0261889
coreA 2 13 13 0.0488229
coreA 3 13 13 0.038506
coreA 4 13 13 0.0385199
coreA 5 13 13 0.0492201
coreA 6 13 13 0.037864
coreA 7 13 13 0.0490589
coreA 8 13 13 0.0731921
coreA 9 13 13 0.048414
coreB 1 51 19190 0.124708
coreB 2 50 11362 0.0538549
coreB 3 45 4590 0.0427279
coreB 4 39 1070 0.0459859
coreB 5 34 240 0.043611
coreB 6 29 96 0.0430291
coreB 7 28 52 0.0431559
coreB 8 20 24 0.0426209
coreB 9 14 9 0.0330749
total 0.247915
coreA 1 14 14 0.0261691
coreA 2 13 13 0.0489609
coreA 3 13 13 0.0482931
coreA 4 13 13 0.0487058
coreA 5 13 13 0.0491271
coreA 6 13 13 0.048218
coreA 7 13 13 0.0481138
coreA 8 13 13 0.0481629
coreA 9 13 13 0.0479569
coreB 1 51 19190 0.132709
coreB 2 50 11362 0.050848
coreB 3 45 4590 0.0357251
coreB 4 39 1070 0.0294299
coreB 5 34 240 0.0434279
coreB 6 29 96 0.0435581
coreB 7 28 52 0.0432138
coreB 8 20 24 0.0631371
coreB 9 14 9 0.0629611
total 0.257975
coreA 1 14 14 0.0259709
coreA 2 13 13 0.049124
coreA 3 13 13 0.161276
coreA 4 13 13 0.0495241
coreA 5 13 13 0.048578
coreA 6 13 13 0.0406401
coreA 7 13 13 0.0493948
coreA 8 13 13 0.0383558
coreA 9 13 13 0.0400178
coreB 1 51 19190 0.126189
coreB 2 50 11362 0.0535228
coreB 3 45 4590 0.0410759
coreB 4 39 1070 0.0383949
coreB 5 34 240 0.04405
coreB 6 29 96 0.033499
coreB 7 28 52 0.0429869
coreB 8 20 24 0.0592868
coreB 9 14 9 0.0433409
total 0.254508
