coreA 1 14 14 0.040082
coreA 2 13 13 0.039221
coreA 3 13 13 0.038641
coreA 4 13 13 0.038763
coreA 5 13 13 0.0390341
coreA 6 13 13 0.0390821
coreA 7 13 13 0.0400901
coreA 8 13 13 0.040246
coreA 9 13 13 0.0369079
coreB 1 51 19190 0.0706031
coreB 2 50 11362 0.0520661
coreB 3 45 4590 0.044832
coreB 4 39 1070 0.03966
coreB 5 34 240 0.038409
coreB 6 29 96 0.03736
coreB 7 28 52 0.0373571
coreB 8 20 24 0.0370152
coreB 9 14 9 0.037379
total 0.792109
coreA 1 14 14 0.0392101
coreA 2 13 13 0.039387
coreA 3 13 13 0.039
coreA 4 13 13 0.047776
coreA 5 13 13 0.0466709
coreA 6 13 13 0.039135
coreA 7 13 13 0.0387881
coreA 8 13 13 0.0393782
coreA 9 13 13 0.03705
coreB 1 51 19190 0.062798
coreB 2 50 11362 0.0530782
coreB 3 45 4590 0.0461161
coreB 4 39 1070 0.0399148
coreB 5 34 240 0.038517
coreB 6 29 96 0.03773
coreB 7 28 52 0.0373139
coreB 8 20 24 0.037221
coreB 9 14 9 0.037009
total 0.799784
coreA 1 14 14 0.039221
coreA 2 13 13 0.0390699
coreA 3 13 13 0.0389891
coreA 4 13 13 0.0388241
coreA 5 13 13 0.0392141
coreA 6 13 13 0.039737
coreA 7 13 13 0.039104
coreA 8 13 13 0.0396461
coreA 9 13 13 0.0366409
coreB 1 51 19190 0.059227
coreB 2 50 11362 0.0514991
coreB 3 45 4590 0.0484672
coreB 4 39 1070 0.0395169
coreB 5 34 240 0.038697
coreB 6 29 96 0.037667
coreB 7 28 52 0.037179
coreB 8 20 24 0.0370948
coreB 9 14 9 0.0373349
total 0.780818
coreA 1 14 14 0.0397201
coreA 2 13 13 0.0391059
coreA 3 13 13 0.039084
coreA 4 13 13 0.0389762
coreA 5 13 13 0.039124
coreA 6 13 13 0.039171
coreA 7 13 13 0.03969
coreA 8 13 13 0.0392611
coreA 9 13 13 0.0365391
coreB 1 51 19190 0.0595291
coreB 2 50 11362 0.0517499
coreB 3 45 4590 0.0450339
coreB 4 39 1070 0.0396581
coreB 5 34 240 0.0387571
coreB 6 29 96 0.0381291
coreB 7 28 52 0.0375271
coreB 8 20 24 0.0373321
coreB 9 14 9 0.038434
total 0.780565
coreA 1 14 14 0.0392761
coreA 2 13 13 0.0393441
coreA 3 13 13 0.0388091
coreA 4 13 13 0.0387132
coreA 5 13 13 0.0389941
coreA 6 13 13 0.0392041
coreA 7 13 13 0.0389459
coreA 8 13 13 0.039288
coreA 9 13 13 0.03672
coreB 1 51 19190 0.059047
coreB 2 50 11362 0.051414
coreB 3 45 4590 0.044781
coreB 4 39 1070 0.0393121
coreB 5 34 240 0.0389731
coreB 6 29 96 0.0374379
coreB 7 28 52 0.037082
coreB 8 20 24 0.037065
coreB 9 14 9 0.0373681
total 0.775895
coreA 1 14 14 0.0397382
coreA 2 13 13 0.039274
coreA 3 13 13 0.0388899
coreA 4 13 13 0.0389349
coreA 5 13 13 0.0393589
coreA 6 13 13 0.0391979
coreA 7 13 13 0.0392728
coreA 8 13 13 0.0392029
coreA 9 13 13 0.0368319
coreB 1 51 19190 0.060195
coreB 2 50 11362 0.052546
coreB 3 45 4590 0.045187
coreB 4 39 1070 0.039537
coreB 5 34 240 0.0383351
coreB 6 29 96 0.0380712
coreB 7 28 52 0.0381701
coreB 8 20 24 0.0373452
coreB 9 14 9 0.037111
total 0.781252
coreA 1 14 14 0.039398
coreA 2 13 13 0.0392978
coreA 3 13 13 0.039048
coreA 4 13 13 0.0392351
coreA 5 13 13 0.0396161
coreA 6 13 13 0.0395591
coreA 7 13 13 0.0391381
coreA 8 13 13 0.039974
coreA 9 13 13 0.0367489
coreB 1 51 19190 0.0659511
coreB 2 50 11362 0.052238
coreB 3 45 4590 0.044991
coreB 4 39 1070 0.0394421
coreB 5 34 240 0.038425
coreB 6 29 96 0.0372701
coreB 7 28 52 0.0373569
coreB 8 20 24 0.0370748
coreB 9 14 9 0.037024
total 0.785884
coreA 1 14 14 0.039289
coreA 2 13 13 0.0392599
coreA 3 13 13 0.039294
coreA 4 13 13 0.038892
coreA 5 13 13 0.0392969
coreA 6 13 13 0.0393751
coreA 7 13 13 0.0391979
coreA 8 13 13 0.0399978
coreA 9 13 13 0.0367289
coreB 1 51 19190 0.059381
coreB 2 50 11362 0.052386
coreB 3 45 4590 0.045289
coreB 4 39 1070 0.0395012
coreB 5 34 240 0.038624
coreB 6 29 96 0.0378389
coreB 7 28 52 0.037478
coreB 8 20 24 0.0370281
coreB 9 14 9 0.037395
total 0.780043
coreA 1 14 14 0.0395081
coreA 2 13 13 0.0392809
coreA 3 13 13 0.03897
coreA 4 13 13 0.038888
coreA 5 13 13 0.03948
coreA 6 13 13 0.03934
coreA 7 13 13 0.039216
coreA 8 13 13 0.039767
coreA 9 13 13 0.0363779
coreB 1 51 19190 0.059329
coreB 2 50 11362 0.05181
coreB 3 45 4590 0.0448499
coreB 4 39 1070 0.0399151
coreB 5 34 240 0.0383179
coreB 6 29 96 0.0378408
coreB 7 28 52 0.037632
coreB 8 20 24 0.037168
coreB 9 14 9 0.0372212
total 0.779266
coreA 1 14 14 0.0422771
coreA 2 13 13 0.0390952
coreA 3 13 13 0.039248
coreA 4 13 13 0.0389652
coreA 5 13 13 0.0390699
coreA 6 13 13 0.0396988
coreA 7 13 13 0.039089
coreA 8 13 13 0.039552
coreA 9 13 13 0.0369031
coreB 1 51 19190 0.0589051
coreB 2 50 11362 0.0515721
coreB 3 45 4590 0.045192
coreB 4 39 1070 0.039562
coreB 5 34 240 0.038662
coreB 6 29 96 0.0377331
coreB 7 28 52 0.037359
coreB 8 20 24 0.037293
coreB 9 14 9 0.0375021
total 0.781759
