coreA 1 14 14 0.0184581
coreA 2 13 13 0.0373259
coreA 3 13 13 0.045109
coreA 4 13 13 0.118414
coreA 5 13 13 0.0420809
coreA 6 13 13 0.0453119
coreA 7 13 13 0.045325
coreA 8 13 13 0.0491829
coreA 9 13 13 0.044708
coreB 1 51 19190 0.0713749
coreB 2 50 11362 0.0449209
coreB 3 45 4590 0.0402088
coreB 4 39 1070 0.035893
coreB 5 34 240 0.0395551
coreB 6 29 96 0.0525429
coreB 7 28 52 0.056886
coreB 8 20 24 0.0324211
coreB 9 14 9 0.0324392
total 0.150961
coreA 1 14 14 0.0168018
coreA 2 13 13 0.0482938
coreA 3 13 13 0.04814
coreA 4 13 13 0.049511
coreA 5 13 13 0.0481739
coreA 6 13 13 0.0496469
coreA 7 13 13 0.0481989
coreA 8 13 13 0.0484829
coreA 9 13 13 0.048532
coreB 1 51 19190 0.07375
coreB 2 50 11362 0.0487361
coreB 3 45 4590 0.045507
coreB 4 39 1070 0.045207
coreB 5 34 240 0.0437739
coreB 6 29 96 0.0436001
coreB 7 28 52 0.0431001
coreB 8 20 24 0.043211
coreB 9 14 9 0.0432689
total 0.13405
coreA 1 14 14 0.0167489
coreA 2 13 13 0.040458
coreA 3 13 13 0.0390999
coreA 4 13 13 0.0361049
coreA 5 13 13 0.039305
coreA 6 13 13 0.0570271
coreA 7 13 13 0.039633
coreA 8 13 13 0.0588741
coreA 9 13 13 0.044168
coreB 1 51 19190 0.08235
coreB 2 50 11362 0.048744
coreB 3 45 4590 0.0452061
coreB 4 39 1070 0.0392599
coreB 5 34 240 0.038718
coreB 6 29 96 0.035439
coreB 7 28 52 0.0587831
coreB 8 20 24 0.0323389
coreB 9 14 9 0.030283
total 0.152437
coreA 1 14 14 0.018199
coreA 2 13 13 0.0421219
coreA 3 13 13 0.0448601
coreA 4 13 13 0.043937
coreA 5 13 13 0.0458291
coreA 6 13 13 0.0445859
coreA 7 13 13 0.0462809
coreA 8 13 13 0.0409391
coreA 9 13 13 0.059958
coreB 1 51 19190 0.078182
coreB 2 50 11362 0.0479441
coreB 3 45 4590 0.046185
coreB 4 39 1070 0.045429
coreB 5 34 240 0.0437591
coreB 6 29 96 0.0432711
coreB 7 28 52 0.043015
coreB 8 20 24 0.0429699
coreB 9 14 9 0.0430222
total 0.138047
coreA 1 14 14 0.0179758
coreA 2 13 13 0.0937009
coreA 3 13 13 0.100857
coreA 4 13 13 0.117852
coreA 5 13 13 0.100589
coreA 6 13 13 0.05128
coreA 7 13 13 0.106037
coreA 8 13 13 0.049629
coreA 9 13 13 0.106608
coreB 1 51 19190 0.042151
coreB 2 50 11362 0.0532532
coreB 3 45 4590 0.041491
coreB 4 39 1070 0.0428181
coreB 5 34 240 0.0448959
coreB 6 29 96 0.0256751
coreB 7 28 52 0.064014
coreB 8 20 24 0.0621548
coreB 9 14 9 0.0693409
total 0.147655
coreA 1 14 14 0.0184929
coreA 2 13 13 0.037962
coreA 3 13 13 0.0346591
coreA 4 13 13 0.05881
coreA 5 13 13 0.039932
coreA 6 13 13 0.0409479
coreA 7 13 13 0.0414031
coreA 8 13 13 0.0398209
coreA 9 13 13 0.0598669
coreB 1 51 19190 0.084161
coreB 2 50 11362 0.0482309
coreB 3 45 4590 0.045856
coreB 4 39 1070 0.045212
coreB 5 34 240 0.043777
coreB 6 29 96 0.043355
coreB 7 28 52 0.0430388
coreB 8 20 24 0.0434489
coreB 9 14 9 0.0429521
total 0.144601
coreA 1 14 14 0.01895
coreA 2 13 13 0.0496309
coreA 3 13 13 0.0492182
coreA 4 13 13 0.0495391
coreA 5 13 13 0.0494962
coreA 6 13 13 0.0491378
coreA 7 13 13 0.049535
coreA 8 13 13 0.0711288
coreA 9 13 13 0.04936
coreB 1 51 19190 0.0233979
coreB 2 50 11362 0.075551
coreB 3 45 4590 0.0325902
coreB 4 39 1070 0.0553861
coreB 5 34 240 0.048774
coreB 6 29 96 0.0485768
coreB 7 28 52 0.0230319
coreB 8 20 24 0.023926
coreB 9 14 9 0.0241208
total 0.151967
coreA 1 14 14 0.0182149
coreA 2 13 13 0.0517011
coreA 3 13 13 0.0515261
coreA 4 13 13 0.0515699
coreA 5 13 13 0.0526471
coreA 6 13 13 0.053591
coreA 7 13 13 0.0568659
coreA 8 13 13 0.0511122
coreA 9 13 13 0.0555241
coreB 1 51 19190 0.025337
coreB 2 50 11362 0.062465
coreB 3 45 4590 0.0429718
coreB 4 39 1070 0.0396881
coreB 5 34 240 0.0433459
coreB 6 29 96 0.0314989
coreB 7 28 52 0.0520301
coreB 8 20 24 0.0364461
coreB 9 14 9 0.065464
total 0.147688
coreA 1 14 14 0.01895
coreA 2 13 13 0.044785
coreA 3 13 13 0.041554
coreA 4 13 13 0.045352
coreA 5 13 13 0.0464861
coreA 6 13 13 0.0465071
coreA 7 13 13 0.045577
coreA 8 13 13 0.0449491
coreA 9 13 13 0.061614
coreB 1 51 19190 0.086493
coreB 2 50 11362 0.044656
coreB 3 45 4590 0.0493629
coreB 4 39 1070 0.0414729
coreB 5 34 240 0.0394421
coreB 6 29 96 0.0359049
coreB 7 28 52 0.0391562
coreB 8 20 24 0.0551679
coreB 9 14 9 0.0354779
total 0.154397
coreA 1 14 14 0.0175681
coreA 2 13 13 0.043118
coreA 3 13 13 0.0447919
coreA 4 13 13 0.044436
coreA 5 13 13 0.0452509
coreA 6 13 13 0.0495028
coreA 7 13 13 0.061578
coreA 8 13 13 0.0392501
coreA 9 13 13 0.05018
coreB 1 51 19190 0.086493
coreB 2 50 11362 0.045392
coreB 3 45 4590 0.0436599
coreB 4 39 1070 0.04421
coreB 5 34 240 0.040765
coreB 6 29 96 0.058347
coreB 7 28 52 0.041852
coreB 8 20 24 0.0328689
coreB 9 14 9 0.0348182
total 0.157527
