coreA 1 14 14 0.0488222
coreA 2 13 13 0.0474281
coreA 3 13 13 0.047487
coreA 4 13 13 0.0473952
coreA 5 13 13 0.0473211
coreA 6 13 13 0.047399
coreA 7 13 13 0.048974
coreA 8 13 13 0.048044
coreA 9 13 13 0.045109
coreB 1 51 19190 0.058548
coreB 2 50 11362 0.0520258
coreB 3 45 4590 0.0461459
coreB 4 39 1070 0.0457208
coreB 5 34 240 0.0433109
coreB 6 29 96 0.0429509
coreB 7 28 52 0.0427699
coreB 8 20 24 0.0427072
coreB 9 14 9 0.0426841
total 0.456586
coreA 1 14 14 0.0491769
coreA 2 13 13 0.0482509
coreA 3 13 13 0.048099
coreA 4 13 13 0.0480268
coreA 5 13 13 0.0477459
coreA 6 13 13 0.0475879
coreA 7 13 13 0.0476179
coreA 8 13 13 0.0477901
coreA 9 13 13 0.046423
coreB 1 51 19190 0.0604761
coreB 2 50 11362 0.0556421
coreB 3 45 4590 0.048341
coreB 4 39 1070 0.0464399
coreB 5 34 240 0.043509
coreB 6 29 96 0.043107
coreB 7 28 52 0.0429249
coreB 8 20 24 0.0426452
coreB 9 14 9 0.0426769
total 0.459109
coreA 1 14 14 0.051585
coreA 2 13 13 0.0503111
coreA 3 13 13 0.0481918
coreA 4 13 13 0.0479538
coreA 5 13 13 0.0477691
coreA 6 13 13 0.047514
coreA 7 13 13 0.047394
coreA 8 13 13 0.0474551
coreA 9 13 13 0.045629
coreB 1 51 19190 0.062886
coreB 2 50 11362 0.056181
coreB 3 45 4590 0.048151
coreB 4 39 1070 0.04601
coreB 5 34 240 0.0434561
coreB 6 29 96 0.0429649
coreB 7 28 52 0.0426888
coreB 8 20 24 0.0426629
coreB 9 14 9 0.0426979
total 0.462323
coreA 1 14 14 0.049201
coreA 2 13 13 0.0483689
coreA 3 13 13 0.0479729
coreA 4 13 13 0.0478001
coreA 5 13 13 0.047601
coreA 6 13 13 0.047555
coreA 7 13 13 0.0474379
coreA 8 13 13 0.0473711
coreA 9 13 13 0.0460529
coreB 1 51 19190 0.0598609
coreB 2 50 11362 0.055465
coreB 3 45 4590 0.0480442
coreB 4 39 1070 0.0459931
coreB 5 34 240 0.043328
coreB 6 29 96 0.0429881
coreB 7 28 52 0.0426769
coreB 8 20 24 0.042685
coreB 9 14 9 0.0426579
total 0.45819
coreA 1 14 14 0.049087
coreA 2 13 13 0.0484049
coreA 3 13 13 0.0479941
coreA 4 13 13 0.047837
coreA 5 13 13 0.047729
coreA 6 13 13 0.0476711
coreA 7 13 13 0.047477
coreA 8 13 13 0.0473988
coreA 9 13 13 0.0456939
coreB 1 51 19190 0.0598989
coreB 2 50 11362 0.0550361
coreB 3 45 4590 0.047946
coreB 4 39 1070 0.0458531
coreB 5 34 240 0.0433831
coreB 6 29 96 0.0429111
coreB 7 28 52 0.042644
coreB 8 20 24 0.0426848
coreB 9 14 9 0.042707
total 0.457028
coreA 1 14 14 0.049227
coreA 2 13 13 0.0484929
coreA 3 13 13 0.0487721
coreA 4 13 13 0.048429
coreA 5 13 13 0.0481369
coreA 6 13 13 0.047857
coreA 7 13 13 0.047564
coreA 8 13 13 0.047574
coreA 9 13 13 0.0456061
coreB 1 51 19190 0.05983
coreB 2 50 11362 0.0553939
coreB 3 45 4590 0.047951
coreB 4 39 1070 0.045861
coreB 5 34 240 0.043478
coreB 6 29 96 0.042954
coreB 7 28 52 0.0427179
coreB 8 20 24 0.0425861
coreB 9 14 9 0.0427551
total 0.460105
coreA 1 14 14 0.0492249
coreA 2 13 13 0.048434
coreA 3 13 13 0.0481939
coreA 4 13 13 0.0479128
coreA 5 13 13 0.0498168
coreA 6 13 13 0.047816
coreA 7 13 13 0.047462
coreA 8 13 13 0.047576
coreA 9 13 13 0.045475
coreB 1 51 19190 0.059788
coreB 2 50 11362 0.055191
coreB 3 45 4590 0.0478361
coreB 4 39 1070 0.04585
coreB 5 34 240 0.0441551
coreB 6 29 96 0.04299
coreB 7 28 52 0.0426681
coreB 8 20 24 0.042599
coreB 9 14 9 0.0427008
total 0.460169
coreA 1 14 14 0.0492811
coreA 2 13 13 0.0488529
coreA 3 13 13 0.048255
coreA 4 13 13 0.0481019
coreA 5 13 13 0.047822
coreA 6 13 13 0.0476511
coreA 7 13 13 0.0474949
coreA 8 13 13 0.0474091
coreA 9 13 13 0.0455549
coreB 1 51 19190 0.0596049
coreB 2 50 11362 0.0554221
coreB 3 45 4590 0.0478501
coreB 4 39 1070 0.0461221
coreB 5 34 240 0.0434601
coreB 6 29 96 0.043011
coreB 7 28 52 0.0426121
coreB 8 20 24 0.042696
coreB 9 14 9 0.0426221
total 0.459218
coreA 1 14 14 0.0492809
coreA 2 13 13 0.048646
coreA 3 13 13 0.0484829
coreA 4 13 13 0.0480049
coreA 5 13 13 0.047776
coreA 6 13 13 0.047775
coreA 7 13 13 0.0475938
coreA 8 13 13 0.0476279
coreA 9 13 13 0.0454721
coreB 1 51 19190 0.0598381
coreB 2 50 11362 0.055166
coreB 3 45 4590 0.047657
coreB 4 39 1070 0.0458341
coreB 5 34 240 0.0433581
coreB 6 29 96 0.0429361
coreB 7 28 52 0.042711
coreB 8 20 24 0.042639
coreB 9 14 9 0.0426891
total 0.459121
coreA 1 14 14 0.0492101
coreA 2 13 13 0.0488138
coreA 3 13 13 0.0485818
coreA 4 13 13 0.0485561
coreA 5 13 13 0.048281
coreA 6 13 13 0.0480409
coreA 7 13 13 0.047848
coreA 8 13 13 0.0476811
coreA 9 13 13 0.045176
coreB 1 51 19190 0.059463
coreB 2 50 11362 0.0548761
coreB 3 45 4590 0.0476701
coreB 4 39 1070 0.0457871
coreB 5 34 240 0.0434
coreB 6 29 96 0.042933
coreB 7 28 52 0.0426781
coreB 8 20 24 0.0425541
coreB 9 14 9 0.0427301
total 0.460936
