coreA 1 167 803 0.188654
coreA 2 152 669 0.351667
coreA 3 142 599 0.362937
coreA 4 137 540 0.342389
coreA 5 129 494 0.332989
coreA 6 127 462 0.333217
coreA 7 123 432 0.331195
coreA 8 121 411 0.32228
coreA 9 118 399 0.333623
coreA 10 120 381 0.328561
coreA 11 114 372 0.318437
coreA 12 115 361 0.327024
coreA 13 112 345 0.328726
coreA 14 111 336 0.329959
coreA 15 112 330 0.333845
coreA 16 111 320 0.332596
coreA 17 112 310 0.331839
coreA 18 106 304 0.332423
coreA 19 107 294 0.337688
coreA 20 107 287 0.344336
coreA 21 102 280 0.335663
coreA 22 103 272 0.331073
coreA 23 103 268 0.331709
coreA 24 103 266 0.331869
coreA 25 101 257 0.333167
coreA 26 101 252 0.33539
coreA 27 102 247 0.346369
coreA 28 99 243 0.342867
coreA 29 99 235 0.334924
coreA 30 98 229 0.332429
coreA 31 95 226 0.331576
coreB 1 311 25880 0.330315
coreB 2 307 18463 0.363918
coreB 3 296 6297 0.349934
coreB 4 298 4392 0.330377
coreB 5 287 3321 0.321968
coreB 6 271 2435 0.317984
coreB 7 278 1940 0.312952
coreB 8 265 1450 0.309376
coreB 9 258 1195 0.314058
coreB 10 258 961 0.306421
coreB 11 254 752 0.304148
coreB 12 249 623 0.301265
coreB 13 237 506 0.299082
coreB 14 234 410 0.315045
coreB 15 219 336 0.313328
coreB 16 224 278 0.313888
coreB 17 201 224 0.383513
coreB 18 195 195 0.274679
coreB 19 197 170 0.313329
coreB 20 189 143 0.308572
coreB 21 178 124 0.308883
coreB 22 167 101 0.309141
coreB 23 161 90 0.310502
coreB 24 158 77 0.307909
coreB 25 153 65 0.307172
coreB 26 131 60 0.311323
coreB 27 129 51 0.307621
coreB 28 127 46 0.308486
coreB 29 116 41 0.307391
coreB 30 113 38 0.253219
coreB 31 103 35 0.232357
total 5.30908
coreA 1 167 803 0.196179
coreA 2 152 669 0.346956
coreA 3 142 599 0.340593
coreA 4 137 540 0.336214
coreA 5 129 494 0.333744
coreA 6 127 462 0.332673
coreA 7 123 432 0.338941
coreA 8 121 411 0.327102
coreA 9 118 399 0.330804
coreA 10 120 381 0.327117
coreA 11 114 372 0.320032
coreA 12 115 361 0.327715
coreA 13 112 345 0.322832
coreA 14 111 336 0.324573
coreA 15 112 330 0.331093
coreA 16 111 320 0.330366
coreA 17 112 310 0.341841
coreA 18 106 304 0.327049
coreA 19 107 294 0.332617
coreA 20 107 287 0.334814
coreA 21 102 280 0.335278
coreA 22 103 272 0.334443
coreA 23 103 268 0.330067
coreA 24 103 266 0.334906
coreA 25 101 257 0.331871
coreA 26 101 252 0.326917
coreA 27 102 247 0.340638
coreA 28 99 243 0.327879
coreA 29 99 235 0.331359
coreA 30 98 229 0.226205
coreA 31 95 226 0.227084
coreB 1 311 25880 2.79606
coreB 2 307 18463 0.187353
coreB 3 296 6297 0.172823
coreB 4 298 4392 0.334263
coreB 5 287 3321 0.324219
coreB 6 271 2435 0.320438
coreB 7 278 1940 0.314961
coreB 8 265 1450 0.308971
coreB 9 258 1195 0.308122
coreB 10 258 961 0.303105
coreB 11 254 752 0.278091
coreB 12 249 623 0.143484
coreB 13 237 506 0.302528
coreB 14 234 410 0.315898
coreB 15 219 336 0.313794
coreB 16 224 278 0.313284
coreB 17 201 224 0.315422
coreB 18 195 195 0.310578
coreB 19 197 170 0.310151
coreB 20 189 143 0.311888
coreB 21 178 124 0.308339
coreB 22 167 101 0.307658
coreB 23 161 90 0.308965
coreB 24 158 77 0.307193
coreB 25 153 65 0.306212
coreB 26 131 60 0.246999
coreB 27 129 51 0.307642
coreB 28 127 46 0.30785
coreB 29 116 41 0.308074
coreB 30 113 38 0.303449
coreB 31 103 35 0.205955
total 5.57244
coreA 1 167 803 0.192093
coreA 2 152 669 0.345918
coreA 3 142 599 0.340222
coreA 4 137 540 0.335569
coreA 5 129 494 0.332463
coreA 6 127 462 0.331529
coreA 7 123 432 0.331131
coreA 8 121 411 0.321893
coreA 9 118 399 0.328734
coreA 10 120 381 0.333832
coreA 11 114 372 0.325472
coreA 12 115 361 0.327967
coreA 13 112 345 0.325012
coreA 14 111 336 0.32548
coreA 15 112 330 0.330536
coreA 16 111 320 0.330819
coreA 17 112 310 0.332005
coreA 18 106 304 0.3266
coreA 19 107 294 0.334149
coreA 20 107 287 0.333095
coreA 21 102 280 0.334622
coreA 22 103 272 0.330945
coreA 23 103 268 0.330295
coreA 24 103 266 0.331751
coreA 25 101 257 0.331513
coreA 26 101 252 0.32559
coreA 27 102 247 0.332286
coreA 28 99 243 0.329426
coreA 29 99 235 0.329958
coreA 30 98 229 0.331111
coreA 31 95 226 0.330634
coreB 1 311 25880 1.64898
coreB 2 307 18463 0.365527
coreB 3 296 6297 0.331786
coreB 4 298 4392 0.326104
coreB 5 287 3321 0.321943
coreB 6 271 2435 0.315241
coreB 7 278 1940 0.309908
coreB 8 265 1450 0.307901
coreB 9 258 1195 0.305758
coreB 10 258 961 0.302222
coreB 11 254 752 0.313027
coreB 12 249 623 0.301548
coreB 13 237 506 0.297609
coreB 14 234 410 0.314686
coreB 15 219 336 0.313171
coreB 16 224 278 0.311729
coreB 17 201 224 0.310048
coreB 18 195 195 0.165922
coreB 19 197 170 0.313801
coreB 20 189 143 0.311241
coreB 21 178 124 0.309336
coreB 22 167 101 0.308772
coreB 23 161 90 0.307853
coreB 24 158 77 0.307562
coreB 25 153 65 0.428975
coreB 26 131 60 0.30839
coreB 27 129 51 0.305817
coreB 28 127 46 0.307116
coreB 29 116 41 0.306121
coreB 30 113 38 0.306795
coreB 31 103 35 0.425378
total 5.28422
coreA 1 167 803 0.192533
coreA 2 152 669 0.34525
coreA 3 142 599 0.337284
coreA 4 137 540 0.337062
coreA 5 129 494 0.332084
coreA 6 127 462 0.332105
coreA 7 123 432 0.331554
coreA 8 121 411 0.325637
coreA 9 118 399 0.209471
coreA 10 120 381 0.326471
coreA 11 114 372 0.20998
coreA 12 115 361 0.324858
coreA 13 112 345 0.327654
coreA 14 111 336 0.326523
coreA 15 112 330 0.33361
coreA 16 111 320 0.333475
coreA 17 112 310 0.332866
coreA 18 106 304 0.332344
coreA 19 107 294 0.335057
coreA 20 107 287 0.332385
coreA 21 102 280 0.331758
coreA 22 103 272 0.331392
coreA 23 103 268 0.331018
coreA 24 103 266 0.33114
coreA 25 101 257 0.326512
coreA 26 101 252 0.330913
coreA 27 102 247 0.333282
coreA 28 99 243 0.331739
coreA 29 99 235 0.331877
coreA 30 98 229 0.330899
coreA 31 95 226 0.330369
coreB 1 311 25880 2.79478
coreB 2 307 18463 0.185015
coreB 3 296 6297 0.170858
coreB 4 298 4392 0.331808
coreB 5 287 3321 0.324512
coreB 6 271 2435 0.319159
coreB 7 278 1940 0.312928
coreB 8 265 1450 0.308685
coreB 9 258 1195 0.308869
coreB 10 258 961 0.304546
coreB 11 254 752 0.554593
coreB 12 249 623 0.16059
coreB 13 237 506 0.301404
coreB 14 234 410 0.315299
coreB 15 219 336 0.312548
coreB 16 224 278 1.47534
coreB 17 201 224 0.314346
coreB 18 195 195 0.310261
coreB 19 197 170 0.309652
coreB 20 189 143 0.311141
coreB 21 178 124 0.308514
coreB 22 167 101 0.308353
coreB 23 161 90 0.308909
coreB 24 158 77 0.308293
coreB 25 153 65 0.501083
coreB 26 131 60 0.176891
coreB 27 129 51 0.309278
coreB 28 127 46 0.300204
coreB 29 116 41 0.175789
coreB 30 113 38 0.184206
coreB 31 103 35 0.131048
total 5.69176
coreA 1 167 803 0.19493
coreA 2 152 669 0.347127
coreA 3 142 599 0.340912
coreA 4 137 540 0.335425
coreA 5 129 494 0.33297
coreA 6 127 462 0.332612
coreA 7 123 432 0.331821
coreA 8 121 411 0.5283
coreA 9 118 399 0.281441
coreA 10 120 381 0.277208
coreA 11 114 372 0.257893
coreA 12 115 361 0.330594
coreA 13 112 345 0.325909
coreA 14 111 336 0.32449
coreA 15 112 330 0.332089
coreA 16 111 320 0.329311
coreA 17 112 310 0.328527
coreA 18 106 304 0.552902
coreA 19 107 294 0.329712
coreA 20 107 287 0.329651
coreA 21 102 280 0.325573
coreA 22 103 272 0.325987
coreA 23 103 268 0.329388
coreA 24 103 266 0.32908
coreA 25 101 257 0.548836
coreA 26 101 252 0.333159
coreA 27 102 247 0.332129
coreA 28 99 243 0.334621
coreA 29 99 235 0.335038
coreA 30 98 229 0.334096
coreA 31 95 226 0.333425
coreB 1 311 25880 2.7828
coreB 2 307 18463 0.183942
coreB 3 296 6297 0.170231
coreB 4 298 4392 0.328267
coreB 5 287 3321 0.322338
coreB 6 271 2435 0.318319
coreB 7 278 1940 0.30882
coreB 8 265 1450 0.305925
coreB 9 258 1195 0.308402
coreB 10 258 961 0.305593
coreB 11 254 752 0.949774
coreB 12 249 623 0.146547
coreB 13 237 506 0.303081
coreB 14 234 410 0.31879
coreB 15 219 336 0.31879
coreB 16 224 278 0.315151
coreB 17 201 224 0.315277
coreB 18 195 195 0.313333
coreB 19 197 170 0.314821
coreB 20 189 143 0.311881
coreB 21 178 124 0.312693
coreB 22 167 101 0.311541
coreB 23 161 90 0.310544
coreB 24 158 77 0.307118
coreB 25 153 65 0.266762
coreB 26 131 60 0.247903
coreB 27 129 51 0.264485
coreB 28 127 46 0.251544
coreB 29 116 41 0.129539
coreB 30 113 38 0.250675
coreB 31 103 35 0.242085
total 5.62712
