coreA 1 167 803 0.317661
coreA 2 152 669 0.298702
coreA 3 142 599 0.37386
coreA 4 137 540 0.304512
coreA 5 129 494 0.305569
coreA 6 127 462 0.302287
coreA 7 123 432 0.298045
coreA 8 121 411 0.288362
coreA 9 118 399 0.297202
coreA 10 120 381 0.298956
coreA 11 114 372 0.284736
coreA 12 115 361 0.284898
coreA 13 112 345 0.281129
coreA 14 111 336 0.281703
coreA 15 112 330 0.281581
coreA 16 111 320 0.281667
coreA 17 112 310 0.295954
coreA 18 106 304 0.296361
coreA 19 107 294 0.283705
coreA 20 107 287 0.29291
coreA 21 102 280 0.282716
coreA 22 103 272 0.282239
coreA 23 103 268 0.280916
coreA 24 103 266 0.292849
coreA 25 101 257 0.28146
coreA 26 101 252 0.280907
coreA 27 102 247 0.278888
coreA 28 99 243 0.280787
coreA 29 99 235 0.280584
coreA 30 98 229 0.278353
coreA 31 95 226 0.28072
coreB 1 311 25880 0.46577
coreB 2 307 18463 0.35621
coreB 3 296 6297 0.321693
coreB 4 298 4392 0.315111
coreB 5 287 3321 0.307292
coreB 6 271 2435 0.302419
coreB 7 278 1940 0.296226
coreB 8 265 1450 0.29234
coreB 9 258 1195 0.292202
coreB 10 258 961 0.302093
coreB 11 254 752 0.300525
coreB 12 249 623 0.302515
coreB 13 237 506 0.302391
coreB 14 234 410 0.293754
coreB 15 219 336 0.290317
coreB 16 224 278 0.28847
coreB 17 201 224 0.286836
coreB 18 195 195 0.286152
coreB 19 197 170 0.28525
coreB 20 189 143 0.284128
coreB 21 178 124 0.283123
coreB 22 167 101 0.282902
coreB 23 161 90 0.280975
coreB 24 158 77 0.281924
coreB 25 153 65 0.279164
coreB 26 131 60 0.277395
coreB 27 129 51 0.280308
coreB 28 127 46 0.27978
coreB 29 116 41 0.277912
coreB 30 113 38 0.277692
coreB 31 103 35 0.276781
total 18.6397
coreA 1 167 803 0.315589
coreA 2 152 669 0.302285
coreA 3 142 599 0.299225
coreA 4 137 540 0.298967
coreA 5 129 494 0.297078
coreA 6 127 462 0.298583
coreA 7 123 432 0.298412
coreA 8 121 411 0.284536
coreA 9 118 399 0.295968
coreA 10 120 381 0.295172
coreA 11 114 372 0.282086
coreA 12 115 361 0.284233
coreA 13 112 345 0.282356
coreA 14 111 336 0.28046
coreA 15 112 330 0.281815
coreA 16 111 320 0.280228
coreA 17 112 310 0.281757
coreA 18 106 304 0.29285
coreA 19 107 294 0.279084
coreA 20 107 287 0.292379
coreA 21 102 280 0.279735
coreA 22 103 272 0.27868
coreA 23 103 268 0.280768
coreA 24 103 266 0.291786
coreA 25 101 257 0.279585
coreA 26 101 252 0.282369
coreA 27 102 247 0.284614
coreA 28 99 243 0.285551
coreA 29 99 235 0.284307
coreA 30 98 229 0.280537
coreA 31 95 226 0.267682
coreB 1 311 25880 0.332791
coreB 2 307 18463 0.355429
coreB 3 296 6297 0.323311
coreB 4 298 4392 0.312796
coreB 5 287 3321 0.308494
coreB 6 271 2435 0.305341
coreB 7 278 1940 0.295299
coreB 8 265 1450 0.293809
coreB 9 258 1195 0.290332
coreB 10 258 961 0.301355
coreB 11 254 752 0.297601
coreB 12 249 623 0.294993
coreB 13 237 506 0.2919
coreB 14 234 410 0.292154
coreB 15 219 336 0.289577
coreB 16 224 278 0.288389
coreB 17 201 224 0.288541
coreB 18 195 195 0.285723
coreB 19 197 170 0.285283
coreB 20 189 143 0.285188
coreB 21 178 124 0.2821
coreB 22 167 101 0.283514
coreB 23 161 90 0.281284
coreB 24 158 77 0.279937
coreB 25 153 65 0.280183
coreB 26 131 60 0.280393
coreB 27 129 51 0.281364
coreB 28 127 46 0.279885
coreB 29 116 41 0.279479
coreB 30 113 38 0.278233
coreB 31 103 35 0.27731
total 18.3502
coreA 1 167 803 0.315288
coreA 2 152 669 0.299569
coreA 3 142 599 0.298231
coreA 4 137 540 0.298959
coreA 5 129 494 0.298503
coreA 6 127 462 0.297134
coreA 7 123 432 0.296696
coreA 8 121 411 0.28516
coreA 9 118 399 0.297051
coreA 10 120 381 0.296505
coreA 11 114 372 0.284359
coreA 12 115 361 0.284923
coreA 13 112 345 0.279915
coreA 14 111 336 0.280981
coreA 15 112 330 0.282786
coreA 16 111 320 0.281178
coreA 17 112 310 0.280774
coreA 18 106 304 0.292691
coreA 19 107 294 0.279369
coreA 20 107 287 0.292363
coreA 21 102 280 0.280208
coreA 22 103 272 0.278693
coreA 23 103 268 0.280651
coreA 24 103 266 0.290334
coreA 25 101 257 0.278553
coreA 26 101 252 0.280504
coreA 27 102 247 0.280177
coreA 28 99 243 0.278518
coreA 29 99 235 0.282152
coreA 30 98 229 0.28052
coreA 31 95 226 0.279866
coreB 1 311 25880 0.409373
coreB 2 307 18463 0.357366
coreB 3 296 6297 0.32304
coreB 4 298 4392 0.31399
coreB 5 287 3321 0.307898
coreB 6 271 2435 0.301348
coreB 7 278 1940 0.295532
coreB 8 265 1450 0.292581
coreB 9 258 1195 0.289573
coreB 10 258 961 0.300003
coreB 11 254 752 0.298226
coreB 12 249 623 0.294013
coreB 13 237 506 0.291163
coreB 14 234 410 0.292361
coreB 15 219 336 0.291755
coreB 16 224 278 0.288036
coreB 17 201 224 0.288695
coreB 18 195 195 0.286477
coreB 19 197 170 0.285618
coreB 20 189 143 0.284308
coreB 21 178 124 0.283622
coreB 22 167 101 0.283856
coreB 23 161 90 0.289306
coreB 24 158 77 0.285652
coreB 25 153 65 0.280657
coreB 26 131 60 0.280907
coreB 27 129 51 0.277728
coreB 28 127 46 0.278552
coreB 29 116 41 0.279271
coreB 30 113 38 0.27668
coreB 31 103 35 0.276252
total 18.4282
coreA 1 167 803 0.311653
coreA 2 152 669 0.299001
coreA 3 142 599 0.301128
coreA 4 137 540 0.299678
coreA 5 129 494 0.297152
coreA 6 127 462 0.295557
coreA 7 123 432 0.297847
coreA 8 121 411 0.283981
coreA 9 118 399 0.295003
coreA 10 120 381 0.29436
coreA 11 114 372 0.283432
coreA 12 115 361 0.281455
coreA 13 112 345 0.284451
coreA 14 111 336 0.288447
coreA 15 112 330 0.284116
coreA 16 111 320 0.286531
coreA 17 112 310 0.286937
coreA 18 106 304 0.297272
coreA 19 107 294 0.280195
coreA 20 107 287 0.292874
coreA 21 102 280 0.280181
coreA 22 103 272 0.281978
coreA 23 103 268 0.282431
coreA 24 103 266 0.294134
coreA 25 101 257 0.282037
coreA 26 101 252 0.278935
coreA 27 102 247 0.279358
coreA 28 99 243 0.280049
coreA 29 99 235 0.277931
coreA 30 98 229 0.278151
coreA 31 95 226 0.278901
coreB 1 311 25880 0.408549
coreB 2 307 18463 0.353901
coreB 3 296 6297 0.328445
coreB 4 298 4392 0.312755
coreB 5 287 3321 0.30669
coreB 6 271 2435 0.302717
coreB 7 278 1940 0.295799
coreB 8 265 1450 0.292372
coreB 9 258 1195 0.290508
coreB 10 258 961 0.302458
coreB 11 254 752 0.297974
coreB 12 249 623 0.293191
coreB 13 237 506 0.292667
coreB 14 234 410 0.29197
coreB 15 219 336 0.289414
coreB 16 224 278 0.288584
coreB 17 201 224 0.288642
coreB 18 195 195 0.285154
coreB 19 197 170 0.284848
coreB 20 189 143 0.286085
coreB 21 178 124 0.282935
coreB 22 167 101 0.282119
coreB 23 161 90 0.282121
coreB 24 158 77 0.280307
coreB 25 153 65 0.285367
coreB 26 131 60 0.283586
coreB 27 129 51 0.279978
coreB 28 127 46 0.280939
coreB 29 116 41 0.278805
coreB 30 113 38 0.279208
coreB 31 103 35 0.27953
total 18.4531
coreA 1 167 803 0.313994
coreA 2 152 669 0.30323
coreA 3 142 599 0.298866
coreA 4 137 540 0.297523
coreA 5 129 494 0.299092
coreA 6 127 462 0.29875
coreA 7 123 432 0.298452
coreA 8 121 411 0.286697
coreA 9 118 399 0.297902
coreA 10 120 381 0.294752
coreA 11 114 372 0.282943
coreA 12 115 361 0.285643
coreA 13 112 345 0.281231
coreA 14 111 336 0.280542
coreA 15 112 330 0.282129
coreA 16 111 320 0.281438
coreA 17 112 310 0.279178
coreA 18 106 304 0.292666
coreA 19 107 294 0.283333
coreA 20 107 287 0.2937
coreA 21 102 280 0.280343
coreA 22 103 272 0.280369
coreA 23 103 268 0.283835
coreA 24 103 266 0.291496
coreA 25 101 257 0.279423
coreA 26 101 252 0.279913
coreA 27 102 247 0.280906
coreA 28 99 243 0.28012
coreA 29 99 235 0.281254
coreA 30 98 229 0.28389
coreA 31 95 226 0.279138
coreB 1 311 25880 0.406501
coreB 2 307 18463 0.358148
coreB 3 296 6297 0.324146
coreB 4 298 4392 0.313947
coreB 5 287 3321 0.309971
coreB 6 271 2435 0.302534
coreB 7 278 1940 0.294713
coreB 8 265 1450 0.29396
coreB 9 258 1195 0.291445
coreB 10 258 961 0.301574
coreB 11 254 752 0.299316
coreB 12 249 623 0.295077
coreB 13 237 506 0.293775
coreB 14 234 410 0.293865
coreB 15 219 336 0.292753
coreB 16 224 278 0.289976
coreB 17 201 224 0.286756
coreB 18 195 195 0.285515
coreB 19 197 170 0.285757
coreB 20 189 143 0.283798
coreB 21 178 124 0.284556
coreB 22 167 101 0.286542
coreB 23 161 90 0.281095
coreB 24 158 77 0.279837
coreB 25 153 65 0.281452
coreB 26 131 60 0.280281
coreB 27 129 51 0.27761
coreB 28 127 46 0.280421
coreB 29 116 41 0.279342
coreB 30 113 38 0.277471
coreB 31 103 35 0.276985
total 18.4515
