coreA 1 167 803 0.115439
coreA 2 152 669 0.349258
coreA 3 142 599 0.293232
coreA 4 137 540 0.413094
coreA 5 129 494 0.341264
coreA 6 127 462 0.301454
coreA 7 123 432 0.286457
coreA 8 121 411 0.334359
coreA 9 118 399 0.298375
coreA 10 120 381 0.342024
coreA 11 114 372 0.295118
coreA 12 115 361 0.330678
coreA 13 112 345 0.277849
coreA 14 111 336 0.331235
coreA 15 112 330 0.338676
coreA 16 111 320 0.337948
coreA 17 112 310 0.270912
coreA 18 106 304 0.294956
coreA 19 107 294 0.340323
coreA 20 107 287 0.340759
coreA 21 102 280 0.341443
coreA 22 103 272 0.269645
coreA 23 103 268 0.338097
coreA 24 103 266 0.299024
coreA 25 101 257 0.34008
coreA 26 101 252 0.339196
coreA 27 102 247 0.264347
coreA 28 99 243 0.339036
coreA 29 99 235 0.339154
coreA 30 98 229 0.395711
coreA 31 95 226 0.268382
coreB 1 311 25880 0.903616
coreB 2 307 18463 0.716314
coreB 3 296 6297 0.424717
coreB 4 298 4392 0.734863
coreB 5 287 3321 0.646294
coreB 6 271 2435 0.638054
coreB 7 278 1940 0.345157
coreB 8 265 1450 0.332424
coreB 9 258 1195 0.328837
coreB 10 258 961 0.324374
coreB 11 254 752 0.308319
coreB 12 249 623 0.320877
coreB 13 237 506 0.308176
coreB 14 234 410 0.424348
coreB 15 219 336 0.286896
coreB 16 224 278 0.285268
coreB 17 201 224 0.27517
coreB 18 195 195 0.268467
coreB 19 197 170 0.329881
coreB 20 189 143 0.268192
coreB 21 178 124 0.384689
coreB 22 167 101 0.280938
coreB 23 161 90 0.249257
coreB 24 158 77 0.258789
coreB 25 153 65 0.232387
coreB 26 131 60 0.327934
coreB 27 129 51 0.328296
coreB 28 127 46 0.331231
coreB 29 116 41 0.339602
coreB 30 113 38 0.32786
coreB 31 103 35 0.32673
total 1.74695
coreA 1 167 803 0.115201
coreA 2 152 669 0.348691
coreA 3 142 599 0.343649
coreA 4 137 540 0.339513
coreA 5 129 494 0.343787
coreA 6 127 462 0.33749
coreA 7 123 432 0.342842
coreA 8 121 411 0.328016
coreA 9 118 399 0.701294
coreA 10 120 381 0.337671
coreA 11 114 372 0.327613
coreA 12 115 361 0.70146
coreA 13 112 345 0.32867
coreA 14 111 336 0.327838
coreA 15 112 330 0.39143
coreA 16 111 320 0.333101
coreA 17 112 310 0.361781
coreA 18 106 304 0.335325
coreA 19 107 294 0.332939
coreA 20 107 287 0.193138
coreA 21 102 280 0.186175
coreA 22 103 272 0.183342
coreA 23 103 268 0.187508
coreA 24 103 266 0.193435
coreA 25 101 257 0.192833
coreA 26 101 252 0.3315
coreA 27 102 247 0.36178
coreA 28 99 243 0.457169
coreA 29 99 235 0.339694
coreA 30 98 229 0.193703
coreA 31 95 226 0.364153
coreB 1 311 25880 0.940683
coreB 2 307 18463 0.427077
coreB 3 296 6297 0.368375
coreB 4 298 4392 0.313921
coreB 5 287 3321 0.701716
coreB 6 271 2435 0.328954
coreB 7 278 1940 0.330202
coreB 8 265 1450 0.316562
coreB 9 258 1195 0.325318
coreB 10 258 961 0.46875
coreB 11 254 752 0.301927
coreB 12 249 623 0.304759
coreB 13 237 506 0.272299
coreB 14 234 410 0.329331
coreB 15 219 336 0.313913
coreB 16 224 278 0.316156
coreB 17 201 224 0.328287
coreB 18 195 195 0.313555
coreB 19 197 170 0.316501
coreB 20 189 143 0.294426
coreB 21 178 124 0.312721
coreB 22 167 101 0.252222
coreB 23 161 90 0.313166
coreB 24 158 77 0.46548
coreB 25 153 65 0.779974
coreB 26 131 60 0.312583
coreB 27 129 51 0.311936
coreB 28 127 46 0.310081
coreB 29 116 41 0.31024
coreB 30 113 38 0.314373
coreB 31 103 35 0.310908
total 1.79398
coreA 1 167 803 0.115506
coreA 2 152 669 0.35419
coreA 3 142 599 0.255606
coreA 4 137 540 0.343796
coreA 5 129 494 0.34441
coreA 6 127 462 0.369083
coreA 7 123 432 0.343395
coreA 8 121 411 0.332247
coreA 9 118 399 0.33903
coreA 10 120 381 0.338787
coreA 11 114 372 0.23651
coreA 12 115 361 0.328743
coreA 13 112 345 0.225315
coreA 14 111 336 0.358848
coreA 15 112 330 0.228503
coreA 16 111 320 0.333864
coreA 17 112 310 0.227572
coreA 18 106 304 0.234208
coreA 19 107 294 0.334101
coreA 20 107 287 0.33477
coreA 21 102 280 0.333272
coreA 22 103 272 0.332877
coreA 23 103 268 0.561294
coreA 24 103 266 0.687166
coreA 25 101 257 0.334963
coreA 26 101 252 0.336014
coreA 27 102 247 0.843322
coreA 28 99 243 0.822562
coreA 29 99 235 0.335962
coreA 30 98 229 0.220115
coreA 31 95 226 0.221641
coreB 1 311 25880 0.865236
coreB 2 307 18463 0.368874
coreB 3 296 6297 0.33362
coreB 4 298 4392 0.331182
coreB 5 287 3321 0.324638
coreB 6 271 2435 0.316066
coreB 7 278 1940 0.31376
coreB 8 265 1450 0.309794
coreB 9 258 1195 0.361297
coreB 10 258 961 0.305911
coreB 11 254 752 0.330286
coreB 12 249 623 0.302208
coreB 13 237 506 0.315833
coreB 14 234 410 0.315434
coreB 15 219 336 0.432573
coreB 16 224 278 0.314257
coreB 17 201 224 0.283816
coreB 18 195 195 0.271628
coreB 19 197 170 0.312808
coreB 20 189 143 0.321272
coreB 21 178 124 0.286794
coreB 22 167 101 0.22912
coreB 23 161 90 0.311174
coreB 24 158 77 0.324926
coreB 25 153 65 0.249252
coreB 26 131 60 0.31118
coreB 27 129 51 0.260499
coreB 28 127 46 0.289799
coreB 29 116 41 0.310234
coreB 30 113 38 0.388105
coreB 31 103 35 0.31132
total 1.66887
coreA 1 167 803 0.114916
coreA 2 152 669 0.58603
coreA 3 142 599 0.703837
coreA 4 137 540 0.340241
coreA 5 129 494 0.3385
coreA 6 127 462 0.337209
coreA 7 123 432 0.882396
coreA 8 121 411 0.326911
coreA 9 118 399 0.583903
coreA 10 120 381 0.337099
coreA 11 114 372 0.786906
coreA 12 115 361 0.32351
coreA 13 112 345 0.46657
coreA 14 111 336 0.325144
coreA 15 112 330 0.355084
coreA 16 111 320 0.328994
coreA 17 112 310 0.250905
coreA 18 106 304 0.579943
coreA 19 107 294 0.330482
coreA 20 107 287 0.237397
coreA 21 102 280 0.331224
coreA 22 103 272 0.329192
coreA 23 103 268 0.330871
coreA 24 103 266 0.249197
coreA 25 101 257 0.328624
coreA 26 101 252 0.332111
coreA 27 102 247 0.240591
coreA 28 99 243 0.245753
coreA 29 99 235 0.332177
coreA 30 98 229 0.264769
coreA 31 95 226 0.236565
coreB 1 311 25880 1.03946
coreB 2 307 18463 0.548073
coreB 3 296 6297 0.362529
coreB 4 298 4392 0.336468
coreB 5 287 3321 0.320124
coreB 6 271 2435 0.247616
coreB 7 278 1940 0.310913
coreB 8 265 1450 0.307948
coreB 9 258 1195 0.307592
coreB 10 258 961 0.303456
coreB 11 254 752 0.251853
coreB 12 249 623 0.299028
coreB 13 237 506 0.4149
coreB 14 234 410 0.314647
coreB 15 219 336 0.401482
coreB 16 224 278 0.314831
coreB 17 201 224 0.313771
coreB 18 195 195 0.310981
coreB 19 197 170 0.310449
coreB 20 189 143 0.401408
coreB 21 178 124 0.309475
coreB 22 167 101 0.399079
coreB 23 161 90 0.309644
coreB 24 158 77 0.20976
coreB 25 153 65 0.203389
coreB 26 131 60 0.310345
coreB 27 129 51 0.199264
coreB 28 127 46 0.190346
coreB 29 116 41 0.207328
coreB 30 113 38 0.19396
coreB 31 103 35 0.191121
total 1.82301
coreA 1 167 803 0.114724
coreA 2 152 669 0.347982
coreA 3 142 599 0.345843
coreA 4 137 540 0.33768
coreA 5 129 494 0.336126
coreA 6 127 462 0.417731
coreA 7 123 432 0.276588
coreA 8 121 411 0.327381
coreA 9 118 399 0.283342
coreA 10 120 381 0.276395
coreA 11 114 372 0.26595
coreA 12 115 361 0.324115
coreA 13 112 345 0.410877
coreA 14 111 336 0.325405
coreA 15 112 330 0.99586
coreA 16 111 320 0.330081
coreA 17 112 310 0.330525
coreA 18 106 304 0.331793
coreA 19 107 294 0.329624
coreA 20 107 287 0.606578
coreA 21 102 280 0.329568
coreA 22 103 272 0.260185
coreA 23 103 268 0.328824
coreA 24 103 266 0.265497
coreA 25 101 257 0.264052
coreA 26 101 252 0.327872
coreA 27 102 247 0.256933
coreA 28 99 243 0.268444
coreA 29 99 235 0.333292
coreA 30 98 229 0.252024
coreA 31 95 226 0.259892
coreB 1 311 25880 0.77071
coreB 2 307 18463 0.37531
coreB 3 296 6297 0.337909
coreB 4 298 4392 0.591738
coreB 5 287 3321 0.319093
coreB 6 271 2435 0.333202
coreB 7 278 1940 0.460747
coreB 8 265 1450 0.308059
coreB 9 258 1195 0.839605
coreB 10 258 961 0.3033
coreB 11 254 752 0.566745
coreB 12 249 623 0.302866
coreB 13 237 506 0.300061
coreB 14 234 410 0.314472
coreB 15 219 336 0.315117
coreB 16 224 278 0.313314
coreB 17 201 224 0.25126
coreB 18 195 195 0.242238
coreB 19 197 170 0.31089
coreB 20 189 143 0.312948
coreB 21 178 124 0.405244
coreB 22 167 101 0.239458
coreB 23 161 90 0.309558
coreB 24 158 77 0.248779
coreB 25 153 65 0.263785
coreB 26 131 60 0.308664
coreB 27 129 51 0.232421
coreB 28 127 46 0.253406
coreB 29 116 41 0.309895
coreB 30 113 38 0.222063
coreB 31 103 35 0.398367
total 1.75813
