coreA 1 167 803 0.128622
coreA 2 152 669 0.436966
coreA 3 142 599 0.481281
coreA 4 137 540 0.510676
coreA 5 129 494 0.569396
coreA 6 127 462 0.477036
coreA 7 123 432 0.814519
coreA 8 121 411 0.503441
coreA 9 118 399 0.499027
coreA 10 120 381 0.815395
coreA 11 114 372 0.436944
coreA 12 115 361 0.493625
coreA 13 112 345 0.515919
coreA 14 111 336 0.763473
coreA 15 112 330 0.52405
coreA 16 111 320 0.381839
coreA 17 112 310 0.533971
coreA 18 106 304 0.40309
coreA 19 107 294 0.848064
coreA 20 107 287 0.402445
coreA 21 102 280 0.523016
coreA 22 103 272 0.568336
coreA 23 103 268 0.763824
coreA 24 103 266 0.739116
coreA 25 101 257 0.863002
coreA 26 101 252 0.829517
coreA 27 102 247 0.781558
coreA 28 99 243 0.432924
coreA 29 99 235 0.763854
coreA 30 98 229 0.600644
coreA 31 95 226 0.764133
coreB 1 311 25880 0.442244
coreB 2 307 18463 0.535733
coreB 3 296 6297 0.487528
coreB 4 298 4392 0.401066
coreB 5 287 3321 0.405923
coreB 6 271 2435 0.416449
coreB 7 278 1940 0.429788
coreB 8 265 1450 0.343984
coreB 9 258 1195 0.439099
coreB 10 258 961 0.373705
coreB 11 254 752 0.376955
coreB 12 249 623 0.382543
coreB 13 237 506 0.378794
coreB 14 234 410 0.392209
coreB 15 219 336 0.383647
coreB 16 224 278 0.392858
coreB 17 201 224 0.323403
coreB 18 195 195 0.344744
coreB 19 197 170 0.384488
coreB 20 189 143 0.346198
coreB 21 178 124 0.355242
coreB 22 167 101 0.392643
coreB 23 161 90 0.306044
coreB 24 158 77 0.397979
coreB 25 153 65 0.383464
coreB 26 131 60 0.326822
coreB 27 129 51 0.327002
coreB 28 127 46 0.320244
coreB 29 116 41 0.378794
coreB 30 113 38 0.392713
coreB 31 103 35 0.320346
total 1.09159
coreA 1 167 803 0.130581
coreA 2 152 669 1.44883
coreA 3 142 599 1.47974
coreA 4 137 540 1.50128
coreA 5 129 494 0.925673
coreA 6 127 462 1.44912
coreA 7 123 432 1.22132
coreA 8 121 411 1.3479
coreA 9 118 399 1.40012
coreA 10 120 381 1.43524
coreA 11 114 372 1.2886
coreA 12 115 361 1.37918
coreA 13 112 345 1.38495
coreA 14 111 336 1.3938
coreA 15 112 330 1.39673
coreA 16 111 320 1.44997
coreA 17 112 310 1.44933
coreA 18 106 304 1.32052
coreA 19 107 294 1.40112
coreA 20 107 287 1.43556
coreA 21 102 280 1.3557
coreA 22 103 272 1.44983
coreA 23 103 268 1.37896
coreA 24 103 266 1.33222
coreA 25 101 257 1.26704
coreA 26 101 252 1.24361
coreA 27 102 247 1.40971
coreA 28 99 243 1.40678
coreA 29 99 235 1.43363
coreA 30 98 229 1.29113
coreA 31 95 226 1.39548
coreB 1 311 25880 0.372755
coreB 2 307 18463 0.934924
coreB 3 296 6297 0.881249
coreB 4 298 4392 0.815416
coreB 5 287 3321 0.756938
coreB 6 271 2435 0.730739
coreB 7 278 1940 0.593927
coreB 8 265 1450 0.682939
coreB 9 258 1195 0.732457
coreB 10 258 961 0.727956
coreB 11 254 752 0.686377
coreB 12 249 623 0.724357
coreB 13 237 506 0.611113
coreB 14 234 410 0.687055
coreB 15 219 336 0.766934
coreB 16 224 278 0.664581
coreB 17 201 224 0.613293
coreB 18 195 195 0.758425
coreB 19 197 170 0.605515
coreB 20 189 143 0.696339
coreB 21 178 124 0.707244
coreB 22 167 101 0.567618
coreB 23 161 90 0.597097
coreB 24 158 77 0.606107
coreB 25 153 65 0.537228
coreB 26 131 60 0.612898
coreB 27 129 51 0.705491
coreB 28 127 46 0.617079
coreB 29 116 41 0.654604
coreB 30 113 38 0.561855
coreB 31 103 35 0.561375
total 1.78075
coreA 1 167 803 0.129613
coreA 2 152 669 1.58188
coreA 3 142 599 1.5411
coreA 4 137 540 1.46464
coreA 5 129 494 1.05084
coreA 6 127 462 1.51802
coreA 7 123 432 1.41406
coreA 8 121 411 1.53441
coreA 9 118 399 1.01953
coreA 10 120 381 1.53824
coreA 11 114 372 1.48683
coreA 12 115 361 0.98183
coreA 13 112 345 1.44801
coreA 14 111 336 1.47206
coreA 15 112 330 1.47976
coreA 16 111 320 1.47156
coreA 17 112 310 1.53857
coreA 18 106 304 1.45919
coreA 19 107 294 1.44327
coreA 20 107 287 0.788534
coreA 21 102 280 1.44353
coreA 22 103 272 1.47236
coreA 23 103 268 1.45015
coreA 24 103 266 1.50298
coreA 25 101 257 0.995743
coreA 26 101 252 1.51067
coreA 27 102 247 1.51349
coreA 28 99 243 1.51921
coreA 29 99 235 1.46633
coreA 30 98 229 1.45331
coreA 31 95 226 1.01076
coreB 1 311 25880 0.36541
coreB 2 307 18463 0.680313
coreB 3 296 6297 0.619327
coreB 4 298 4392 0.654973
coreB 5 287 3321 0.683173
coreB 6 271 2435 0.728568
coreB 7 278 1940 0.620033
coreB 8 265 1450 0.59957
coreB 9 258 1195 0.642113
coreB 10 258 961 0.912868
coreB 11 254 752 0.606614
coreB 12 249 623 0.651807
coreB 13 237 506 0.657424
coreB 14 234 410 0.562727
coreB 15 219 336 0.613262
coreB 16 224 278 0.611795
coreB 17 201 224 0.569975
coreB 18 195 195 0.861606
coreB 19 197 170 0.795768
coreB 20 189 143 0.548438
coreB 21 178 124 0.598059
coreB 22 167 101 0.570888
coreB 23 161 90 0.614055
coreB 24 158 77 0.47271
coreB 25 153 65 0.584521
coreB 26 131 60 0.584133
coreB 27 129 51 0.54001
coreB 28 127 46 0.462051
coreB 29 116 41 0.528989
coreB 30 113 38 0.569486
coreB 31 103 35 0.611553
total 1.78778
coreA 1 167 803 0.130822
coreA 2 152 669 0.592198
coreA 3 142 599 1.00318
coreA 4 137 540 0.897003
coreA 5 129 494 1.11139
coreA 6 127 462 1.01408
coreA 7 123 432 0.918109
coreA 8 121 411 0.729867
coreA 9 118 399 0.881293
coreA 10 120 381 1.15575
coreA 11 114 372 0.744066
coreA 12 115 361 0.91284
coreA 13 112 345 0.983601
coreA 14 111 336 1.13055
coreA 15 112 330 0.770525
coreA 16 111 320 0.502541
coreA 17 112 310 1.12972
coreA 18 106 304 1.13088
coreA 19 107 294 1.06102
coreA 20 107 287 0.855963
coreA 21 102 280 0.80269
coreA 22 103 272 0.493604
coreA 23 103 268 0.799792
coreA 24 103 266 0.738904
coreA 25 101 257 0.784779
coreA 26 101 252 0.860686
coreA 27 102 247 0.956541
coreA 28 99 243 0.734174
coreA 29 99 235 0.746286
coreA 30 98 229 0.767832
coreA 31 95 226 0.607953
coreB 1 311 25880 0.302252
coreB 2 307 18463 0.756103
coreB 3 296 6297 0.679769
coreB 4 298 4392 0.430926
coreB 5 287 3321 0.520798
coreB 6 271 2435 0.531298
coreB 7 278 1940 0.794809
coreB 8 265 1450 0.618992
coreB 9 258 1195 0.468043
coreB 10 258 961 0.852841
coreB 11 254 752 0.46654
coreB 12 249 623 0.394934
coreB 13 237 506 0.42352
coreB 14 234 410 0.343765
coreB 15 219 336 0.351813
coreB 16 224 278 0.864008
coreB 17 201 224 0.571885
coreB 18 195 195 0.687452
coreB 19 197 170 0.604093
coreB 20 189 143 0.320938
coreB 21 178 124 0.317354
coreB 22 167 101 0.632944
coreB 23 161 90 0.551833
coreB 24 158 77 0.316662
coreB 25 153 65 0.533341
coreB 26 131 60 0.324343
coreB 27 129 51 0.318457
coreB 28 127 46 0.342605
coreB 29 116 41 0.416714
coreB 30 113 38 0.32345
coreB 31 103 35 0.388992
total 1.36136
coreA 1 167 803 0.132048
coreA 2 152 669 0.377898
coreA 3 142 599 0.36852
coreA 4 137 540 0.363456
coreA 5 129 494 0.748879
coreA 6 127 462 0.344174
coreA 7 123 432 0.366057
coreA 8 121 411 0.378381
coreA 9 118 399 0.455297
coreA 10 120 381 0.346203
coreA 11 114 372 0.356718
coreA 12 115 361 0.378612
coreA 13 112 345 0.79005
coreA 14 111 336 0.384341
coreA 15 112 330 0.364365
coreA 16 111 320 0.387173
coreA 17 112 310 0.350518
coreA 18 106 304 0.79031
coreA 19 107 294 0.363873
coreA 20 107 287 0.790385
coreA 21 102 280 0.384672
coreA 22 103 272 0.74986
coreA 23 103 268 0.356606
coreA 24 103 266 0.325841
coreA 25 101 257 0.338839
coreA 26 101 252 0.351645
coreA 27 102 247 0.389372
coreA 28 99 243 0.348403
coreA 29 99 235 0.336401
coreA 30 98 229 0.335751
coreA 31 95 226 0.766149
coreB 1 311 25880 0.518123
coreB 2 307 18463 0.436529
coreB 3 296 6297 0.436532
coreB 4 298 4392 0.458047
coreB 5 287 3321 0.373762
coreB 6 271 2435 0.386983
coreB 7 278 1940 0.456709
coreB 8 265 1450 0.394425
coreB 9 258 1195 0.404741
coreB 10 258 961 0.401626
coreB 11 254 752 0.371204
coreB 12 249 623 0.394867
coreB 13 237 506 0.40474
coreB 14 234 410 0.403099
coreB 15 219 336 0.361172
coreB 16 224 278 0.348031
coreB 17 201 224 0.400516
coreB 18 195 195 0.336138
coreB 19 197 170 0.37633
coreB 20 189 143 0.362149
coreB 21 178 124 0.349756
coreB 22 167 101 0.348659
coreB 23 161 90 0.375815
coreB 24 158 77 0.377186
coreB 25 153 65 0.361398
coreB 26 131 60 0.348302
coreB 27 129 51 0.298212
coreB 28 127 46 0.316278
coreB 29 116 41 0.341763
coreB 30 113 38 0.318843
coreB 31 103 35 0.348641
total 1.05429
