coreA 1 167 803 0.354689
coreA 2 152 669 0.352406
coreA 3 142 599 0.351313
coreA 4 137 540 0.340139
coreA 5 129 494 0.335502
coreA 6 127 462 0.338064
coreA 7 123 432 0.337615
coreA 8 121 411 0.332542
coreA 9 118 399 0.338523
coreA 10 120 381 0.333816
coreA 11 114 372 0.325301
coreA 12 115 361 0.325986
coreA 13 112 345 0.325821
coreA 14 111 336 0.325518
coreA 15 112 330 0.333208
coreA 16 111 320 0.347426
coreA 17 112 310 0.344465
coreA 18 106 304 0.335025
coreA 19 107 294 0.33151
coreA 20 107 287 0.331934
coreA 21 102 280 0.331714
coreA 22 103 272 0.331212
coreA 23 103 268 0.331079
coreA 24 103 266 0.332149
coreA 25 101 257 0.343558
coreA 26 101 252 0.327912
coreA 27 102 247 0.328933
coreA 28 99 243 0.327597
coreA 29 99 235 0.326853
coreA 30 98 229 0.329614
coreA 31 95 226 0.278926
coreB 1 311 25880 0.408621
coreB 2 307 18463 0.423035
coreB 3 296 6297 0.343257
coreB 4 298 4392 0.33012
coreB 5 287 3321 0.323239
coreB 6 271 2435 0.319351
coreB 7 278 1940 0.313894
coreB 8 265 1450 0.319634
coreB 9 258 1195 0.310794
coreB 10 258 961 0.304075
coreB 11 254 752 0.303845
coreB 12 249 623 0.301829
coreB 13 237 506 0.298977
coreB 14 234 410 0.315283
coreB 15 219 336 0.314248
coreB 16 224 278 0.312593
coreB 17 201 224 0.323518
coreB 18 195 195 0.313835
coreB 19 197 170 0.310173
coreB 20 189 143 0.309759
coreB 21 178 124 0.309743
coreB 22 167 101 0.308451
coreB 23 161 90 0.308496
coreB 24 158 77 0.309021
coreB 25 153 65 0.30755
coreB 26 131 60 0.317444
coreB 27 129 51 0.307708
coreB 28 127 46 0.307648
coreB 29 116 41 0.306902
coreB 30 113 38 0.306746
coreB 31 103 35 0.306811
total 10.3888
coreA 1 167 803 0.355777
coreA 2 152 669 0.343524
coreA 3 142 599 0.347625
coreA 4 137 540 0.336978
coreA 5 129 494 0.334364
coreA 6 127 462 0.334643
coreA 7 123 432 0.334603
coreA 8 121 411 0.325234
coreA 9 118 399 0.332237
coreA 10 120 381 0.332526
coreA 11 114 372 0.323335
coreA 12 115 361 0.322817
coreA 13 112 345 0.322016
coreA 14 111 336 0.33028
coreA 15 112 330 0.331461
coreA 16 111 320 0.330867
coreA 17 112 310 0.333498
coreA 18 106 304 0.332389
coreA 19 107 294 0.331645
coreA 20 107 287 0.333544
coreA 21 102 280 0.332989
coreA 22 103 272 0.330495
coreA 23 103 268 0.34403
coreA 24 103 266 0.331183
coreA 25 101 257 0.328573
coreA 26 101 252 0.32986
coreA 27 102 247 0.330171
coreA 28 99 243 0.329023
coreA 29 99 235 0.329854
coreA 30 98 229 0.329354
coreA 31 95 226 0.276219
coreB 1 311 25880 0.406468
coreB 2 307 18463 0.365923
coreB 3 296 6297 0.346845
coreB 4 298 4392 0.331719
coreB 5 287 3321 0.323285
coreB 6 271 2435 0.318675
coreB 7 278 1940 0.313956
coreB 8 265 1450 0.309397
coreB 9 258 1195 0.307117
coreB 10 258 961 0.303894
coreB 11 254 752 0.303415
coreB 12 249 623 0.301017
coreB 13 237 506 0.298779
coreB 14 234 410 0.327083
coreB 15 219 336 0.316631
coreB 16 224 278 0.312895
coreB 17 201 224 0.313799
coreB 18 195 195 0.318216
coreB 19 197 170 0.310077
coreB 20 189 143 0.31003
coreB 21 178 124 0.310308
coreB 22 167 101 0.309018
coreB 23 161 90 0.308757
coreB 24 158 77 0.317472
coreB 25 153 65 0.308824
coreB 26 131 60 0.308067
coreB 27 129 51 0.308101
coreB 28 127 46 0.30744
coreB 29 116 41 0.306733
coreB 30 113 38 0.307188
coreB 31 103 35 0.305647
total 10.3275
coreA 1 167 803 0.353737
coreA 2 152 669 0.342501
coreA 3 142 599 0.336439
coreA 4 137 540 0.337134
coreA 5 129 494 0.332724
coreA 6 127 462 0.332084
coreA 7 123 432 0.332096
coreA 8 121 411 0.323308
coreA 9 118 399 0.330545
coreA 10 120 381 0.338231
coreA 11 114 372 0.321227
coreA 12 115 361 0.320234
coreA 13 112 345 0.32003
coreA 14 111 336 0.319911
coreA 15 112 330 0.326924
coreA 16 111 320 0.327886
coreA 17 112 310 0.330589
coreA 18 106 304 0.328287
coreA 19 107 294 0.327836
coreA 20 107 287 0.329041
coreA 21 102 280 0.327378
coreA 22 103 272 0.327296
coreA 23 103 268 0.32876
coreA 24 103 266 0.327016
coreA 25 101 257 0.328147
coreA 26 101 252 0.329038
coreA 27 102 247 0.328784
coreA 28 99 243 0.327376
coreA 29 99 235 0.328316
coreA 30 98 229 0.326285
coreA 31 95 226 0.246199
coreB 1 311 25880 0.402974
coreB 2 307 18463 0.365663
coreB 3 296 6297 0.335526
coreB 4 298 4392 0.328136
coreB 5 287 3321 0.321356
coreB 6 271 2435 0.318604
coreB 7 278 1940 0.312293
coreB 8 265 1450 0.30856
coreB 9 258 1195 0.307349
coreB 10 258 961 0.31117
coreB 11 254 752 0.304572
coreB 12 249 623 0.300711
coreB 13 237 506 0.299218
coreB 14 234 410 0.315882
coreB 15 219 336 0.313609
coreB 16 224 278 0.313963
coreB 17 201 224 0.314144
coreB 18 195 195 0.312036
coreB 19 197 170 0.311431
coreB 20 189 143 0.310939
coreB 21 178 124 0.309994
coreB 22 167 101 0.310165
coreB 23 161 90 0.310485
coreB 24 158 77 0.309137
coreB 25 153 65 0.307819
coreB 26 131 60 0.31026
coreB 27 129 51 0.308095
coreB 28 127 46 0.308037
coreB 29 116 41 0.308764
coreB 30 113 38 0.307327
coreB 31 103 35 0.30642
total 10.2643
coreA 1 167 803 0.354132
coreA 2 152 669 0.342351
coreA 3 142 599 0.339093
coreA 4 137 540 0.334635
coreA 5 129 494 0.331294
coreA 6 127 462 0.332265
coreA 7 123 432 0.331729
coreA 8 121 411 0.322407
coreA 9 118 399 0.330424
coreA 10 120 381 0.329934
coreA 11 114 372 0.320565
coreA 12 115 361 0.320361
coreA 13 112 345 0.321029
coreA 14 111 336 0.31973
coreA 15 112 330 0.33788
coreA 16 111 320 0.328355
coreA 17 112 310 0.329072
coreA 18 106 304 0.327976
coreA 19 107 294 0.329024
coreA 20 107 287 0.327987
coreA 21 102 280 0.327837
coreA 22 103 272 0.328253
coreA 23 103 268 0.327262
coreA 24 103 266 0.327492
coreA 25 101 257 0.328289
coreA 26 101 252 0.326968
coreA 27 102 247 0.327395
coreA 28 99 243 0.328403
coreA 29 99 235 0.327231
coreA 30 98 229 0.327566
coreA 31 95 226 0.241845
coreB 1 311 25880 0.403917
coreB 2 307 18463 0.366543
coreB 3 296 6297 0.334637
coreB 4 298 4392 0.328057
coreB 5 287 3321 0.322628
coreB 6 271 2435 0.317455
coreB 7 278 1940 0.312014
coreB 8 265 1450 0.30841
coreB 9 258 1195 0.308012
coreB 10 258 961 0.304431
coreB 11 254 752 0.3034
coreB 12 249 623 0.300902
coreB 13 237 506 0.298245
coreB 14 234 410 0.315274
coreB 15 219 336 0.323883
coreB 16 224 278 0.314938
coreB 17 201 224 0.31305
coreB 18 195 195 0.311602
coreB 19 197 170 0.311062
coreB 20 189 143 0.312055
coreB 21 178 124 0.310027
coreB 22 167 101 0.309466
coreB 23 161 90 0.309767
coreB 24 158 77 0.310425
coreB 25 153 65 0.310182
coreB 26 131 60 0.308859
coreB 27 129 51 0.308016
coreB 28 127 46 0.309307
coreB 29 116 41 0.309012
coreB 30 113 38 0.307001
coreB 31 103 35 0.306992
total 10.2656
coreA 1 167 803 0.353201
coreA 2 152 669 0.342196
coreA 3 142 599 0.336864
coreA 4 137 540 0.333673
coreA 5 129 494 0.333252
coreA 6 127 462 0.333065
coreA 7 123 432 0.330794
coreA 8 121 411 0.321473
coreA 9 118 399 0.3311
coreA 10 120 381 0.328634
coreA 11 114 372 0.321657
coreA 12 115 361 0.320669
coreA 13 112 345 0.319855
coreA 14 111 336 0.322755
coreA 15 112 330 0.32866
coreA 16 111 320 0.326597
coreA 17 112 310 0.326522
coreA 18 106 304 0.329108
coreA 19 107 294 0.328156
coreA 20 107 287 0.329576
coreA 21 102 280 0.328091
coreA 22 103 272 0.326703
coreA 23 103 268 0.326836
coreA 24 103 266 0.329897
coreA 25 101 257 0.327356
coreA 26 101 252 0.326649
coreA 27 102 247 0.331074
coreA 28 99 243 0.330271
coreA 29 99 235 0.329842
coreA 30 98 229 0.330063
coreA 31 95 226 0.236333
coreB 1 311 25880 0.403176
coreB 2 307 18463 0.366686
coreB 3 296 6297 0.334659
coreB 4 298 4392 0.327769
coreB 5 287 3321 0.32356
coreB 6 271 2435 0.318402
coreB 7 278 1940 0.313857
coreB 8 265 1450 0.310613
coreB 9 258 1195 0.307726
coreB 10 258 961 0.304722
coreB 11 254 752 0.305543
coreB 12 249 623 0.301077
coreB 13 237 506 0.299123
coreB 14 234 410 0.316102
coreB 15 219 336 0.31349
coreB 16 224 278 0.313178
coreB 17 201 224 0.313361
coreB 18 195 195 0.313081
coreB 19 197 170 0.31123
coreB 20 189 143 0.312271
coreB 21 178 124 0.311106
coreB 22 167 101 0.310345
coreB 23 161 90 0.312131
coreB 24 158 77 0.312163
coreB 25 153 65 0.311281
coreB 26 131 60 0.309574
coreB 27 129 51 0.309208
coreB 28 127 46 0.310832
coreB 29 116 41 0.30884
coreB 30 113 38 0.307266
coreB 31 103 35 0.306083
total 10.2689
