coreA 1 167 803 0.136132
coreA 2 152 669 0.358188
coreA 3 142 599 0.337959
coreA 4 137 540 0.357579
coreA 5 129 494 0.347733
coreA 6 127 462 0.339427
coreA 7 123 432 0.351136
coreA 8 121 411 0.323049
coreA 9 118 399 0.59932
coreA 10 120 381 0.596068
coreA 11 114 372 0.336646
coreA 12 115 361 0.336951
coreA 13 112 345 0.325913
coreA 14 111 336 0.333228
coreA 15 112 330 0.915939
coreA 16 111 320 0.336012
coreA 17 112 310 0.326275
coreA 18 106 304 0.339521
coreA 19 107 294 0.336904
coreA 20 107 287 0.332878
coreA 21 102 280 0.330443
coreA 22 103 272 0.341858
coreA 23 103 268 0.337538
coreA 24 103 266 0.326439
coreA 25 101 257 1.35861
coreA 26 101 252 0.340466
coreA 27 102 247 0.337178
coreA 28 99 243 0.351202
coreA 29 99 235 0.346682
coreA 30 98 229 0.237044
coreA 31 95 226 0.58834
coreB 1 311 25880 1.54822
coreB 2 307 18463 0.380746
coreB 3 296 6297 0.339869
coreB 4 298 4392 0.33083
coreB 5 287 3321 0.324229
coreB 6 271 2435 0.234911
coreB 7 278 1940 0.31134
coreB 8 265 1450 0.817164
coreB 9 258 1195 0.521582
coreB 10 258 961 0.52621
coreB 11 254 752 0.30068
coreB 12 249 623 0.306024
coreB 13 237 506 0.300136
coreB 14 234 410 0.316031
coreB 15 219 336 0.313502
coreB 16 224 278 0.310442
coreB 17 201 224 0.384237
coreB 18 195 195 0.307443
coreB 19 197 170 0.314836
coreB 20 189 143 0.308631
coreB 21 178 124 0.313353
coreB 22 167 101 0.308613
coreB 23 161 90 0.311482
coreB 24 158 77 0.307754
coreB 25 153 65 0.311045
coreB 26 131 60 0.311062
coreB 27 129 51 0.306299
coreB 28 127 46 0.674008
coreB 29 116 41 0.309667
coreB 30 113 38 0.306106
coreB 31 103 35 0.306143
total 3.08524
coreA 1 167 803 0.139396
coreA 2 152 669 0.352808
coreA 3 142 599 0.337018
coreA 4 137 540 0.63905
coreA 5 129 494 0.332941
coreA 6 127 462 0.188036
coreA 7 123 432 0.32014
coreA 8 121 411 0.321553
coreA 9 118 399 0.649544
coreA 10 120 381 0.332943
coreA 11 114 372 0.316333
coreA 12 115 361 0.332808
coreA 13 112 345 0.329516
coreA 14 111 336 0.326022
coreA 15 112 330 0.325977
coreA 16 111 320 0.325474
coreA 17 112 310 0.176365
coreA 18 106 304 0.181524
coreA 19 107 294 0.33959
coreA 20 107 287 0.333981
coreA 21 102 280 0.329886
coreA 22 103 272 0.323632
coreA 23 103 268 0.338088
coreA 24 103 266 0.333804
coreA 25 101 257 0.328371
coreA 26 101 252 0.334302
coreA 27 102 247 0.327245
coreA 28 99 243 0.349184
coreA 29 99 235 0.337261
coreA 30 98 229 1.07769
coreA 31 95 226 0.342515
coreB 1 311 25880 1.60526
coreB 2 307 18463 0.371968
coreB 3 296 6297 0.333551
coreB 4 298 4392 0.337426
coreB 5 287 3321 0.322958
coreB 6 271 2435 0.314824
coreB 7 278 1940 0.271841
coreB 8 265 1450 0.309385
coreB 9 258 1195 0.307267
coreB 10 258 961 0.303205
coreB 11 254 752 0.245862
coreB 12 249 623 0.306034
coreB 13 237 506 0.301983
coreB 14 234 410 0.31715
coreB 15 219 336 0.312513
coreB 16 224 278 0.316891
coreB 17 201 224 0.311931
coreB 18 195 195 1.00595
coreB 19 197 170 0.317443
coreB 20 189 143 0.307953
coreB 21 178 124 0.307549
coreB 22 167 101 0.226007
coreB 23 161 90 0.309905
coreB 24 158 77 0.252709
coreB 25 153 65 0.256643
coreB 26 131 60 0.310509
coreB 27 129 51 0.30625
coreB 28 127 46 0.306355
coreB 29 116 41 0.309407
coreB 30 113 38 0.30578
coreB 31 103 35 0.306011
total 3.00922
coreA 1 167 803 0.142321
coreA 2 152 669 0.345628
coreA 3 142 599 0.35234
coreA 4 137 540 0.331731
coreA 5 129 494 0.338081
coreA 6 127 462 0.326663
coreA 7 123 432 0.637331
coreA 8 121 411 0.325631
coreA 9 118 399 0.347111
coreA 10 120 381 0.33196
coreA 11 114 372 0.33093
coreA 12 115 361 0.331108
coreA 13 112 345 0.33503
coreA 14 111 336 0.326806
coreA 15 112 330 0.660365
coreA 16 111 320 0.330517
coreA 17 112 310 0.33018
coreA 18 106 304 1.56102
coreA 19 107 294 0.329433
coreA 20 107 287 0.33797
coreA 21 102 280 0.328242
coreA 22 103 272 0.330759
coreA 23 103 268 0.335067
coreA 24 103 266 0.331504
coreA 25 101 257 0.325984
coreA 26 101 252 0.330128
coreA 27 102 247 0.340128
coreA 28 99 243 0.327587
coreA 29 99 235 0.331683
coreA 30 98 229 0.334924
coreA 31 95 226 0.327165
coreB 1 311 25880 0.293396
coreB 2 307 18463 0.365534
coreB 3 296 6297 0.341415
coreB 4 298 4392 0.328731
coreB 5 287 3321 0.324854
coreB 6 271 2435 0.318334
coreB 7 278 1940 0.314369
coreB 8 265 1450 0.308552
coreB 9 258 1195 0.320612
coreB 10 258 961 0.30641
coreB 11 254 752 0.564086
coreB 12 249 623 0.3042
coreB 13 237 506 0.299311
coreB 14 234 410 0.314787
coreB 15 219 336 0.324898
coreB 16 224 278 0.323953
coreB 17 201 224 0.311331
coreB 18 195 195 0.313732
coreB 19 197 170 0.31286
coreB 20 189 143 0.309887
coreB 21 178 124 0.307753
coreB 22 167 101 0.30779
coreB 23 161 90 0.309361
coreB 24 158 77 0.159061
coreB 25 153 65 0.175158
coreB 26 131 60 0.309966
coreB 27 129 51 0.306821
coreB 28 127 46 0.307622
coreB 29 116 41 0.308193
coreB 30 113 38 0.306962
coreB 31 103 35 0.28306
total 2.79437
coreA 1 167 803 0.142567
coreA 2 152 669 0.346549
coreA 3 142 599 0.333
coreA 4 137 540 0.561913
coreA 5 129 494 0.346846
coreA 6 127 462 0.230611
coreA 7 123 432 0.361993
coreA 8 121 411 0.325965
coreA 9 118 399 0.334293
coreA 10 120 381 0.333927
coreA 11 114 372 0.529912
coreA 12 115 361 0.323556
coreA 13 112 345 0.324952
coreA 14 111 336 0.334695
coreA 15 112 330 0.328606
coreA 16 111 320 0.333248
coreA 17 112 310 0.325034
coreA 18 106 304 0.331381
coreA 19 107 294 0.328187
coreA 20 107 287 0.325743
coreA 21 102 280 0.329994
coreA 22 103 272 0.348985
coreA 23 103 268 0.206843
coreA 24 103 266 0.202827
coreA 25 101 257 0.203696
coreA 26 101 252 0.330228
coreA 27 102 247 0.325805
coreA 28 99 243 0.329399
coreA 29 99 235 0.329953
coreA 30 98 229 0.324355
coreA 31 95 226 0.328324
coreB 1 311 25880 1.52788
coreB 2 307 18463 0.3731
coreB 3 296 6297 0.329802
coreB 4 298 4392 0.344016
coreB 5 287 3321 0.320476
coreB 6 271 2435 0.340264
coreB 7 278 1940 0.313124
coreB 8 265 1450 0.311847
coreB 9 258 1195 0.305954
coreB 10 258 961 0.303497
coreB 11 254 752 0.35045
coreB 12 249 623 0.301537
coreB 13 237 506 0.298066
coreB 14 234 410 0.314498
coreB 15 219 336 0.417964
coreB 16 224 278 0.314986
coreB 17 201 224 0.311764
coreB 18 195 195 0.313201
coreB 19 197 170 0.317232
coreB 20 189 143 0.308598
coreB 21 178 124 0.308384
coreB 22 167 101 0.177126
coreB 23 161 90 0.311096
coreB 24 158 77 0.308108
coreB 25 153 65 0.306818
coreB 26 131 60 0.312365
coreB 27 129 51 0.30672
coreB 28 127 46 0.307453
coreB 29 116 41 0.17371
coreB 30 113 38 0.168481
coreB 31 103 35 0.287221
total 2.95726
coreA 1 167 803 0.139994
coreA 2 152 669 0.344839
coreA 3 142 599 0.331672
coreA 4 137 540 0.334148
coreA 5 129 494 0.334858
coreA 6 127 462 0.328446
coreA 7 123 432 0.544445
coreA 8 121 411 0.324869
coreA 9 118 399 0.335065
coreA 10 120 381 0.335945
coreA 11 114 372 0.360924
coreA 12 115 361 0.330789
coreA 13 112 345 0.326161
coreA 14 111 336 0.32676
coreA 15 112 330 0.327508
coreA 16 111 320 0.328162
coreA 17 112 310 0.214973
coreA 18 106 304 0.327767
coreA 19 107 294 0.330723
coreA 20 107 287 0.32575
coreA 21 102 280 0.325864
coreA 22 103 272 0.212087
coreA 23 103 268 0.326618
coreA 24 103 266 0.203867
coreA 25 101 257 0.325938
coreA 26 101 252 0.32823
coreA 27 102 247 0.325811
coreA 28 99 243 0.33206
coreA 29 99 235 0.328658
coreA 30 98 229 0.330556
coreA 31 95 226 0.66933
coreB 1 311 25880 1.53524
coreB 2 307 18463 0.369808
coreB 3 296 6297 0.332255
coreB 4 298 4392 0.358374
coreB 5 287 3321 0.323692
coreB 6 271 2435 0.316791
coreB 7 278 1940 0.310877
coreB 8 265 1450 0.309868
coreB 9 258 1195 0.307391
coreB 10 258 961 0.304216
coreB 11 254 752 0.237619
coreB 12 249 623 0.302884
coreB 13 237 506 0.2982
coreB 14 234 410 0.315119
coreB 15 219 336 0.272081
coreB 16 224 278 0.314351
coreB 17 201 224 0.311036
coreB 18 195 195 0.309464
coreB 19 197 170 0.311707
coreB 20 189 143 0.308848
coreB 21 178 124 0.30879
coreB 22 167 101 0.418071
coreB 23 161 90 0.190228
coreB 24 158 77 0.210113
coreB 25 153 65 0.315262
coreB 26 131 60 0.308702
coreB 27 129 51 0.305972
coreB 28 127 46 0.306861
coreB 29 116 41 0.311738
coreB 30 113 38 0.308177
coreB 31 103 35 0.307419
total 2.97594
