coreA 1 167 803 0.106688
coreA 2 152 669 0.359953
coreA 3 142 599 0.354578
coreA 4 137 540 0.355703
coreA 5 129 494 0.349942
coreA 6 127 462 0.349287
coreA 7 123 432 0.349798
coreA 8 121 411 0.339498
coreA 9 118 399 0.347904
coreA 10 120 381 0.413987
coreA 11 114 372 0.337459
coreA 12 115 361 0.336494
coreA 13 112 345 0.338154
coreA 14 111 336 0.337781
coreA 15 112 330 0.346353
coreA 16 111 320 0.342226
coreA 17 112 310 0.367737
coreA 18 106 304 0.34256
coreA 19 107 294 0.41096
coreA 20 107 287 0.342242
coreA 21 102 280 0.341164
coreA 22 103 272 0.342506
coreA 23 103 268 0.343677
coreA 24 103 266 0.409639
coreA 25 101 257 0.340313
coreA 26 101 252 0.339617
coreA 27 102 247 0.343621
coreA 28 99 243 0.421133
coreA 29 99 235 0.339808
coreA 30 98 229 0.366834
coreA 31 95 226 0.349351
coreB 1 311 25880 0.557149
coreB 2 307 18463 0.417553
coreB 3 296 6297 0.435555
coreB 4 298 4392 0.552034
coreB 5 287 3321 0.308574
coreB 6 271 2435 0.359304
coreB 7 278 1940 0.335567
coreB 8 265 1450 0.337538
coreB 9 258 1195 0.501141
coreB 10 258 961 0.351051
coreB 11 254 752 0.338961
coreB 12 249 623 0.350944
coreB 13 237 506 0.377178
coreB 14 234 410 0.329716
coreB 15 219 336 0.294071
coreB 16 224 278 0.335906
coreB 17 201 224 0.315621
coreB 18 195 195 0.338546
coreB 19 197 170 0.492329
coreB 20 189 143 0.32108
coreB 21 178 124 0.254097
coreB 22 167 101 0.491237
coreB 23 161 90 0.29086
coreB 24 158 77 0.317027
coreB 25 153 65 0.270289
coreB 26 131 60 0.280811
coreB 27 129 51 0.259007
coreB 28 127 46 0.300647
coreB 29 116 41 0.477388
coreB 30 113 38 0.413332
coreB 31 103 35 0.245092
total 1.19
coreA 1 167 803 0.111714
coreA 2 152 669 0.82203
coreA 3 142 599 0.953035
coreA 4 137 540 0.358461
coreA 5 129 494 0.90342
coreA 6 127 462 0.353967
coreA 7 123 432 0.355143
coreA 8 121 411 0.343755
coreA 9 118 399 0.358401
coreA 10 120 381 0.354192
coreA 11 114 372 0.341042
coreA 12 115 361 0.34117
coreA 13 112 345 0.346196
coreA 14 111 336 0.347947
coreA 15 112 330 1.09737
coreA 16 111 320 0.353018
coreA 17 112 310 0.801715
coreA 18 106 304 0.34776
coreA 19 107 294 0.347745
coreA 20 107 287 0.350859
coreA 21 102 280 0.346905
coreA 22 103 272 0.35458
coreA 23 103 268 0.345716
coreA 24 103 266 0.356064
coreA 25 101 257 0.347636
coreA 26 101 252 0.347413
coreA 27 102 247 0.35091
coreA 28 99 243 0.962459
coreA 29 99 235 0.352149
coreA 30 98 229 0.611411
coreA 31 95 226 0.353988
coreB 1 311 25880 0.426647
coreB 2 307 18463 0.42406
coreB 3 296 6297 0.481495
coreB 4 298 4392 0.72298
coreB 5 287 3321 0.449507
coreB 6 271 2435 0.442712
coreB 7 278 1940 0.438362
coreB 8 265 1450 0.707625
coreB 9 258 1195 0.706954
coreB 10 258 961 0.585117
coreB 11 254 752 0.586418
coreB 12 249 623 0.554616
coreB 13 237 506 0.36774
coreB 14 234 410 0.533307
coreB 15 219 336 0.546944
coreB 16 224 278 0.370839
coreB 17 201 224 0.268877
coreB 18 195 195 0.367858
coreB 19 197 170 0.375162
coreB 20 189 143 0.420186
coreB 21 178 124 0.31487
coreB 22 167 101 0.359597
coreB 23 161 90 0.318539
coreB 24 158 77 0.364419
coreB 25 153 65 0.281486
coreB 26 131 60 0.369891
coreB 27 129 51 0.27877
coreB 28 127 46 0.410376
coreB 29 116 41 0.579173
coreB 30 113 38 0.368237
coreB 31 103 35 0.519407
total 1.29125
coreA 1 167 803 0.103536
coreA 2 152 669 0.373821
coreA 3 142 599 0.365065
coreA 4 137 540 0.50497
coreA 5 129 494 0.373717
coreA 6 127 462 0.364002
coreA 7 123 432 0.335878
coreA 8 121 411 0.304319
coreA 9 118 399 0.363204
coreA 10 120 381 0.348769
coreA 11 114 372 0.374596
coreA 12 115 361 0.376071
coreA 13 112 345 0.344981
coreA 14 111 336 0.365641
coreA 15 112 330 0.363536
coreA 16 111 320 0.343692
coreA 17 112 310 0.374655
coreA 18 106 304 0.494465
coreA 19 107 294 0.359451
coreA 20 107 287 0.324724
coreA 21 102 280 0.330166
coreA 22 103 272 0.333536
coreA 23 103 268 0.33176
coreA 24 103 266 0.316438
coreA 25 101 257 0.353208
coreA 26 101 252 0.321729
coreA 27 102 247 0.356698
coreA 28 99 243 0.320992
coreA 29 99 235 0.344724
coreA 30 98 229 0.331823
coreA 31 95 226 0.496077
coreB 1 311 25880 0.514299
coreB 2 307 18463 0.411917
coreB 3 296 6297 0.429626
coreB 4 298 4392 0.410699
coreB 5 287 3321 0.395581
coreB 6 271 2435 0.410696
coreB 7 278 1940 0.403326
coreB 8 265 1450 0.407399
coreB 9 258 1195 0.290708
coreB 10 258 961 0.395573
coreB 11 254 752 0.301199
coreB 12 249 623 0.351617
coreB 13 237 506 0.306861
coreB 14 234 410 0.381861
coreB 15 219 336 0.359738
coreB 16 224 278 0.358806
coreB 17 201 224 0.365691
coreB 18 195 195 0.330205
coreB 19 197 170 0.314445
coreB 20 189 143 0.314179
coreB 21 178 124 0.319405
coreB 22 167 101 0.314465
coreB 23 161 90 0.3947
coreB 24 158 77 0.301096
coreB 25 153 65 0.307876
coreB 26 131 60 0.492366
coreB 27 129 51 0.492465
coreB 28 127 46 0.478001
coreB 29 116 41 0.303632
coreB 30 113 38 0.289579
coreB 31 103 35 0.305484
total 1.06757
coreA 1 167 803 0.104961
coreA 2 152 669 0.36763
coreA 3 142 599 0.378493
coreA 4 137 540 0.359805
coreA 5 129 494 0.407023
coreA 6 127 462 0.361726
coreA 7 123 432 0.344158
coreA 8 121 411 0.34748
coreA 9 118 399 0.516706
coreA 10 120 381 0.386819
coreA 11 114 372 0.362027
coreA 12 115 361 0.348933
coreA 13 112 345 0.386278
coreA 14 111 336 0.338414
coreA 15 112 330 0.348876
coreA 16 111 320 0.3488
coreA 17 112 310 0.350697
coreA 18 106 304 0.382203
coreA 19 107 294 0.349278
coreA 20 107 287 0.327663
coreA 21 102 280 0.37225
coreA 22 103 272 0.368391
coreA 23 103 268 0.372973
coreA 24 103 266 0.377159
coreA 25 101 257 0.382399
coreA 26 101 252 0.388499
coreA 27 102 247 0.334821
coreA 28 99 243 0.324087
coreA 29 99 235 0.345273
coreA 30 98 229 0.319386
coreA 31 95 226 0.337868
coreB 1 311 25880 0.523364
coreB 2 307 18463 0.377517
coreB 3 296 6297 0.413561
coreB 4 298 4392 0.418698
coreB 5 287 3321 0.380034
coreB 6 271 2435 0.372718
coreB 7 278 1940 0.363602
coreB 8 265 1450 0.384583
coreB 9 258 1195 0.344565
coreB 10 258 961 0.322504
coreB 11 254 752 0.323947
coreB 12 249 623 0.413536
coreB 13 237 506 0.367913
coreB 14 234 410 0.367882
coreB 15 219 336 0.432998
coreB 16 224 278 0.385187
coreB 17 201 224 0.35897
coreB 18 195 195 0.336395
coreB 19 197 170 0.301796
coreB 20 189 143 0.523009
coreB 21 178 124 0.303619
coreB 22 167 101 0.413872
coreB 23 161 90 0.288136
coreB 24 158 77 0.321617
coreB 25 153 65 0.304201
coreB 26 131 60 0.349892
coreB 27 129 51 0.515272
coreB 28 127 46 0.310651
coreB 29 116 41 0.300647
coreB 30 113 38 0.288999
coreB 31 103 35 0.283469
total 1.10653
coreA 1 167 803 0.114351
coreA 2 152 669 0.369862
coreA 3 142 599 0.365414
coreA 4 137 540 0.345085
coreA 5 129 494 0.342746
coreA 6 127 462 0.345135
coreA 7 123 432 0.347248
coreA 8 121 411 0.344907
coreA 9 118 399 0.345909
coreA 10 120 381 0.339024
coreA 11 114 372 0.333192
coreA 12 115 361 0.333722
coreA 13 112 345 0.330133
coreA 14 111 336 0.3451
coreA 15 112 330 0.337543
coreA 16 111 320 0.343562
coreA 17 112 310 0.330266
coreA 18 106 304 0.328448
coreA 19 107 294 0.345326
coreA 20 107 287 0.336552
coreA 21 102 280 0.343166
coreA 22 103 272 0.34547
coreA 23 103 268 0.322542
coreA 24 103 266 0.335183
coreA 25 101 257 0.335173
coreA 26 101 252 0.340451
coreA 27 102 247 0.342187
coreA 28 99 243 0.342882
coreA 29 99 235 0.3442
coreA 30 98 229 0.344181
coreA 31 95 226 0.343019
coreB 1 311 25880 0.510539
coreB 2 307 18463 0.424907
coreB 3 296 6297 0.442087
coreB 4 298 4392 0.389973
coreB 5 287 3321 0.41061
coreB 6 271 2435 0.484779
coreB 7 278 1940 0.340729
coreB 8 265 1450 0.352569
coreB 9 258 1195 0.358253
coreB 10 258 961 0.360342
coreB 11 254 752 0.390249
coreB 12 249 623 0.369645
coreB 13 237 506 0.34612
coreB 14 234 410 0.328902
coreB 15 219 336 0.35052
coreB 16 224 278 0.477415
coreB 17 201 224 0.376489
coreB 18 195 195 0.345888
coreB 19 197 170 0.324205
coreB 20 189 143 0.320005
coreB 21 178 124 0.300723
coreB 22 167 101 0.335132
coreB 23 161 90 0.30156
coreB 24 158 77 0.354156
coreB 25 153 65 0.291221
coreB 26 131 60 0.278803
coreB 27 129 51 0.297115
coreB 28 127 46 0.294471
coreB 29 116 41 0.287445
coreB 30 113 38 0.276108
coreB 31 103 35 0.28258
total 1.05558
